4 0.265767 0.429167 0.239063 0.362500 0.237500 0.387500 0.243750 0.387500 0.243750 0.400000 0.239063 0.400000 0.232813 0.447917 0.240625 0.447917 0.239063 0.460417 0.228125 0.462500 0.231250 0.481250 0.271875 0.491667 0.270313 0.466667 0.284375 0.456250 0.282813 0.454167 0.298438 0.462500 0.317188 0.450000 0.321875 0.429167 0.309375 0.406250 0.287500 0.412500 0.282813 0.400000 0.271875 0.406250 0.273438 0.368750
5 0.792578 0.479167 0.790625 0.454167 0.798438 0.456250 0.796875 0.506250 0.784375 0.500000
6 0.085156 0.438542 0.096875 0.393750 0.081250 0.391667 0.075000 0.481250 0.087500 0.487500
1 0.225586 0.256250 0.225000 0.237500 0.215625 0.243750 0.210938 0.254167 0.215625 0.272917 0.225000 0.275000 0.237500 0.268750 0.240625 0.254167 0.234375 0.243750
1 0.210045 0.364583 0.212500 0.343750 0.196875 0.354167 0.193750 0.368750 0.203125 0.381250 0.215625 0.381250 0.225000 0.368750 0.223438 0.354167
1 0.523438 0.234375 0.523438 0.216667 0.512500 0.218750 0.509375 0.231250 0.512500 0.247917 0.523438 0.254167 0.534375 0.250000 0.537500 0.237500 0.534375 0.218750
1 0.109598 0.714583 0.109375 0.693750 0.096875 0.704167 0.092188 0.722917 0.104688 0.731250 0.117188 0.731250 0.123438 0.718750 0.123438 0.700000
1 0.149023 0.723958 0.148438 0.704167 0.134375 0.710417 0.131250 0.729167 0.140625 0.743750 0.153125 0.743750 0.162500 0.735417 0.165625 0.718750 0.156250 0.706250
1 0.064648 0.773438 0.068750 0.750000 0.054688 0.760417 0.048438 0.772917 0.050000 0.787500 0.059375 0.793750 0.076563 0.791667 0.081250 0.775000 0.078125 0.756250
0 0.286328 0.695052 0.285938 0.668750 0.273438 0.681250 0.268750 0.697917 0.273438 0.712500 0.287500 0.718750 0.298438 0.710417 0.306250 0.691667 0.296875 0.679167
1 0.736607 0.636012 0.735938 0.612500 0.721875 0.625000 0.720313 0.643750 0.731250 0.656250 0.746875 0.650000 0.753125 0.641667 0.746875 0.622917
1 0.737500 0.732552 0.735938 0.710417 0.718750 0.722917 0.721875 0.743750 0.731250 0.754167 0.745313 0.750000 0.751563 0.741667 0.751563 0.725000 0.743750 0.712500
2 0.724844 0.193125 0.729688 0.156250 0.714063 0.166667 0.704688 0.181250 0.700000 0.206250 0.710938 0.218750 0.721875 0.225000 0.735938 0.218750 0.743750 0.206250 0.746875 0.185417 0.740625 0.166667
3 0.448568 0.417882 0.446875 0.356250 0.437500 0.400000 0.400000 0.387500 0.396875 0.422917 0.434375 0.431250 0.423438 0.472917 0.450000 0.485417 0.457813 0.435417 0.496875 0.443750 0.503125 0.416667 0.462500 0.400000 0.473438 0.362500
7 0.442188 0.467187 0.120313 0.112500 0.057813 0.781250 0.784375 0.837500 0.806250 0.137500
