1 0.124375 0.501250 0.125000 0.491667 0.112500 0.493750 0.117188 0.510417 0.129688 0.510417 0.137500 0.500000
1 0.237240 0.622222 0.240625 0.610417 0.231250 0.612500 0.225000 0.625000 0.234375 0.635417 0.243750 0.631250 0.248438 0.618750
1 0.243750 0.760417 0.246875 0.750000 0.237500 0.750000 0.234375 0.762500 0.239063 0.775000 0.250000 0.768750 0.254688 0.756250
1 0.127865 0.833681 0.134375 0.822917 0.121875 0.825000 0.118750 0.837500 0.121875 0.843750 0.131250 0.841667 0.139063 0.831250
1 0.425521 0.442014 0.425000 0.431250 0.415625 0.437500 0.415625 0.450000 0.428125 0.454167 0.434375 0.443750 0.434375 0.435417
1 0.846562 0.666667 0.850000 0.656250 0.840625 0.656250 0.839063 0.668750 0.846875 0.679167 0.856250 0.672917
1 0.839063 0.755417 0.839063 0.743750 0.831250 0.747917 0.829688 0.760417 0.840625 0.768750 0.854688 0.756250
1 0.310625 0.136250 0.306250 0.122917 0.301563 0.135417 0.309375 0.150000 0.317188 0.143750 0.318750 0.129167
0 0.831875 0.583333 0.831250 0.568750 0.823438 0.579167 0.825000 0.593750 0.834375 0.593750 0.845313 0.581250
3 0.495759 0.480506 0.481250 0.418750 0.496875 0.418750 0.503125 0.466667 0.531250 0.460417 0.540625 0.462500 0.540625 0.481250 0.503125 0.487500 0.509375 0.531250 0.493750 0.537500 0.484375 0.531250 0.481250 0.493750 0.446875 0.493750 0.446875 0.475000 0.481250 0.468750
4 0.729167 0.492361 0.715625 0.437500 0.706250 0.462500 0.710938 0.556250 0.740625 0.560417 0.751563 0.500000 0.750000 0.437500
5 0.851172 0.470313 0.845313 0.447917 0.856250 0.447917 0.856250 0.493750 0.846875 0.491667
6 0.107031 0.483854 0.112500 0.437500 0.103125 0.435417 0.100000 0.531250 0.112500 0.531250
7 0.480859 0.484896 0.120313 0.131250 0.106250 0.850000 0.856250 0.835417 0.840625 0.122917
