3 0.437500 0.503819 0.437500 0.443750 0.431250 0.487500 0.393750 0.475000 0.387500 0.506250 0.425000 0.516667 0.418750 0.556250 0.434375 0.566667 0.443750 0.518750 0.481250 0.531250 0.487500 0.506250 0.450000 0.493750 0.459375 0.443750
4 0.482143 0.306964 0.537500 0.275000 0.518750 0.268750 0.515625 0.281250 0.512500 0.279167 0.509375 0.268750 0.470313 0.254167 0.470313 0.247917 0.450000 0.243750 0.440625 0.275000 0.446875 0.285417 0.443750 0.287500 0.462500 0.293750 0.460938 0.300000 0.462500 0.306250 0.446875 0.304167 0.437500 0.318750 0.434375 0.335417 0.446875 0.335417 0.446875 0.318750 0.450000 0.312500 0.460938 0.312500 0.465625 0.322917 0.475000 0.322917 0.481250 0.322917 0.484375 0.331250 0.496875 0.331250 0.500000 0.325000 0.509375 0.331250 0.512500 0.337500 0.509375 0.354167 0.521875 0.356250 0.526563 0.343750 0.518750 0.322917 0.515625 0.318750 0.532813 0.318750
6 0.085156 0.440625 0.096875 0.391667 0.084375 0.393750 0.071875 0.485417 0.087500 0.491667
7 0.439063 0.469271 0.118750 0.112500 0.059375 0.785417 0.778125 0.837500 0.800000 0.141667
5 0.792969 0.477604 0.787500 0.454167 0.800000 0.450000 0.800000 0.506250 0.784375 0.500000
1 0.766518 0.457738 0.762500 0.437500 0.756250 0.447917 0.753125 0.468750 0.762500 0.475000 0.775000 0.475000 0.781250 0.456250 0.775000 0.443750
1 0.772070 0.639062 0.771875 0.618750 0.760938 0.625000 0.756250 0.641667 0.762500 0.654167 0.775000 0.660417 0.782813 0.650000 0.784375 0.637500 0.782813 0.625000
1 0.774554 0.703274 0.760938 0.700000 0.762500 0.716667 0.776563 0.725000 0.784375 0.718750 0.787500 0.700000 0.781250 0.681250 0.768750 0.681250
1 0.757366 0.698810 0.756250 0.675000 0.742188 0.687500 0.743750 0.706250 0.756250 0.718750 0.765625 0.712500 0.768750 0.704167 0.768750 0.687500
1 0.756055 0.745052 0.756250 0.725000 0.742188 0.731250 0.742188 0.743750 0.743750 0.760417 0.756250 0.768750 0.768750 0.762500 0.773438 0.743750 0.765625 0.725000
1 0.719922 0.787760 0.721875 0.766667 0.706250 0.775000 0.706250 0.787500 0.706250 0.806250 0.720313 0.806250 0.731250 0.804167 0.737500 0.787500 0.729688 0.768750
0 0.766741 0.734821 0.750000 0.722917 0.751563 0.743750 0.762500 0.750000 0.778125 0.754167 0.784375 0.737500 0.778125 0.718750 0.762500 0.716667
1 0.640039 0.549479 0.640625 0.531250 0.631250 0.537500 0.628125 0.547917 0.628125 0.562500 0.637500 0.566667 0.650000 0.562500 0.653125 0.550000 0.651563 0.537500
2 0.339205 0.630303 0.343750 0.600000 0.328125 0.600000 0.318750 0.618750 0.318750 0.631250 0.318750 0.654167 0.331250 0.662500 0.343750 0.660417 0.353125 0.650000 0.359375 0.637500 0.362500 0.618750 0.353125 0.600000
1 0.205078 0.347135 0.203125 0.331250 0.193750 0.335417 0.192188 0.347917 0.196875 0.360417 0.207813 0.366667 0.215625 0.356250 0.218750 0.343750 0.212500 0.335417
