0 0.168359 0.030208 0.165625 0.016667 0.159375 0.031250 0.171875 0.043750 0.176563 0.029167
1 0.446250 0.058750 0.442188 0.041667 0.434375 0.060417 0.446875 0.075000 0.454688 0.062500 0.453125 0.054167
1 0.842187 0.552083 0.843750 0.537500 0.831250 0.550000 0.840625 0.566667 0.853125 0.554167
1 0.508984 0.160417 0.510938 0.150000 0.503125 0.156250 0.503125 0.172917 0.518750 0.162500
1 0.726875 0.265833 0.725000 0.250000 0.715625 0.262500 0.721875 0.279167 0.734375 0.275000 0.737500 0.262500
1 0.353516 0.480729 0.353125 0.468750 0.346875 0.479167 0.353125 0.493750 0.360938 0.481250
1 0.338281 0.569792 0.337500 0.560417 0.329688 0.568750 0.337500 0.581250 0.348438 0.568750
1 0.509766 0.533854 0.515625 0.525000 0.503125 0.525000 0.503125 0.543750 0.517188 0.541667
1 0.639062 0.697083 0.640625 0.681250 0.631250 0.693750 0.631250 0.706250 0.643750 0.710417 0.648438 0.693750
2 0.777734 0.491146 0.756250 0.475000 0.756250 0.491667 0.765625 0.510417 0.782813 0.518750 0.796875 0.510417 0.803125 0.487500 0.792188 0.472917 0.768750 0.462500
3 0.523047 0.460417 0.517188 0.393750 0.512500 0.443750 0.475000 0.437500 0.468750 0.472917 0.503125 0.472917 0.501563 0.518750 0.528125 0.525000 0.532813 0.479167 0.573438 0.487500 0.581250 0.450000 0.534375 0.450000 0.548438 0.393750
4 0.341941 0.529825 0.275000 0.522917 0.298438 0.547917 0.304688 0.543750 0.331250 0.556250 0.340625 0.556250 0.350000 0.566667 0.350000 0.572917 0.343750 0.581250 0.360938 0.593750 0.384375 0.554167 0.367188 0.547917 0.378125 0.531250 0.362500 0.516667 0.375000 0.493750 0.371875 0.462500 0.348438 0.456250 0.334375 0.475000 0.321875 0.500000 0.298438 0.487500
5 0.888672 0.455729 0.881250 0.425000 0.901563 0.425000 0.893750 0.487500 0.878125 0.485417
6 0.134375 0.376563 0.146875 0.329167 0.129688 0.322917 0.121875 0.425000 0.139063 0.429167
7 0.517188 0.411979 0.165625 0.016667 0.118750 0.731250 0.859375 0.825000 0.925000 0.075000
