0 0.167187 0.029167 0.165625 0.012500 0.153125 0.031250 0.170313 0.043750 0.179688 0.029167
1 0.183125 0.177083 0.184375 0.162500 0.175000 0.168750 0.175000 0.185417 0.187500 0.193750 0.193750 0.175000
1 0.146562 0.266250 0.145313 0.254167 0.134375 0.266667 0.140625 0.281250 0.156250 0.275000 0.156250 0.254167
2 0.155134 0.211607 0.129688 0.204167 0.134375 0.222917 0.153125 0.231250 0.171875 0.231250 0.176563 0.212500 0.170313 0.193750 0.150000 0.185417
1 0.350391 0.483854 0.350000 0.468750 0.340625 0.485417 0.350000 0.493750 0.360938 0.487500
1 0.338281 0.569792 0.331250 0.562500 0.335938 0.579167 0.345313 0.575000 0.340625 0.562500
1 0.512500 0.534375 0.512500 0.518750 0.503125 0.531250 0.510938 0.550000 0.523438 0.537500
3 0.523958 0.461979 0.517188 0.393750 0.517188 0.447917 0.478125 0.441667 0.475000 0.475000 0.509375 0.475000 0.503125 0.516667 0.534375 0.518750 0.532813 0.481250 0.568750 0.487500 0.573438 0.456250 0.534375 0.450000 0.543750 0.400000
4 0.337747 0.524671 0.275000 0.531250 0.293750 0.543750 0.303125 0.541667 0.318750 0.562500 0.331250 0.547917 0.353125 0.556250 0.346875 0.581250 0.353125 0.591667 0.384375 0.562500 0.371875 0.547917 0.365625 0.531250 0.360938 0.516667 0.376563 0.493750 0.371875 0.462500 0.348438 0.456250 0.332813 0.468750 0.325000 0.485417 0.317188 0.500000 0.287500 0.487500
1 0.255469 0.590104 0.256250 0.575000 0.243750 0.585417 0.253125 0.606250 0.268750 0.593750
1 0.443359 0.590104 0.434375 0.581250 0.434375 0.600000 0.454688 0.600000 0.450000 0.579167
5 0.876953 0.449479 0.870313 0.418750 0.887500 0.418750 0.884375 0.479167 0.865625 0.481250
6 0.126953 0.376563 0.134375 0.331250 0.118750 0.322917 0.115625 0.431250 0.131250 0.431250 0.131250 0.385417 0.128125 0.379167 0.125000 0.368750 0.131250 0.362500
7 0.503516 0.411458 0.143750 0.018750 0.109375 0.735417 0.853125 0.818750 0.907813 0.072917
