0 0.363616 0.229464 0.359375 0.212500 0.353125 0.225000 0.353125 0.237500 0.364063 0.250000 0.371875 0.241667 0.375000 0.222917 0.368750 0.216667
1 0.266071 0.696726 0.262500 0.681250 0.256250 0.687500 0.256250 0.704167 0.262500 0.716667 0.275000 0.712500 0.278125 0.693750 0.271875 0.681250
1 0.445759 0.889881 0.453125 0.875000 0.442188 0.875000 0.434375 0.881250 0.434375 0.897917 0.443750 0.906250 0.453125 0.906250 0.459375 0.887500
1 0.643527 0.902976 0.637500 0.887500 0.631250 0.897917 0.634375 0.912500 0.643750 0.918750 0.653125 0.916667 0.653125 0.900000 0.651563 0.887500
1 0.887240 0.907639 0.881250 0.893750 0.876563 0.900000 0.878125 0.912500 0.887500 0.922917 0.900000 0.918750 0.900000 0.897917
1 0.937946 0.913393 0.939063 0.900000 0.928125 0.900000 0.925000 0.912500 0.931250 0.925000 0.943750 0.931250 0.950000 0.918750 0.948438 0.906250
1 0.940885 0.827083 0.929688 0.825000 0.931250 0.837500 0.948438 0.843750 0.953125 0.825000 0.948438 0.818750 0.934375 0.812500
1 0.856920 0.235417 0.859375 0.222917 0.850000 0.222917 0.843750 0.231250 0.846875 0.250000 0.860938 0.250000 0.868750 0.241667 0.868750 0.229167
1 0.718304 0.135417 0.721875 0.150000 0.729688 0.137500 0.729688 0.125000 0.718750 0.118750 0.709375 0.125000 0.706250 0.137500 0.712500 0.154167
2 0.525312 0.436667 0.550000 0.425000 0.540625 0.412500 0.521875 0.412500 0.506250 0.416667 0.501563 0.425000 0.496875 0.443750 0.510938 0.460417 0.532813 0.466667 0.543750 0.456250 0.548438 0.447917
3 0.488021 0.480382 0.496875 0.406250 0.481250 0.406250 0.478125 0.462500 0.431250 0.466667 0.431250 0.493750 0.478125 0.497917 0.478125 0.554167 0.496875 0.554167 0.500000 0.493750 0.543750 0.493750 0.543750 0.468750 0.496875 0.466667
4 0.899260 0.078180 0.831250 0.116667 0.853125 0.118750 0.860938 0.106250 0.871875 0.110417 0.917188 0.112500 0.923438 0.129167 0.943750 0.131250 0.956250 0.110417 0.956250 0.081250 0.950000 0.075000 0.959375 0.056250 0.956250 0.029167 0.934375 0.025000 0.907813 0.018750 0.876563 0.018750 0.862500 0.035417 0.856250 0.056250 0.840625 0.066667 0.828125 0.087500
5 0.955078 0.472917 0.943750 0.437500 0.964063 0.443750 0.964063 0.506250 0.948438 0.504167
6 0.030078 0.459375 0.040625 0.400000 0.025000 0.400000 0.020313 0.518750 0.034375 0.518750
7 0.494141 0.481250 0.059375 0.035417 0.940625 0.054167 0.954688 0.929167 0.021875 0.906250
