2 0.187109 0.605208 0.168750 0.587500 0.165625 0.600000 0.170313 0.616667 0.185938 0.629167 0.203125 0.625000 0.209375 0.616667 0.207813 0.591667 0.185938 0.575000
3 0.436979 0.504340 0.434375 0.443750 0.429688 0.487500 0.392188 0.475000 0.387500 0.506250 0.421875 0.518750 0.412500 0.562500 0.437500 0.568750 0.443750 0.518750 0.484375 0.535417 0.487500 0.493750 0.450000 0.497917 0.462500 0.443750
4 0.482752 0.310016 0.543750 0.281250 0.521875 0.268750 0.512500 0.275000 0.473438 0.260417 0.453125 0.237500 0.439063 0.275000 0.450000 0.291667 0.457813 0.293750 0.450000 0.300000 0.443750 0.306250 0.434375 0.318750 0.434375 0.335417 0.443750 0.331250 0.446875 0.318750 0.456250 0.306250 0.470313 0.312500 0.481250 0.322917 0.496875 0.322917 0.506250 0.325000 0.510938 0.335417 0.506250 0.347917 0.503125 0.356250 0.525000 0.360417 0.528125 0.335417 0.518750 0.318750 0.543750 0.322917
1 0.770833 0.462847 0.773438 0.443750 0.760938 0.450000 0.759375 0.472917 0.768750 0.481250 0.778125 0.475000 0.784375 0.454167
1 0.781445 0.661198 0.781250 0.641667 0.768750 0.647917 0.767188 0.666667 0.775000 0.679167 0.782813 0.679167 0.792188 0.672917 0.793750 0.654167 0.790625 0.647917
1 0.633705 0.523214 0.631250 0.506250 0.621875 0.510417 0.620313 0.531250 0.631250 0.543750 0.642188 0.537500 0.646875 0.522917 0.642188 0.510417
1 0.490625 0.598698 0.490625 0.581250 0.481250 0.587500 0.475000 0.600000 0.481250 0.612500 0.493750 0.618750 0.503125 0.610417 0.503125 0.593750 0.496875 0.585417
1 0.325195 0.708854 0.325000 0.691667 0.314063 0.693750 0.306250 0.706250 0.315625 0.725000 0.325000 0.729167 0.337500 0.725000 0.340625 0.706250 0.337500 0.693750
1 0.717969 0.869792 0.715625 0.843750 0.703125 0.856250 0.700000 0.879167 0.712500 0.893750 0.721875 0.891667 0.731250 0.881250 0.734375 0.862500 0.725000 0.850000
1 0.455859 0.328125 0.454688 0.316667 0.443750 0.318750 0.446875 0.331250 0.450000 0.343750 0.459375 0.343750 0.462500 0.337500 0.468750 0.322917 0.460938 0.310417
0 0.466518 0.346131 0.460938 0.331250 0.454688 0.337500 0.454688 0.356250 0.465625 0.362500 0.478125 0.360417 0.478125 0.343750 0.473438 0.331250
1 0.133008 0.349740 0.134375 0.331250 0.123438 0.335417 0.117188 0.350000 0.121875 0.362500 0.131250 0.368750 0.140625 0.362500 0.150000 0.350000 0.145313 0.337500
5 0.793750 0.573438 0.787500 0.541667 0.804688 0.537500 0.798438 0.610417 0.784375 0.604167
6 0.087500 0.461979 0.100000 0.418750 0.087500 0.412500 0.073438 0.506250 0.089063 0.510417
7 0.444531 0.526042 0.139063 0.141667 0.048438 0.800000 0.762500 0.931250 0.828125 0.231250
