0 0.572500 0.407917 0.581250 0.406250 0.573438 0.393750 0.565625 0.404167 0.564063 0.416667 0.578125 0.418750
1 0.625469 0.312917 0.615625 0.310417 0.615625 0.312500 0.620313 0.322917 0.625000 0.322917 0.628125 0.322917 0.631250 0.318750 0.631250 0.312500 0.634375 0.306250 0.628125 0.300000 0.625000 0.300000
1 0.421289 0.627604 0.418750 0.635417 0.423438 0.635417 0.428125 0.635417 0.429688 0.629167 0.426563 0.618750 0.418750 0.612500 0.412500 0.622917 0.412500 0.631250
2 0.339375 0.876667 0.315625 0.875000 0.321875 0.893750 0.331250 0.900000 0.346875 0.893750 0.359375 0.891667 0.364063 0.875000 0.356250 0.862500 0.343750 0.856250 0.332813 0.856250 0.321875 0.862500
4 0.489710 0.690041 0.456250 0.754167 0.423438 0.729167 0.434375 0.710417 0.434375 0.693750 0.440625 0.675000 0.450000 0.675000 0.462500 0.656250 0.465625 0.637500 0.465625 0.629167 0.465625 0.610417 0.473438 0.606250 0.487500 0.612500 0.500000 0.618750 0.506250 0.637500 0.501563 0.647917 0.503125 0.650000 0.506250 0.660417 0.512500 0.668750 0.518750 0.672917 0.526563 0.672917 0.528125 0.681250 0.534375 0.693750 0.532813 0.700000 0.526563 0.693750 0.521875 0.681250 0.510938 0.679167 0.496875 0.681250 0.496875 0.697917 0.493750 0.706250 0.490625 0.718750 0.493750 0.725000 0.496875 0.735417 0.512500 0.731250 0.518750 0.737500 0.509375 0.750000 0.500000 0.750000 0.490625 0.743750 0.485938 0.731250 0.478125 0.737500 0.470313 0.750000 0.454688 0.747917
6 0.086719 0.500000 0.090625 0.550000 0.081250 0.550000 0.081250 0.450000 0.093750 0.450000
6 0.890625 0.503125 0.885938 0.550000 0.896875 0.554167 0.893750 0.454167 0.885938 0.454167
7 0.489063 0.509375 0.875000 0.125000 0.892188 0.893750 0.085938 0.893750 0.103125 0.125000
1 0.321406 0.418750 0.321875 0.406250 0.318750 0.406250 0.314063 0.412500 0.309375 0.416667 0.309375 0.429167 0.318750 0.437500 0.328125 0.435417 0.332813 0.425000 0.332813 0.412500 0.328125 0.406250
1 0.362358 0.723674 0.368750 0.712500 0.364063 0.710417 0.359375 0.706250 0.350000 0.712500 0.350000 0.718750 0.353125 0.729167 0.356250 0.737500 0.362500 0.741667 0.371875 0.737500 0.375000 0.731250 0.375000 0.722917
1 0.151136 0.749621 0.159375 0.737500 0.153125 0.737500 0.148438 0.735417 0.140625 0.737500 0.139063 0.747917 0.140625 0.754167 0.143750 0.762500 0.153125 0.766667 0.159375 0.762500 0.162500 0.756250 0.162500 0.747917
