0 0.166797 0.028646 0.165625 0.012500 0.156250 0.029167 0.168750 0.041667 0.176563 0.031250
1 0.180000 0.175833 0.181250 0.162500 0.171875 0.168750 0.171875 0.181250 0.181250 0.191667 0.193750 0.175000
1 0.147187 0.265000 0.146875 0.254167 0.137500 0.262500 0.140625 0.279167 0.154688 0.275000 0.156250 0.254167
1 0.352344 0.480208 0.353125 0.468750 0.343750 0.479167 0.353125 0.491667 0.359375 0.481250
1 0.338281 0.569271 0.337500 0.560417 0.331250 0.568750 0.337500 0.579167 0.346875 0.568750
1 0.256250 0.587083 0.253125 0.572917 0.243750 0.587500 0.254688 0.600000 0.267188 0.593750 0.262500 0.581250
1 0.511719 0.534896 0.512500 0.525000 0.503125 0.535417 0.512500 0.543750 0.518750 0.535417
1 0.443750 0.591667 0.446875 0.575000 0.434375 0.585417 0.434375 0.600000 0.446875 0.604167 0.456250 0.593750
1 0.237812 0.686667 0.237500 0.675000 0.228125 0.685417 0.232813 0.697917 0.246875 0.693750 0.243750 0.681250
2 0.152930 0.209375 0.131250 0.204167 0.137500 0.222917 0.146875 0.225000 0.160938 0.231250 0.171875 0.218750 0.171875 0.193750 0.159375 0.187500 0.143750 0.191667
3 0.523438 0.461111 0.518750 0.393750 0.512500 0.447917 0.478125 0.437500 0.471875 0.466667 0.509375 0.472917 0.501563 0.522917 0.528125 0.525000 0.532813 0.481250 0.571875 0.481250 0.578125 0.456250 0.534375 0.450000 0.543750 0.397917
4 0.343139 0.523822 0.278125 0.525000 0.300000 0.543750 0.304688 0.537500 0.325000 0.556250 0.335938 0.550000 0.343750 0.550000 0.350000 0.560417 0.353125 0.562500 0.345313 0.581250 0.359375 0.591667 0.384375 0.562500 0.375000 0.550000 0.375000 0.535417 0.365625 0.525000 0.356250 0.510417 0.371875 0.493750 0.379688 0.475000 0.362500 0.454167 0.346875 0.450000 0.332813 0.466667 0.331250 0.487500 0.321875 0.493750 0.293750 0.485417
5 0.876172 0.448958 0.870313 0.416667 0.887500 0.418750 0.884375 0.481250 0.862500 0.479167
6 0.126172 0.376563 0.131250 0.331250 0.120313 0.329167 0.112500 0.431250 0.129688 0.431250 0.131250 0.385417 0.125000 0.375000 0.128125 0.366667 0.131250 0.362500
7 0.504687 0.411979 0.145313 0.018750 0.112500 0.737500 0.853125 0.818750 0.907813 0.072917
