0 0.168359 0.027083 0.165625 0.016667 0.156250 0.029167 0.170313 0.037500 0.181250 0.025000
1 0.253437 0.393333 0.254688 0.381250 0.243750 0.387500 0.250000 0.406250 0.256250 0.404167 0.262500 0.387500
1 0.495312 0.278125 0.496875 0.268750 0.487500 0.275000 0.493750 0.287500 0.503125 0.281250
3 0.522526 0.461632 0.518750 0.393750 0.512500 0.447917 0.475000 0.441667 0.473438 0.462500 0.510938 0.475000 0.503125 0.516667 0.531250 0.525000 0.534375 0.481250 0.565625 0.485417 0.568750 0.460417 0.534375 0.450000 0.542188 0.400000
1 0.339062 0.566146 0.340625 0.554167 0.332813 0.562500 0.332813 0.579167 0.350000 0.568750
1 0.255469 0.590104 0.256250 0.575000 0.243750 0.591667 0.256250 0.606250 0.265625 0.587500
1 0.578906 0.475000 0.568750 0.472917 0.578125 0.491667 0.589063 0.475000 0.579688 0.460417
4 0.508714 0.245753 0.543750 0.162500 0.528125 0.172917 0.531250 0.187500 0.475000 0.206250 0.473438 0.197917 0.453125 0.206250 0.460938 0.250000 0.475000 0.254167 0.485938 0.254167 0.487500 0.254167 0.478125 0.275000 0.478125 0.293750 0.484375 0.304167 0.490625 0.312500 0.493750 0.293750 0.484375 0.275000 0.490625 0.262500 0.506250 0.254167 0.534375 0.250000 0.546875 0.250000 0.546875 0.268750 0.562500 0.268750 0.565625 0.250000 0.556250 0.237500 0.534375 0.231250 0.559375 0.216667
1 0.238672 0.685417 0.240625 0.672917 0.228125 0.681250 0.234375 0.700000 0.251563 0.687500
1 0.598437 0.719444 0.589063 0.710417 0.596875 0.731250 0.609375 0.716667
2 0.445052 0.729514 0.425000 0.718750 0.429688 0.741667 0.446875 0.747917 0.462500 0.741667 0.465625 0.716667 0.440625 0.710417
1 0.791406 0.717708 0.793750 0.700000 0.781250 0.716667 0.787500 0.735417 0.803125 0.718750
5 0.877734 0.450000 0.870313 0.418750 0.890625 0.418750 0.884375 0.481250 0.865625 0.481250
6 0.123828 0.385417 0.117188 0.341667 0.112500 0.431250 0.131250 0.431250 0.134375 0.337500
7 0.505469 0.411979 0.150000 0.018750 0.112500 0.741667 0.853125 0.818750 0.906250 0.068750
