0 0.181250 0.138802 0.175000 0.131250 0.171875 0.137500 0.175000 0.147917 0.181250 0.154167 0.190625 0.143750 0.190625 0.137500 0.185938 0.129167 0.179688 0.129167
1 0.204687 0.284583 0.206250 0.272917 0.201563 0.272917 0.196875 0.275000 0.193750 0.281250 0.196875 0.291667 0.203125 0.293750 0.209375 0.297917 0.212500 0.293750 0.215625 0.287500 0.210938 0.279167
1 0.525156 0.182917 0.518750 0.191667 0.521875 0.193750 0.526563 0.193750 0.531250 0.191667 0.534375 0.185417 0.534375 0.175000 0.528125 0.172917 0.523438 0.168750 0.517188 0.175000 0.515625 0.181250
1 0.793056 0.387037 0.784375 0.385417 0.784375 0.391667 0.787500 0.397917 0.796875 0.397917 0.800000 0.393750 0.803125 0.387500 0.800000 0.379167 0.793750 0.375000 0.787500 0.375000
1 0.637813 0.554583 0.643750 0.543750 0.642188 0.543750 0.634375 0.543750 0.628125 0.550000 0.628125 0.556250 0.631250 0.562500 0.635938 0.566667 0.643750 0.566667 0.643750 0.562500 0.646875 0.550000
1 0.582670 0.620076 0.585938 0.606250 0.581250 0.606250 0.575000 0.612500 0.573438 0.618750 0.575000 0.629167 0.578125 0.629167 0.581250 0.631250 0.587500 0.631250 0.590625 0.625000 0.590625 0.618750 0.590625 0.612500
1 0.642898 0.683712 0.646875 0.672917 0.642188 0.672917 0.637500 0.675000 0.635938 0.675000 0.634375 0.685417 0.635938 0.691667 0.637500 0.693750 0.643750 0.693750 0.651563 0.693750 0.653125 0.687500 0.653125 0.679167
1 0.567361 0.721065 0.573438 0.710417 0.565625 0.706250 0.559375 0.712500 0.559375 0.722917 0.559375 0.731250 0.565625 0.731250 0.573438 0.731250 0.575000 0.725000 0.575000 0.718750
1 0.683949 0.799432 0.681250 0.787500 0.675000 0.791667 0.675000 0.797917 0.675000 0.806250 0.679688 0.812500 0.684375 0.812500 0.690625 0.812500 0.693750 0.804167 0.693750 0.793750 0.690625 0.787500 0.684375 0.787500
2 0.727138 0.575110 0.728125 0.556250 0.721875 0.556250 0.715625 0.560417 0.710938 0.562500 0.706250 0.568750 0.706250 0.575000 0.706250 0.587500 0.712500 0.591667 0.715625 0.593750 0.721875 0.593750 0.729688 0.593750 0.737500 0.593750 0.745313 0.591667 0.746875 0.585417 0.746875 0.575000 0.746875 0.566667 0.745313 0.562500 0.737500 0.556250 0.734375 0.556250
3 0.606370 0.401282 0.595313 0.350000 0.606250 0.347917 0.612500 0.393750 0.648438 0.391667 0.651563 0.406250 0.617188 0.416667 0.620313 0.456250 0.606250 0.462500 0.600000 0.418750 0.565625 0.425000 0.565625 0.404167 0.600000 0.393750 0.593750 0.350000
4 0.713532 0.423251 0.729688 0.372917 0.746875 0.397917 0.762500 0.429167 0.767188 0.425000 0.776563 0.441667 0.753125 0.466667 0.746875 0.460417 0.743750 0.454167 0.737500 0.443750 0.731250 0.447917 0.731250 0.460417 0.731250 0.468750 0.725000 0.481250 0.715625 0.485417 0.715625 0.485417 0.715625 0.479167 0.721875 0.479167 0.725000 0.472917 0.725000 0.462500 0.725000 0.460417 0.721875 0.450000 0.720313 0.447917 0.715625 0.450000 0.712500 0.437500 0.712500 0.437500 0.714063 0.431250 0.710938 0.425000 0.706250 0.425000 0.703125 0.425000 0.700000 0.416667 0.698438 0.412500 0.693750 0.406250 0.689063 0.406250 0.687500 0.406250 0.684375 0.406250 0.675000 0.412500 0.675000 0.412500 0.675000 0.418750 0.671875 0.412500 0.675000 0.404167 0.675000 0.404167 0.684375 0.400000 0.690625 0.400000 0.700000 0.400000 0.703125 0.404167 0.706250 0.400000 0.706250 0.397917 0.709375 0.393750 0.706250 0.387500 0.706250 0.385417 0.703125 0.379167 0.700000 0.372917 0.709375 0.366667 0.721875 0.350000 0.735938 0.366667 0.731250 0.375000
5 0.825781 0.498958 0.823438 0.479167 0.831250 0.479167 0.829688 0.518750 0.818750 0.518750
6 0.139063 0.421354 0.137500 0.410417 0.143750 0.412500 0.140625 0.431250 0.134375 0.431250
7 0.482031 0.481771 0.162500 0.131250 0.831250 0.166667 0.812500 0.841667 0.121875 0.787500
