0 0.574107 0.411310 0.568750 0.404167 0.565625 0.410417 0.568750 0.418750 0.578125 0.422917 0.581250 0.412500 0.581250 0.406250 0.575000 0.404167
1 0.151339 0.750595 0.150000 0.741667 0.143750 0.741667 0.140625 0.750000 0.146875 0.760417 0.156250 0.762500 0.160938 0.754167 0.160938 0.743750
1 0.615104 0.779861 0.612500 0.768750 0.606250 0.775000 0.610938 0.785417 0.618750 0.793750 0.621875 0.781250 0.620313 0.775000
1 0.770508 0.554167 0.767188 0.543750 0.762500 0.547917 0.762500 0.556250 0.768750 0.562500 0.775000 0.562500 0.778125 0.562500 0.778125 0.554167 0.771875 0.543750
1 0.667969 0.363194 0.665625 0.354167 0.662500 0.360417 0.659375 0.368750 0.671875 0.375000 0.675000 0.366667 0.673438 0.354167
1 0.625670 0.307143 0.631250 0.300000 0.625000 0.300000 0.620313 0.304167 0.618750 0.310417 0.621875 0.316667 0.631250 0.312500 0.631250 0.306250
2 0.725481 0.597756 0.704688 0.597917 0.706250 0.591667 0.715625 0.581250 0.728125 0.575000 0.737500 0.575000 0.743750 0.581250 0.746875 0.593750 0.745313 0.606250 0.735938 0.612500 0.729688 0.618750 0.720313 0.618750 0.710938 0.612500 0.706250 0.606250
3 0.511589 0.492188 0.500000 0.556250 0.503125 0.500000 0.462500 0.497917 0.462500 0.475000 0.503125 0.487500 0.506250 0.429167 0.521875 0.431250 0.521875 0.481250 0.562500 0.487500 0.562500 0.500000 0.517188 0.504167 0.515625 0.556250
4 0.623366 0.371307 0.587500 0.397917 0.568750 0.354167 0.587500 0.343750 0.595313 0.350000 0.648438 0.312500 0.642188 0.293750 0.656250 0.285417 0.678125 0.316667 0.682813 0.337500 0.653125 0.356250 0.651563 0.368750 0.648438 0.375000 0.634375 0.387500 0.628125 0.393750 0.621875 0.393750 0.612500 0.393750 0.603125 0.410417 0.610938 0.431250 0.606250 0.437500 0.600000 0.425000 0.596875 0.412500 0.600000 0.391667
6 0.087109 0.498437 0.092188 0.547917 0.081250 0.547917 0.081250 0.450000 0.093750 0.447917
6 0.890625 0.504167 0.887500 0.554167 0.896875 0.554167 0.893750 0.454167 0.884375 0.454167
7 0.489453 0.509375 0.876563 0.125000 0.893750 0.893750 0.084375 0.893750 0.103125 0.125000
