0 0.899132 0.108333 0.893750 0.118750 0.898438 0.122917 0.903125 0.118750 0.909375 0.112500 0.909375 0.100000 0.903125 0.097917 0.896875 0.093750 0.890625 0.100000 0.887500 0.110417
1 0.055804 0.082738 0.054688 0.093750 0.062500 0.093750 0.065625 0.085417 0.059375 0.075000 0.053125 0.068750 0.048438 0.075000 0.046875 0.087500
1 0.451367 0.081771 0.446875 0.093750 0.453125 0.093750 0.459375 0.087500 0.459375 0.081250 0.457813 0.072917 0.450000 0.068750 0.442188 0.075000 0.442188 0.081250
1 0.351562 0.598958 0.353125 0.606250 0.359375 0.600000 0.356250 0.593750 0.350000 0.591667 0.345313 0.597917 0.345313 0.604167
1 0.904297 0.461719 0.893750 0.468750 0.903125 0.472917 0.912500 0.475000 0.915625 0.462500 0.912500 0.454167 0.906250 0.450000 0.896875 0.454167 0.893750 0.456250
1 0.950446 0.488095 0.956250 0.497917 0.953125 0.487500 0.956250 0.479167 0.950000 0.475000 0.943750 0.485417 0.943750 0.493750 0.950000 0.497917
1 0.939688 0.744375 0.948438 0.737500 0.940625 0.731250 0.934375 0.731250 0.931250 0.735417 0.931250 0.741667 0.932813 0.747917 0.937500 0.756250 0.943750 0.756250 0.948438 0.756250 0.948438 0.750000
1 0.187500 0.812760 0.179688 0.822917 0.187500 0.825000 0.192188 0.818750 0.200000 0.812500 0.193750 0.804167 0.187500 0.800000 0.181250 0.806250 0.178125 0.812500
1 0.366741 0.912798 0.359375 0.916667 0.365625 0.925000 0.371875 0.922917 0.371875 0.912500 0.371875 0.906250 0.367188 0.900000 0.359375 0.906250
2 0.414347 0.601515 0.392188 0.587500 0.392188 0.606250 0.400000 0.618750 0.412500 0.625000 0.425000 0.631250 0.431250 0.612500 0.434375 0.600000 0.431250 0.593750 0.423438 0.585417 0.412500 0.581250 0.403125 0.575000
3 0.371875 0.568576 0.387500 0.635417 0.381250 0.575000 0.425000 0.568750 0.423438 0.543750 0.378125 0.556250 0.368750 0.491667 0.353125 0.500000 0.367188 0.560417 0.318750 0.575000 0.318750 0.593750 0.368750 0.581250 0.371875 0.641667
6 0.027734 0.490625 0.032813 0.550000 0.018750 0.543750 0.025000 0.437500 0.034375 0.431250
6 0.951953 0.497917 0.946875 0.554167 0.956250 0.554167 0.956250 0.441667 0.948438 0.441667
4 0.569513 0.521851 0.512500 0.522917 0.510938 0.510417 0.512500 0.504167 0.512500 0.493750 0.512500 0.481250 0.510938 0.468750 0.521875 0.468750 0.531250 0.468750 0.534375 0.479167 0.543750 0.479167 0.557813 0.479167 0.575000 0.475000 0.589063 0.479167 0.600000 0.479167 0.600000 0.466667 0.609375 0.456250 0.618750 0.456250 0.626563 0.456250 0.631250 0.475000 0.631250 0.491667 0.631250 0.506250 0.626563 0.516667 0.620313 0.525000 0.610938 0.535417 0.600000 0.537500 0.596875 0.541667 0.593750 0.550000 0.596875 0.562500 0.596875 0.575000 0.595313 0.587500 0.587500 0.593750 0.581250 0.600000 0.573438 0.600000 0.562500 0.600000 0.556250 0.600000 0.553125 0.593750 0.548438 0.581250 0.546875 0.566667 0.548438 0.550000 0.537500 0.537500 0.532813 0.535417 0.526563 0.529167 0.523438 0.522917
7 0.489063 0.504167 0.050000 0.056250 0.931250 0.068750 0.950000 0.947917 0.025000 0.943750
