0 0.574688 0.411250 0.568750 0.404167 0.568750 0.416667 0.575000 0.422917 0.579688 0.412500 0.581250 0.400000
1 0.327009 0.405060 0.325000 0.397917 0.321875 0.393750 0.318750 0.406250 0.325000 0.418750 0.329688 0.412500 0.334375 0.406250 0.334375 0.400000
1 0.150893 0.748810 0.145313 0.760417 0.150000 0.760417 0.156250 0.756250 0.159375 0.743750 0.156250 0.735417 0.148438 0.737500 0.140625 0.747917
1 0.420089 0.623512 0.421875 0.635417 0.426563 0.631250 0.428125 0.618750 0.423438 0.616667 0.415625 0.612500 0.412500 0.618750 0.412500 0.631250
1 0.400000 0.734722 0.398438 0.722917 0.392188 0.731250 0.392188 0.743750 0.400000 0.747917 0.409375 0.737500 0.407813 0.725000
1 0.622768 0.305952 0.618750 0.316667 0.621875 0.310417 0.628125 0.306250 0.631250 0.300000 0.621875 0.297917 0.620313 0.300000 0.617188 0.310417
2 0.339062 0.875758 0.321875 0.900000 0.337500 0.900000 0.350000 0.887500 0.360938 0.885417 0.362500 0.868750 0.356250 0.862500 0.348438 0.856250 0.337500 0.854167 0.321875 0.856250 0.314063 0.868750 0.318750 0.893750
3 0.204087 0.810577 0.185938 0.872917 0.201563 0.875000 0.212500 0.818750 0.256250 0.822917 0.256250 0.806250 0.215625 0.791667 0.225000 0.737500 0.206250 0.731250 0.196875 0.797917 0.160938 0.785417 0.154688 0.812500 0.193750 0.816667 0.187500 0.868750
4 0.636882 0.353682 0.573438 0.362500 0.587500 0.391667 0.603125 0.381250 0.612500 0.385417 0.612500 0.400000 0.609375 0.406250 0.606250 0.416667 0.610938 0.422917 0.618750 0.429167 0.621875 0.429167 0.617188 0.418750 0.617188 0.412500 0.621875 0.393750 0.634375 0.385417 0.637500 0.379167 0.653125 0.366667 0.665625 0.356250 0.668750 0.347917 0.679688 0.356250 0.684375 0.362500 0.689063 0.362500 0.690625 0.354167 0.687500 0.347917 0.679688 0.337500 0.673438 0.331250 0.681250 0.325000 0.679688 0.318750 0.671875 0.306250 0.667188 0.293750 0.659375 0.281250 0.650000 0.279167 0.643750 0.281250 0.642188 0.291667 0.637500 0.300000 0.643750 0.312500 0.637500 0.316667 0.628125 0.322917 0.618750 0.325000 0.609375 0.331250 0.603125 0.337500 0.595313 0.350000 0.589063 0.343750 0.571875 0.354167
6 0.087891 0.500000 0.092188 0.550000 0.081250 0.550000 0.084375 0.450000 0.093750 0.450000
6 0.890234 0.504167 0.887500 0.554167 0.893750 0.554167 0.893750 0.454167 0.885938 0.454167
7 0.489453 0.509896 0.876563 0.129167 0.892188 0.893750 0.085938 0.893750 0.103125 0.122917
