1 0.128438 0.185833 0.128125 0.172917 0.118750 0.181250 0.121875 0.193750 0.134375 0.200000 0.139063 0.181250
1 0.154375 0.184167 0.153125 0.172917 0.145313 0.181250 0.150000 0.193750 0.160938 0.193750 0.162500 0.179167
4 0.361830 0.398289 0.356250 0.312500 0.350000 0.331250 0.350000 0.341667 0.318750 0.387500 0.312500 0.385417 0.300000 0.406250 0.332813 0.437500 0.340625 0.425000 0.343750 0.435417 0.343750 0.450000 0.350000 0.460417 0.356250 0.462500 0.364063 0.456250 0.356250 0.447917 0.353125 0.437500 0.356250 0.429167 0.368750 0.425000 0.368750 0.406250 0.379688 0.410417 0.384375 0.393750 0.381250 0.381250 0.387500 0.372917 0.393750 0.368750 0.400000 0.375000 0.406250 0.368750 0.395313 0.354167 0.387500 0.354167 0.393750 0.335417
3 0.437760 0.504340 0.434375 0.443750 0.428125 0.485417 0.398438 0.475000 0.387500 0.504167 0.423438 0.510417 0.412500 0.560417 0.442188 0.568750 0.446875 0.525000 0.478125 0.537500 0.487500 0.504167 0.453125 0.493750 0.460938 0.443750
2 0.297098 0.621726 0.298438 0.587500 0.282813 0.604167 0.278125 0.631250 0.290625 0.650000 0.304688 0.650000 0.315625 0.629167 0.309375 0.600000
6 0.792578 0.476042 0.787500 0.456250 0.800000 0.450000 0.800000 0.497917 0.782813 0.500000
6 0.082422 0.439583 0.092188 0.393750 0.081250 0.391667 0.068750 0.485417 0.087500 0.487500
7 0.441016 0.467708 0.115625 0.116667 0.059375 0.781250 0.782813 0.837500 0.806250 0.135417
1 0.507366 0.229464 0.509375 0.212500 0.496875 0.218750 0.493750 0.231250 0.501563 0.243750 0.512500 0.243750 0.518750 0.237500 0.518750 0.218750
1 0.211328 0.365104 0.210938 0.347917 0.201563 0.354167 0.196875 0.366667 0.203125 0.379167 0.212500 0.381250 0.221875 0.375000 0.225000 0.366667 0.218750 0.350000
1 0.780357 0.608333 0.778125 0.591667 0.767188 0.600000 0.768750 0.618750 0.781250 0.625000 0.787500 0.625000 0.792188 0.606250 0.787500 0.591667
1 0.739062 0.720573 0.737500 0.700000 0.728125 0.706250 0.725000 0.722917 0.728125 0.737500 0.740625 0.741667 0.750000 0.731250 0.756250 0.718750 0.746875 0.706250
1 0.214286 0.754464 0.215625 0.735417 0.203125 0.741667 0.200000 0.756250 0.206250 0.772917 0.221875 0.772917 0.228125 0.760417 0.225000 0.741667
1 0.109375 0.761905 0.109375 0.743750 0.096875 0.750000 0.093750 0.768750 0.100000 0.781250 0.118750 0.775000 0.125000 0.766667 0.121875 0.747917
0 0.137723 0.137798 0.137500 0.125000 0.128125 0.129167 0.125000 0.137500 0.129688 0.150000 0.143750 0.154167 0.153125 0.143750 0.146875 0.125000
