0 0.211830 0.705357 0.210938 0.693750 0.218750 0.693750 0.221875 0.706250 0.217188 0.718750 0.207813 0.718750 0.203125 0.706250 0.203125 0.700000
1 0.214062 0.739583 0.215625 0.729167 0.223438 0.735417 0.221875 0.743750 0.217188 0.750000 0.209375 0.750000 0.203125 0.737500 0.207813 0.731250
1 0.383398 0.626823 0.387500 0.618750 0.392188 0.625000 0.392188 0.635417 0.384375 0.637500 0.378125 0.637500 0.375000 0.629167 0.376563 0.618750 0.381250 0.612500
1 0.320000 0.194583 0.309375 0.193750 0.314063 0.187500 0.321875 0.187500 0.329688 0.197917 0.325000 0.206250
1 0.493750 0.151488 0.493750 0.141667 0.501563 0.143750 0.503125 0.156250 0.496875 0.162500 0.487500 0.162500 0.484375 0.150000 0.489063 0.143750
1 0.708036 0.352976 0.706250 0.343750 0.714063 0.343750 0.715625 0.354167 0.715625 0.362500 0.704688 0.362500 0.700000 0.356250 0.700000 0.347917
1 0.771615 0.176042 0.768750 0.166667 0.776563 0.168750 0.778125 0.175000 0.775000 0.185417 0.768750 0.185417 0.762500 0.175000
1 0.773177 0.129861 0.775000 0.118750 0.781250 0.125000 0.778125 0.137500 0.771875 0.137500 0.765625 0.135417 0.767188 0.125000
1 0.801302 0.130903 0.798438 0.122917 0.804688 0.122917 0.807813 0.129167 0.804688 0.137500 0.798438 0.141667 0.793750 0.131250
2 0.631424 0.501157 0.625000 0.475000 0.635938 0.475000 0.642188 0.485417 0.646875 0.504167 0.643750 0.516667 0.634375 0.525000 0.621875 0.525000 0.615625 0.510417 0.617188 0.493750
3 0.505729 0.359549 0.501563 0.304167 0.512500 0.304167 0.512500 0.350000 0.548438 0.350000 0.550000 0.372917 0.512500 0.368750 0.512500 0.416667 0.496875 0.416667 0.496875 0.368750 0.462500 0.366667 0.462500 0.347917 0.500000 0.347917
4 0.313147 0.242170 0.303125 0.193750 0.301563 0.193750 0.300000 0.187500 0.284375 0.179167 0.271875 0.204167 0.270313 0.222917 0.287500 0.231250 0.287500 0.243750 0.278125 0.243750 0.270313 0.254167 0.275000 0.279167 0.282813 0.279167 0.281250 0.260417 0.293750 0.250000 0.309375 0.254167 0.325000 0.262500 0.334375 0.281250 0.329688 0.293750 0.329688 0.300000 0.345313 0.291667 0.343750 0.268750 0.334375 0.254167 0.335938 0.243750 0.356250 0.254167 0.364063 0.237500 0.364063 0.216667 0.350000 0.212500 0.340625 0.218750 0.331250 0.210417
6 0.154297 0.411458 0.153125 0.368750 0.159375 0.372917 0.156250 0.454167 0.148438 0.450000
5 0.841016 0.455208 0.837500 0.431250 0.845313 0.431250 0.843750 0.479167 0.837500 0.479167
7 0.497266 0.441667 0.840625 0.129167 0.831250 0.800000 0.140625 0.743750 0.176563 0.093750
