0 0.175000 0.027083 0.165625 0.012500 0.165625 0.037500 0.184375 0.035417 0.184375 0.022917
1 0.467578 0.065625 0.465625 0.050000 0.460938 0.062500 0.465625 0.081250 0.478125 0.068750
1 0.847500 0.565417 0.846875 0.550000 0.834375 0.562500 0.845313 0.579167 0.856250 0.572917 0.854688 0.562500
1 0.525391 0.151042 0.526563 0.137500 0.517188 0.150000 0.523438 0.162500 0.534375 0.154167
1 0.357031 0.483333 0.359375 0.475000 0.350000 0.481250 0.356250 0.491667 0.362500 0.485417
1 0.341797 0.568229 0.334375 0.562500 0.345313 0.554167 0.350000 0.575000 0.337500 0.581250
1 0.515313 0.534167 0.515625 0.518750 0.503125 0.531250 0.512500 0.547917 0.523438 0.541667 0.521875 0.531250
1 0.734687 0.272917 0.734375 0.260417 0.728125 0.268750 0.729688 0.285417 0.737500 0.281250 0.743750 0.268750
1 0.721875 0.687500 0.721875 0.675000 0.712500 0.687500 0.721875 0.700000 0.731250 0.687500
2 0.777148 0.492708 0.759375 0.481250 0.762500 0.500000 0.778125 0.518750 0.793750 0.516667 0.796875 0.493750 0.787500 0.481250 0.771875 0.475000 0.767188 0.475000
3 0.526693 0.465104 0.518750 0.400000 0.517188 0.447917 0.478125 0.443750 0.478125 0.468750 0.512500 0.479167 0.506250 0.516667 0.531250 0.525000 0.537500 0.487500 0.575000 0.493750 0.575000 0.460417 0.542188 0.454167 0.548438 0.404167
4 0.341372 0.523098 0.278125 0.525000 0.293750 0.541667 0.306250 0.537500 0.328125 0.556250 0.337500 0.543750 0.353125 0.554167 0.356250 0.562500 0.353125 0.575000 0.360938 0.587500 0.378125 0.575000 0.392188 0.550000 0.381250 0.541667 0.368750 0.531250 0.365625 0.518750 0.378125 0.493750 0.376563 0.466667 0.356250 0.454167 0.337500 0.462500 0.334375 0.481250 0.325000 0.493750 0.309375 0.481250 0.293750 0.491667 0.287500 0.506250
5 0.873437 0.411979 0.865625 0.381250 0.884375 0.381250 0.881250 0.443750 0.862500 0.441667
6 0.117969 0.372917 0.125000 0.325000 0.112500 0.318750 0.109375 0.422917 0.125000 0.425000
7 0.498828 0.390625 0.125000 0.012500 0.120313 0.737500 0.862500 0.787500 0.887500 0.025000
