0 0.642708 0.579514 0.634375 0.568750 0.634375 0.581250 0.640625 0.587500 0.648438 0.591667 0.651563 0.579167 0.646875 0.568750
1 0.615234 0.779687 0.625000 0.781250 0.621875 0.775000 0.618750 0.768750 0.609375 0.772917 0.604688 0.779167 0.609375 0.781250 0.612500 0.791667 0.620313 0.787500
1 0.553125 0.528125 0.554688 0.516667 0.548438 0.518750 0.546875 0.529167 0.550000 0.541667 0.559375 0.537500 0.559375 0.525000
1 0.152604 0.749306 0.153125 0.737500 0.148438 0.741667 0.143750 0.750000 0.150000 0.762500 0.159375 0.756250 0.160938 0.747917
1 0.487500 0.532292 0.493750 0.529167 0.487500 0.518750 0.481250 0.529167 0.481250 0.535417 0.487500 0.543750 0.493750 0.537500
1 0.159115 0.138194 0.168750 0.141667 0.165625 0.131250 0.159375 0.131250 0.150000 0.131250 0.150000 0.143750 0.160938 0.150000
2 0.485781 0.453750 0.465625 0.447917 0.470313 0.460417 0.475000 0.468750 0.490625 0.475000 0.500000 0.475000 0.503125 0.462500 0.500000 0.450000 0.493750 0.441667 0.485938 0.425000 0.473438 0.431250
3 0.509375 0.494965 0.506250 0.431250 0.503125 0.481250 0.460938 0.481250 0.462500 0.493750 0.501563 0.500000 0.496875 0.556250 0.512500 0.562500 0.512500 0.506250 0.554688 0.510417 0.559375 0.493750 0.518750 0.487500 0.523438 0.435417
4 0.652106 0.545833 0.606250 0.531250 0.604688 0.504167 0.621875 0.500000 0.631250 0.510417 0.684375 0.506250 0.687500 0.487500 0.710938 0.485417 0.712500 0.531250 0.712500 0.550000 0.712500 0.568750 0.700000 0.579167 0.698438 0.566667 0.681250 0.556250 0.659375 0.562500 0.637500 0.562500 0.628125 0.562500 0.620313 0.566667 0.617188 0.581250 0.612500 0.587500 0.609375 0.581250 0.610938 0.568750 0.617188 0.556250 0.621875 0.547917
6 0.087891 0.499479 0.092188 0.550000 0.081250 0.547917 0.084375 0.450000 0.093750 0.450000
6 0.889844 0.501042 0.887500 0.550000 0.893750 0.554167 0.893750 0.450000 0.884375 0.450000
7 0.489453 0.509375 0.876563 0.125000 0.103125 0.125000 0.085938 0.893750 0.892188 0.893750
