3 0.439323 0.505556 0.396875 0.500000 0.431250 0.516667 0.421875 0.556250 0.440625 0.562500 0.443750 0.518750 0.478125 0.531250 0.484375 0.510417 0.446875 0.500000 0.454688 0.450000 0.443750 0.447917 0.431250 0.487500 0.398438 0.485417
4 0.485517 0.307212 0.450000 0.243750 0.442188 0.275000 0.465625 0.297917 0.465625 0.306250 0.446875 0.306250 0.439063 0.322917 0.440625 0.337500 0.443750 0.325000 0.446875 0.316667 0.456250 0.312500 0.473438 0.325000 0.503125 0.331250 0.506250 0.337500 0.509375 0.350000 0.521875 0.356250 0.523438 0.337500 0.512500 0.322917 0.510938 0.318750 0.515625 0.312500 0.528125 0.316667 0.526563 0.310417 0.537500 0.279167 0.517188 0.272917 0.506250 0.268750 0.471875 0.254167 0.462500 0.250000
1 0.484375 0.583631 0.475000 0.572917 0.473438 0.587500 0.478125 0.597917 0.489063 0.597917 0.496875 0.587500 0.493750 0.572917 0.484375 0.568750
1 0.455729 0.332639 0.457813 0.318750 0.446875 0.322917 0.443750 0.337500 0.454688 0.350000 0.465625 0.337500 0.465625 0.329167
0 0.425781 0.295486 0.425000 0.279167 0.410938 0.287500 0.415625 0.312500 0.431250 0.312500 0.437500 0.300000 0.434375 0.281250
1 0.546875 0.531250 0.546875 0.510417 0.534375 0.518750 0.534375 0.543750 0.543750 0.554167 0.554688 0.543750 0.559375 0.529167 0.554688 0.518750
1 0.772656 0.461806 0.776563 0.443750 0.762500 0.447917 0.759375 0.468750 0.771875 0.479167 0.781250 0.475000 0.784375 0.456250
1 0.126562 0.368155 0.125000 0.350000 0.115625 0.356250 0.112500 0.375000 0.120313 0.385417 0.134375 0.381250 0.139063 0.372917 0.139063 0.356250
1 0.326042 0.723611 0.325000 0.706250 0.314063 0.712500 0.314063 0.735417 0.328125 0.743750 0.337500 0.731250 0.337500 0.712500
1 0.716406 0.868750 0.714063 0.850000 0.700000 0.860417 0.706250 0.881250 0.720313 0.887500 0.728125 0.879167 0.729688 0.854167
1 0.781027 0.662202 0.778125 0.641667 0.767188 0.656250 0.768750 0.675000 0.778125 0.681250 0.790625 0.672917 0.793750 0.660417 0.790625 0.647917
2 0.208789 0.571354 0.209375 0.537500 0.190625 0.547917 0.184375 0.575000 0.193750 0.591667 0.210938 0.604167 0.225000 0.597917 0.232813 0.568750 0.223438 0.547917
6 0.089844 0.461458 0.100000 0.418750 0.089063 0.412500 0.078125 0.504167 0.092188 0.510417
7 0.443750 0.530729 0.137500 0.137500 0.046875 0.810417 0.765625 0.937500 0.825000 0.237500
5 0.794141 0.573958 0.787500 0.547917 0.806250 0.550000 0.800000 0.604167 0.782813 0.593750
