0 0.456250 0.796875 0.446875 0.791667 0.450000 0.810417 0.465625 0.804167 0.462500 0.781250
1 0.556641 0.615625 0.550000 0.610417 0.550000 0.622917 0.564063 0.625000 0.562500 0.604167
1 0.408203 0.429167 0.400000 0.429167 0.406250 0.437500 0.415625 0.431250 0.410938 0.418750
1 0.466797 0.352083 0.456250 0.350000 0.462500 0.362500 0.475000 0.354167 0.473438 0.341667
1 0.510547 0.351562 0.501563 0.350000 0.506250 0.362500 0.518750 0.356250 0.515625 0.337500
1 0.479687 0.263542 0.475000 0.275000 0.489063 0.262500 0.481250 0.254167 0.473438 0.262500
1 0.215625 0.351562 0.207813 0.343750 0.210938 0.362500 0.228125 0.356250 0.215625 0.343750
1 0.219687 0.386667 0.210938 0.385417 0.217188 0.400000 0.223438 0.393750 0.228125 0.379167 0.218750 0.375000
1 0.063672 0.769792 0.054688 0.768750 0.062500 0.779167 0.071875 0.775000 0.065625 0.756250
2 0.193304 0.381548 0.190625 0.354167 0.176563 0.368750 0.179688 0.393750 0.187500 0.410417 0.203125 0.400000 0.209375 0.381250 0.206250 0.362500
3 0.446354 0.414410 0.403125 0.391667 0.398438 0.418750 0.437500 0.425000 0.426563 0.466667 0.446875 0.468750 0.453125 0.431250 0.493750 0.437500 0.493750 0.412500 0.456250 0.406250 0.465625 0.360417 0.446875 0.354167 0.434375 0.400000
4 0.263920 0.428125 0.234375 0.366667 0.239063 0.397917 0.243750 0.397917 0.240625 0.410417 0.234375 0.406250 0.228125 0.437500 0.234375 0.443750 0.234375 0.456250 0.228125 0.462500 0.225000 0.481250 0.268750 0.493750 0.270313 0.468750 0.284375 0.466667 0.284375 0.456250 0.301563 0.462500 0.318750 0.454167 0.325000 0.418750 0.303125 0.400000 0.284375 0.406250 0.275000 0.400000 0.278125 0.375000 0.270313 0.356250
5 0.793359 0.475000 0.787500 0.450000 0.800000 0.450000 0.798438 0.500000 0.787500 0.500000
6 0.083203 0.438542 0.096875 0.393750 0.081250 0.387500 0.068750 0.485417 0.085938 0.487500
7 0.439453 0.466667 0.120313 0.112500 0.046875 0.787500 0.782813 0.835417 0.807813 0.131250
