0 0.074805 0.070312 0.065625 0.056250 0.062500 0.068750 0.065625 0.081250 0.071875 0.087500 0.085938 0.087500 0.087500 0.068750 0.084375 0.056250 0.075000 0.056250
1 0.069866 0.344345 0.062500 0.335417 0.059375 0.343750 0.062500 0.356250 0.068750 0.356250 0.081250 0.354167 0.081250 0.335417 0.073438 0.329167
1 0.153348 0.557738 0.146875 0.543750 0.140625 0.554167 0.143750 0.566667 0.153125 0.572917 0.162500 0.568750 0.165625 0.554167 0.160938 0.543750
1 0.949330 0.850000 0.943750 0.837500 0.937500 0.847917 0.940625 0.856250 0.950000 0.866667 0.959375 0.860417 0.959375 0.843750 0.954688 0.837500
1 0.889258 0.907552 0.884375 0.891667 0.878125 0.900000 0.881250 0.910417 0.881250 0.918750 0.892188 0.922917 0.900000 0.918750 0.900000 0.906250 0.896875 0.891667
1 0.936914 0.424219 0.931250 0.412500 0.925000 0.418750 0.925000 0.429167 0.931250 0.437500 0.943750 0.437500 0.950000 0.429167 0.948438 0.416667 0.940625 0.412500
1 0.939453 0.393229 0.934375 0.385417 0.928125 0.387500 0.929688 0.400000 0.937500 0.406250 0.946875 0.406250 0.950000 0.397917 0.948438 0.381250 0.940625 0.381250
1 0.911607 0.115179 0.907813 0.104167 0.903125 0.110417 0.903125 0.118750 0.909375 0.129167 0.917188 0.125000 0.923438 0.112500 0.917188 0.106250
1 0.920312 0.086905 0.915625 0.079167 0.912500 0.087500 0.912500 0.093750 0.921875 0.097917 0.925000 0.093750 0.929688 0.081250 0.925000 0.075000
2 0.886198 0.138194 0.875000 0.112500 0.881250 0.112500 0.892188 0.112500 0.900000 0.118750 0.909375 0.135417 0.909375 0.150000 0.901563 0.162500 0.890625 0.168750 0.878125 0.166667 0.867188 0.156250 0.862500 0.137500 0.867188 0.125000
3 0.464062 0.478993 0.456250 0.406250 0.454688 0.462500 0.407813 0.466667 0.406250 0.493750 0.454688 0.493750 0.454688 0.556250 0.475000 0.554167 0.475000 0.493750 0.518750 0.491667 0.518750 0.462500 0.473438 0.462500 0.473438 0.404167
4 0.397375 0.324833 0.360938 0.418750 0.378125 0.418750 0.390625 0.412500 0.396875 0.406250 0.398438 0.381250 0.406250 0.375000 0.415625 0.362500 0.442188 0.362500 0.453125 0.356250 0.454688 0.337500 0.450000 0.312500 0.434375 0.300000 0.421875 0.304167 0.412500 0.306250 0.403125 0.293750 0.403125 0.285417 0.396875 0.281250 0.395313 0.254167 0.390625 0.243750 0.368750 0.250000 0.353125 0.250000 0.346875 0.254167 0.346875 0.275000 0.353125 0.300000 0.360938 0.379167
5 0.953906 0.479167 0.943750 0.450000 0.962500 0.450000 0.962500 0.510417 0.946875 0.506250
6 0.033594 0.458854 0.040625 0.397917 0.031250 0.400000 0.025000 0.518750 0.037500 0.518750
7 0.494531 0.480729 0.059375 0.031250 0.940625 0.054167 0.954688 0.931250 0.023438 0.906250
