1 0.341406 0.570312 0.029687 0.034375
1 0.257031 0.591406 0.039062 0.039062
1 0.179688 0.438281 0.025000 0.026562
1 0.238281 0.687500 0.029687 0.031250
1 0.596875 0.662500 0.025000 0.025000
1 0.578906 0.513281 0.023438 0.026562
1 0.709375 0.788281 0.021875 0.029687
1 0.496875 0.281250 0.021875 0.025000
2 0.438281 0.748437 0.051562 0.056250
3 0.524219 0.460938 0.098437 0.137500
4 0.509375 0.242969 0.121875 0.145313
5 0.880469 0.449219 -0.048438 0.095312
6 0.119531 0.380469 -0.045312 0.120313
7 0.888281 0.448437 -0.117188 0.853125
7 0.480469 0.800781 -0.835938 -0.145313
7 0.108594 0.391406 0.089063 -0.779687
7 0.550000 0.044531 0.793750 0.085938
