1 0.497656 0.283594 0.023438 0.023438
1 0.669531 0.657031 0.023438 0.029687
1 0.712500 0.771094 0.025000 0.029687
1 0.587500 0.682813 0.025000 0.031250
1 0.340625 0.569531 0.025000 0.032813
1 0.150781 0.542969 0.032813 0.032813
1 0.256250 0.591406 0.025000 0.026562
1 0.237500 0.686719 0.028125 0.032813
2 0.442188 0.740625 0.050000 0.053125
3 0.638281 0.340625 0.104688 0.143750
5 0.881250 0.449219 -0.050000 0.070312
6 0.120313 0.382031 -0.043750 0.117188
7 0.891406 0.446875 -0.123438 0.850000
7 0.482812 0.800000 -0.846875 -0.146875
7 0.114062 0.396875 0.100000 -0.790625
7 0.558594 0.041406 0.789062 0.079687
