0 0.167969 0.028906 0.029687 0.026562
1 0.185938 0.179688 0.021875 0.025000
1 0.513281 0.536719 0.023438 0.023438
1 0.443750 0.589844 0.021875 0.026562
1 0.255469 0.589844 0.026562 0.026562
1 0.237500 0.686719 0.025000 0.032813
1 0.337500 0.571875 0.018750 0.025000
1 0.353125 0.482812 0.031250 0.037500
2 0.153906 0.205469 0.054688 0.051562
3 0.525781 0.457813 0.101562 0.131250
4 0.334375 0.525781 0.112500 0.151562
5 0.877344 0.453125 -0.026562 0.065625
7 0.896094 0.443750 -0.117188 0.853125
7 0.485156 0.802344 -0.839063 -0.142187
7 0.113281 0.393750 0.085938 -0.787500
7 0.538281 0.042188 0.823438 0.078125
