0 0.170313 0.028125 0.034375 0.028125
1 0.253906 0.392969 0.026562 0.032813
1 0.496875 0.281250 0.025000 0.025000
1 0.580469 0.474219 0.023438 0.029687
1 0.600000 0.721094 0.031250 0.032813
1 0.792188 0.717187 0.028125 0.034375
1 0.340625 0.567969 0.028125 0.035937
1 0.254688 0.591406 0.031250 0.032813
1 0.237500 0.688281 0.028125 0.029687
2 0.450000 0.728125 0.050000 0.053125
3 0.521875 0.459375 0.103125 0.140625
4 0.510156 0.237500 0.120313 0.156250
5 0.882031 0.446094 -0.045312 0.089063
7 0.891406 0.450781 -0.123438 0.867188
7 0.478906 0.807031 -0.829688 -0.145313
7 0.117188 0.397656 0.109375 -0.792188
7 0.563281 0.043750 0.782813 0.084375
