0 0.184375 0.142187 0.021875 0.025000
1 0.208594 0.286719 0.020313 0.026562
1 0.478125 0.356250 0.025000 0.025000
1 0.644531 0.684375 0.020313 0.025000
1 0.684375 0.800781 0.025000 0.032813
1 0.567187 0.721875 0.018750 0.028125
1 0.339844 0.621875 0.026562 0.031250
1 0.307812 0.677344 0.025000 0.029687
1 0.258594 0.646094 0.026562 0.029687
2 0.433594 0.778906 0.051562 0.048438
3 0.608594 0.410156 0.098437 0.123438
4 0.488281 0.320312 0.110937 0.134375
5 0.822656 0.503125 -0.048438 0.081250
6 0.131250 0.453906 -0.040625 0.107813
7 0.812500 0.509375 -0.134375 0.781250
7 0.464062 0.835938 -0.784375 -0.128125
7 0.119531 0.464062 0.095312 -0.768750
7 0.499219 0.125000 0.764062 0.090625
