0 0.183594 0.142969 0.026562 0.029687
1 0.527344 0.182812 0.023438 0.028125
1 0.204687 0.287500 0.021875 0.025000
1 0.654687 0.549219 0.021875 0.029687
1 0.789844 0.407813 0.020313 0.028125
1 0.568750 0.617188 0.025000 0.025000
1 0.642188 0.683594 0.021875 0.029687
1 0.567187 0.720313 0.021875 0.031250
1 0.684375 0.801562 0.021875 0.034375
3 0.607812 0.409375 0.103125 0.131250
4 0.725781 0.420312 0.114062 0.150000
5 0.826562 0.502344 -0.037500 0.064062
7 0.817187 0.513281 -0.112500 0.767188
7 0.463281 0.837500 -0.785937 -0.115625
7 0.118750 0.464062 0.090625 -0.765625
7 0.496875 0.132031 0.753125 0.104688
