0 0.167969 0.026562 0.023438 0.028125
1 0.496094 0.280469 0.026562 0.026562
1 0.675000 0.635938 0.028125 0.031250
1 0.712500 0.770312 0.031250 0.031250
1 0.587500 0.681250 0.021875 0.031250
1 0.341406 0.570312 0.026562 0.028125
1 0.255469 0.589844 0.026562 0.029687
1 0.238281 0.688281 0.023438 0.026562
1 0.149219 0.545312 0.026562 0.031250
2 0.441406 0.738281 0.051562 0.054688
3 0.639062 0.342187 0.109375 0.140625
4 0.514062 0.232031 -0.125000 0.160938
5 0.882031 0.451562 -0.051562 0.075000
6 0.119531 0.377344 -0.045312 0.129688
7 0.885938 0.448437 -0.134375 0.856250
7 0.484375 0.801562 -0.843750 -0.146875
7 0.108594 0.401562 0.089063 -0.800000
7 0.554688 0.041406 0.803125 0.079687
