0 0.183594 0.142969 0.020313 0.029687
1 0.214062 0.296875 0.021875 0.025000
1 0.478125 0.358594 0.018750 0.023438
1 0.339062 0.623437 0.021875 0.028125
1 0.306250 0.678906 0.028125 0.032813
1 0.259375 0.647656 0.028125 0.029687
1 0.645312 0.684375 0.021875 0.028125
1 0.567187 0.721094 0.021875 0.029687
1 0.685156 0.799219 0.023438 0.032813
2 0.432812 0.781250 0.050000 0.043750
3 0.610156 0.410156 0.089063 0.117188
4 0.491406 0.318750 0.110937 0.137500
5 0.826562 0.503125 -0.043750 0.068750
6 0.133594 0.456250 -0.039062 0.115625
7 0.829688 0.505469 -0.096875 0.779687
7 0.472656 0.832812 -0.789062 -0.125000
7 0.127344 0.457813 0.092188 -0.762500
7 0.496875 0.135156 0.765625 0.110937
