0 0.170313 0.030469 0.031250 0.032813
1 0.185938 0.178125 0.028125 0.031250
1 0.146875 0.271094 0.034375 0.035937
1 0.257031 0.589844 0.029687 0.039062
1 0.236719 0.689063 0.029687 0.034375
1 0.444531 0.590625 0.029687 0.034375
1 0.512500 0.535156 0.034375 0.026562
1 0.353906 0.483594 0.020313 0.026562
1 0.338281 0.570312 0.026562 0.025000
2 0.156250 0.210156 0.056250 0.054688
3 0.528125 0.457031 0.100000 0.126562
4 0.336719 0.521094 0.110937 0.142187
5 0.878125 0.449219 -0.028125 0.073438
6 0.119531 0.378125 -0.032813 0.125000
7 0.897656 0.449219 -0.114062 0.854688
7 0.478125 0.802344 -0.837500 -0.148438
7 0.109375 0.395313 0.096875 -0.790625
7 0.556250 0.037500 0.796875 0.075000
