0 0.183594 0.142187 0.026562 0.028125
1 0.201563 0.282031 0.025000 0.029687
1 0.479687 0.357812 0.025000 0.025000
1 0.643750 0.684375 0.025000 0.031250
1 0.684375 0.800000 0.021875 0.031250
1 0.566406 0.721875 0.026562 0.031250
1 0.339844 0.622656 0.023438 0.026562
1 0.307031 0.678125 0.020313 0.028125
1 0.258594 0.645312 0.020313 0.025000
2 0.432031 0.778906 0.048438 0.051562
3 0.608594 0.407031 0.095312 0.123438
4 0.489844 0.317969 0.104688 0.135937
5 0.824219 0.505469 -0.042188 0.073438
6 0.135156 0.456250 -0.039062 0.121875
7 0.832812 0.507031 -0.093750 0.785937
7 0.469531 0.832031 -0.782813 -0.129688
7 0.126562 0.461719 0.090625 -0.767188
7 0.498437 0.130469 0.765625 0.095312
