1 0.354687 0.482812 0.025000 0.028125
1 0.442969 0.587500 0.032813 0.034375
1 0.513281 0.536719 0.029687 0.026562
1 0.255469 0.591406 0.026562 0.026562
1 0.339062 0.569531 0.021875 0.026562
1 0.239063 0.688281 0.025000 0.026562
3 0.525000 0.459375 0.100000 0.128125
4 0.332813 0.520312 0.106250 0.150000
5 0.877344 0.453125 -0.032813 0.065625
6 0.117969 0.386719 -0.039062 0.126562
7 0.528125 0.038281 0.850000 0.073438
7 0.895312 0.450000 -0.115625 0.853125
7 0.481250 0.803906 -0.831250 -0.148438
7 0.109375 0.394531 0.087500 -0.789062
