0 0.170313 0.028125 0.025000 0.025000
1 0.340625 0.568750 0.025000 0.028125
1 0.585938 0.682031 0.028125 0.032813
1 0.650000 0.653125 0.028125 0.037500
1 0.712500 0.769531 0.025000 0.032813
1 0.254688 0.590625 0.028125 0.028125
1 0.238281 0.688281 0.026562 0.029687
1 0.148438 0.535937 0.025000 0.025000
1 0.497656 0.280469 0.023438 0.026562
2 0.441406 0.739844 0.048438 0.051562
3 0.639844 0.344531 -0.120313 0.132812
4 0.509375 0.241406 -0.115625 0.148438
5 0.883594 0.450000 -0.042188 0.081250
7 0.885938 0.448437 -0.137500 0.856250
7 0.481250 0.802344 -0.837500 -0.145313
7 0.103906 0.396094 0.082812 -0.789062
7 0.550000 0.039062 0.809375 0.075000
