0 0.168750 0.027344 0.034375 0.032813
1 0.495312 0.281250 0.025000 0.034375
1 0.564063 0.494531 0.028125 0.029687
1 0.613281 0.679688 0.026562 0.034375
1 0.739062 0.753906 0.025000 0.035937
1 0.339844 0.568750 0.026562 0.028125
1 0.256250 0.592187 0.028125 0.031250
1 0.237500 0.688281 0.031250 0.032813
1 0.191406 0.406250 0.026562 0.037500
2 0.446875 0.729688 0.053125 0.050000
3 0.524219 0.462500 0.104688 0.137500
4 0.511719 0.237500 -0.123438 0.150000
5 0.882031 0.453125 -0.045312 0.087500
6 0.120313 0.381250 -0.043750 0.121875
7 0.482812 0.800000 0.828125 0.150000
7 0.112500 0.395313 0.084375 -0.790625
7 0.553125 0.042188 0.796875 0.084375
7 0.896094 0.447656 -0.107813 0.857812
