0 0.168750 0.028906 0.028125 0.032813
1 0.494531 0.282813 0.029687 0.031250
1 0.682813 0.635156 0.028125 0.032813
1 0.712500 0.770312 0.025000 0.031250
1 0.589063 0.682031 0.021875 0.026562
1 0.339062 0.567969 0.025000 0.026562
1 0.256250 0.589844 0.025000 0.026562
1 0.152344 0.538281 0.029687 0.032813
1 0.239063 0.688281 0.021875 0.029687
3 0.640625 0.344531 0.103125 0.142187
4 0.517969 0.241406 -0.135937 0.148438
5 0.878125 0.453125 -0.031250 0.068750
2 0.439844 0.738281 0.054688 0.051562
6 0.116406 0.384375 -0.039062 0.131250
7 0.106250 0.392969 -0.087500 0.785937
7 0.475000 0.807813 -0.825000 -0.146875
7 0.895312 0.448437 -0.125000 0.853125
7 0.539062 0.041406 0.840625 0.082812
