0 0.167187 0.029861 0.160938 0.016667 0.154688 0.029167 0.159375 0.041667 0.171875 0.043750 0.181250 0.031250 0.175000 0.016667
1 0.149554 0.535119 0.137500 0.531250 0.140625 0.543750 0.150000 0.547917 0.159375 0.543750 0.160938 0.531250 0.154688 0.522917 0.143750 0.525000
1 0.254861 0.590741 0.248438 0.581250 0.243750 0.587500 0.243750 0.593750 0.250000 0.600000 0.256250 0.604167 0.265625 0.600000 0.268750 0.587500 0.262500 0.581250 0.254688 0.581250
1 0.340234 0.568490 0.335938 0.556250 0.331250 0.562500 0.331250 0.575000 0.335938 0.581250 0.343750 0.579167 0.350000 0.575000 0.350000 0.562500 0.343750 0.556250
1 0.237305 0.686198 0.239063 0.675000 0.232813 0.675000 0.228125 0.681250 0.228125 0.693750 0.234375 0.700000 0.243750 0.697917 0.248438 0.687500 0.243750 0.679167
1 0.587723 0.682440 0.585938 0.668750 0.578125 0.675000 0.578125 0.687500 0.585938 0.693750 0.593750 0.693750 0.596875 0.685417 0.595313 0.672917
1 0.650586 0.653646 0.651563 0.637500 0.643750 0.643750 0.642188 0.650000 0.642188 0.662500 0.648438 0.668750 0.657813 0.666667 0.659375 0.656250 0.659375 0.643750
1 0.710742 0.770052 0.709375 0.756250 0.700000 0.762500 0.700000 0.772917 0.704688 0.781250 0.714063 0.785417 0.720313 0.779167 0.721875 0.766667 0.715625 0.756250
1 0.496429 0.279762 0.485938 0.285417 0.493750 0.293750 0.503125 0.287500 0.506250 0.281250 0.503125 0.268750 0.493750 0.266667 0.489063 0.275000
2 0.439844 0.735243 0.439063 0.716667 0.428125 0.716667 0.418750 0.722917 0.418750 0.735417 0.423438 0.747917 0.431250 0.756250 0.446875 0.762500 0.456250 0.756250 0.462500 0.743750 0.460938 0.729167 0.450000 0.718750 0.442188 0.716667
3 0.637139 0.336538 0.626563 0.281250 0.640625 0.275000 0.646875 0.329167 0.684375 0.325000 0.687500 0.347917 0.648438 0.350000 0.650000 0.400000 0.634375 0.406250 0.628125 0.354167 0.590625 0.356250 0.590625 0.337500 0.628125 0.331250 0.626563 0.281250
4 0.513327 0.242953 0.475000 0.210417 0.531250 0.187500 0.531250 0.175000 0.543750 0.168750 0.556250 0.206250 0.548438 0.216667 0.543750 0.222917 0.532813 0.231250 0.532813 0.237500 0.548438 0.237500 0.559375 0.250000 0.559375 0.266667 0.553125 0.266667 0.550000 0.250000 0.543750 0.243750 0.531250 0.243750 0.528125 0.254167 0.517188 0.260417 0.512500 0.254167 0.509375 0.262500 0.503125 0.266667 0.496875 0.268750 0.490625 0.279167 0.489063 0.291667 0.492188 0.300000 0.481250 0.293750 0.478125 0.281250 0.487500 0.262500 0.487500 0.250000 0.475000 0.247917 0.462500 0.250000 0.456250 0.206250 0.470313 0.200000 0.475000 0.216667
7 0.502344 0.411458 0.146875 0.018750 0.903125 0.079167 0.846875 0.816667 0.112500 0.731250
5 0.877344 0.451042 0.871875 0.429167 0.884375 0.425000 0.881250 0.475000 0.871875 0.475000
