0 0.182143 0.141964 0.171875 0.143750 0.178125 0.154167 0.185938 0.150000 0.192188 0.143750 0.187500 0.137500 0.184375 0.129167 0.175000 0.135417
1 0.684722 0.799769 0.678125 0.810417 0.682813 0.812500 0.690625 0.812500 0.693750 0.806250 0.693750 0.793750 0.690625 0.787500 0.684375 0.787500 0.675000 0.787500 0.673438 0.800000
1 0.644097 0.683796 0.637500 0.693750 0.643750 0.693750 0.651563 0.693750 0.653125 0.687500 0.651563 0.679167 0.646875 0.672917 0.640625 0.672917 0.635938 0.675000 0.635938 0.685417
1 0.565972 0.720370 0.568750 0.710417 0.564063 0.710417 0.557813 0.712500 0.557813 0.718750 0.559375 0.725000 0.564063 0.731250 0.568750 0.731250 0.575000 0.725000 0.578125 0.718750
1 0.339062 0.620000 0.348438 0.618750 0.345313 0.612500 0.340625 0.610417 0.335938 0.610417 0.331250 0.612500 0.329688 0.618750 0.331250 0.629167 0.337500 0.631250 0.340625 0.631250 0.350000 0.625000
1 0.308681 0.676852 0.309375 0.666667 0.301563 0.668750 0.300000 0.675000 0.301563 0.681250 0.306250 0.687500 0.309375 0.687500 0.315625 0.681250 0.318750 0.675000 0.315625 0.668750
1 0.257465 0.645139 0.256250 0.631250 0.251563 0.637500 0.250000 0.643750 0.250000 0.650000 0.254688 0.656250 0.259375 0.656250 0.265625 0.650000 0.267188 0.643750 0.262500 0.637500
1 0.208854 0.283796 0.203125 0.293750 0.212500 0.293750 0.217188 0.291667 0.218750 0.281250 0.215625 0.275000 0.209375 0.275000 0.203125 0.275000 0.200000 0.281250 0.200000 0.287500
1 0.477604 0.354630 0.481250 0.343750 0.485938 0.350000 0.485938 0.356250 0.481250 0.362500 0.478125 0.366667 0.471875 0.362500 0.468750 0.356250 0.470313 0.350000 0.475000 0.343750
2 0.430134 0.776637 0.437500 0.760417 0.443750 0.762500 0.446875 0.768750 0.450000 0.781250 0.446875 0.793750 0.440625 0.800000 0.431250 0.800000 0.423438 0.793750 0.415625 0.787500 0.412500 0.781250 0.410938 0.768750 0.415625 0.762500 0.418750 0.756250 0.428125 0.756250
3 0.605409 0.402083 0.593750 0.350000 0.609375 0.350000 0.610938 0.393750 0.646875 0.391667 0.650000 0.410417 0.615625 0.412500 0.618750 0.460417 0.604688 0.462500 0.600000 0.418750 0.565625 0.422917 0.564063 0.406250 0.596875 0.397917 0.593750 0.350000
4 0.493616 0.323869 0.459375 0.293750 0.506250 0.275000 0.506250 0.262500 0.518750 0.260417 0.528125 0.293750 0.518750 0.300000 0.518750 0.306250 0.506250 0.306250 0.509375 0.312500 0.525000 0.316667 0.537500 0.329167 0.537500 0.343750 0.528125 0.341667 0.528125 0.331250 0.518750 0.325000 0.512500 0.325000 0.509375 0.331250 0.506250 0.335417 0.496875 0.335417 0.493750 0.331250 0.490625 0.337500 0.481250 0.337500 0.478125 0.337500 0.465625 0.347917 0.468750 0.368750 0.475000 0.372917 0.473438 0.375000 0.468750 0.375000 0.462500 0.362500 0.468750 0.341667 0.470313 0.325000 0.450000 0.329167 0.439063 0.293750 0.456250 0.281250 0.462500 0.293750
5 0.826953 0.500000 0.825000 0.479167 0.831250 0.479167 0.829688 0.518750 0.821875 0.522917
6 0.137500 0.453646 0.134375 0.410417 0.145313 0.412500 0.139063 0.497917 0.131250 0.493750
7 0.482812 0.480729 0.162500 0.131250 0.834375 0.168750 0.812500 0.837500 0.121875 0.785417
