0 0.086875 0.491667 0.081250 0.506250 0.096875 0.500000 0.096875 0.475000 0.078125 0.472917 0.081250 0.504167
1 0.101250 0.156667 0.093750 0.166667 0.112500 0.162500 0.112500 0.147917 0.093750 0.143750 0.093750 0.162500
1 0.101250 0.132083 0.093750 0.137500 0.112500 0.137500 0.112500 0.125000 0.093750 0.122917 0.093750 0.137500
1 0.337188 0.147917 0.337500 0.135417 0.325000 0.141667 0.334375 0.168750 0.348438 0.162500 0.340625 0.131250
1 0.333594 0.613194 0.332813 0.600000 0.321875 0.606250 0.329688 0.629167 0.340625 0.631250 0.340625 0.612500 0.335938 0.600000
1 0.371484 0.692708 0.381250 0.691667 0.368750 0.679167 0.360938 0.687500 0.375000 0.712500
1 0.877500 0.852500 0.870313 0.835417 0.867188 0.856250 0.887500 0.872917 0.890625 0.860417 0.871875 0.837500
2 0.795573 0.820833 0.778125 0.825000 0.778125 0.806250 0.807813 0.791667 0.831250 0.810417 0.804688 0.856250 0.773438 0.835417
3 0.495312 0.503365 0.450000 0.522917 0.490625 0.493750 0.470313 0.450000 0.481250 0.443750 0.503125 0.487500 0.532813 0.468750 0.548438 0.487500 0.509375 0.510417 0.526563 0.541667 0.517188 0.556250 0.496875 0.518750 0.459375 0.537500 0.453125 0.525000
4 0.347894 0.563225 0.315625 0.568750 0.360938 0.587500 0.367188 0.606250 0.353125 0.610417 0.359375 0.631250 0.378125 0.612500 0.381250 0.587500 0.378125 0.575000 0.384375 0.568750 0.398438 0.572917 0.412500 0.537500 0.395313 0.525000 0.384375 0.531250 0.332813 0.506250 0.335938 0.487500 0.318750 0.479167 0.304688 0.522917 0.303125 0.556250 0.306250 0.562500 0.303125 0.572917 0.301563 0.591667 0.309375 0.587500 0.317188 0.572917
5 0.885625 0.491667 0.876563 0.450000 0.898438 0.450000 0.903125 0.547917 0.878125 0.550000 0.871875 0.460417
6 0.084375 0.483750 0.093750 0.443750 0.075000 0.437500 0.068750 0.537500 0.092188 0.556250 0.092188 0.443750
7 0.438021 0.293519 0.073438 0.431250 0.093750 0.437500 0.093750 0.118750 0.868750 0.125000 0.870313 0.450000 0.903125 0.443750 0.887500 0.106250 0.078125 0.100000 0.073438 0.429167
7 0.551172 0.745139 0.073438 0.543750 0.093750 0.562500 0.087500 0.893750 0.875000 0.897917 0.878125 0.875000 0.893750 0.862500 0.881250 0.837500 0.876563 0.556250 0.907813 0.554167 0.907813 0.897917 0.065625 0.910417 0.073438 0.550000
