3 0.277604 0.321354 0.250000 0.381250 0.275000 0.393750 0.287500 0.341667 0.321875 0.350000 0.329688 0.325000 0.293750 0.310417 0.303125 0.262500 0.281250 0.250000 0.268750 0.300000 0.232813 0.287500 0.228125 0.318750 0.259375 0.335417
2 0.366797 0.479948 0.371875 0.510417 0.381250 0.497917 0.384375 0.468750 0.376563 0.456250 0.360938 0.450000 0.350000 0.462500 0.350000 0.487500 0.359375 0.506250
1 0.354167 0.527431 0.353125 0.547917 0.343750 0.531250 0.345313 0.518750 0.356250 0.510417 0.364063 0.518750 0.362500 0.537500
1 0.344531 0.491146 0.345313 0.506250 0.337500 0.500000 0.334375 0.487500 0.337500 0.481250 0.345313 0.475000 0.350000 0.481250 0.356250 0.493750 0.350000 0.504167
1 0.378571 0.447917 0.371875 0.460417 0.368750 0.450000 0.368750 0.435417 0.381250 0.431250 0.390625 0.441667 0.387500 0.454167 0.381250 0.462500
1 0.398214 0.504762 0.393750 0.518750 0.387500 0.510417 0.390625 0.493750 0.400000 0.487500 0.409375 0.493750 0.406250 0.510417 0.400000 0.518750
0 0.371354 0.521875 0.375000 0.535417 0.362500 0.531250 0.359375 0.518750 0.367188 0.510417 0.379688 0.510417 0.384375 0.525000
4 0.507031 0.332523 0.493750 0.404167 0.518750 0.393750 0.521875 0.366667 0.534375 0.356250 0.550000 0.354167 0.565625 0.329167 0.565625 0.297917 0.543750 0.293750 0.526563 0.297917 0.506250 0.291667 0.492188 0.285417 0.485938 0.272917 0.460938 0.275000 0.460938 0.316667 0.462500 0.331250 0.475000 0.343750 0.475000 0.381250 0.487500 0.393750
5 0.891016 0.460938 0.885938 0.437500 0.895312 0.437500 0.895312 0.483333 0.887500 0.485417
6 0.124609 0.470833 0.129688 0.422917 0.128125 0.518750 0.120313 0.518750 0.120313 0.422917
7 0.507422 0.470833 0.129688 0.108333 0.878125 0.100000 0.892188 0.831250 0.129688 0.843750
