0 0.642708 0.580903 0.634375 0.570833 0.634375 0.583333 0.640625 0.589583 0.648438 0.591667 0.651563 0.579167 0.646875 0.570833
1 0.615430 0.780729 0.625000 0.783333 0.623437 0.775000 0.618750 0.770833 0.609375 0.772917 0.604688 0.779167 0.609375 0.783333 0.612500 0.791667 0.620313 0.789583
1 0.553385 0.528472 0.554688 0.516667 0.548438 0.520833 0.546875 0.529167 0.551562 0.541667 0.559375 0.537500 0.559375 0.525000
1 0.152604 0.750000 0.153125 0.737500 0.148438 0.741667 0.143750 0.752083 0.150000 0.764583 0.159375 0.756250 0.160938 0.747917
1 0.488021 0.532639 0.495312 0.529167 0.487500 0.520833 0.482812 0.529167 0.481250 0.535417 0.487500 0.543750 0.493750 0.537500
1 0.159635 0.138889 0.168750 0.141667 0.165625 0.131250 0.159375 0.131250 0.151562 0.133333 0.151562 0.145833 0.160938 0.150000
2 0.485938 0.454375 0.465625 0.447917 0.470313 0.460417 0.475000 0.470833 0.490625 0.475000 0.500000 0.475000 0.503125 0.462500 0.500000 0.450000 0.495312 0.441667 0.485938 0.427083 0.473438 0.433333
3 0.509635 0.495660 0.506250 0.433333 0.504687 0.481250 0.460938 0.481250 0.462500 0.495833 0.501563 0.500000 0.496875 0.558333 0.512500 0.562500 0.514062 0.506250 0.554688 0.510417 0.559375 0.495833 0.518750 0.487500 0.523438 0.435417
4 0.652582 0.546739 0.607812 0.531250 0.604688 0.504167 0.623437 0.500000 0.631250 0.512500 0.685937 0.508333 0.687500 0.489583 0.710938 0.485417 0.712500 0.531250 0.712500 0.552083 0.712500 0.568750 0.701562 0.579167 0.698438 0.566667 0.681250 0.558333 0.660937 0.564583 0.637500 0.564583 0.629687 0.562500 0.620313 0.566667 0.617188 0.581250 0.612500 0.589583 0.609375 0.583333 0.610938 0.568750 0.617188 0.558333 0.623437 0.547917
6 0.896875 0.502083 0.887500 0.558333 0.884375 0.452083 0.906250 0.441667 0.909375 0.556250
6 0.080078 0.500000 0.090625 0.552083 0.065625 0.550000 0.070312 0.447917 0.093750 0.450000
7 0.899006 0.532765 0.893750 0.893750 0.892188 0.633333 0.882812 0.352083 0.879687 0.125000 0.876563 0.095833 0.900000 0.079167 0.909375 0.293750 0.912500 0.577083 0.918750 0.920833 0.920312 0.941667 0.903125 0.947917
7 0.448722 0.908333 0.917188 0.885417 0.937500 0.918750 0.642188 0.927083 0.475000 0.922917 0.195312 0.922917 0.040625 0.922917 0.045312 0.906250 0.084375 0.891667 0.282813 0.902083 0.498437 0.893750 0.817187 0.897917
7 0.080208 0.503241 0.084375 0.929167 0.098437 0.352083 0.101562 0.127083 0.104688 0.095833 0.081250 0.068750 0.071875 0.343750 0.060937 0.722917 0.057813 0.941667 0.060937 0.947917
7 0.470117 0.112500 0.065625 0.120833 0.325000 0.125000 0.646875 0.127083 0.900000 0.135417 0.917188 0.102083 0.604688 0.095833 0.245312 0.095833 0.056250 0.097917
