0 0.312695 0.580729 0.309375 0.593750 0.318750 0.593750 0.325000 0.579167 0.318750 0.566667 0.312500 0.566667 0.306250 0.572917 0.304688 0.581250 0.306250 0.591667
1 0.102865 0.153125 0.096875 0.166667 0.112500 0.168750 0.115625 0.147917 0.104688 0.137500 0.093750 0.143750 0.093750 0.154167
1 0.105000 0.127500 0.093750 0.135417 0.093750 0.116667 0.109375 0.116667 0.115625 0.125000 0.112500 0.143750
1 0.335156 0.151823 0.331250 0.166667 0.337500 0.166667 0.346875 0.156250 0.345313 0.143750 0.337500 0.137500 0.332813 0.137500 0.325000 0.143750 0.325000 0.162500
1 0.334152 0.590476 0.321875 0.597917 0.331250 0.600000 0.343750 0.600000 0.346875 0.587500 0.340625 0.579167 0.329688 0.581250 0.325000 0.587500
1 0.398698 0.687500 0.395313 0.675000 0.390625 0.687500 0.390625 0.700000 0.400000 0.700000 0.409375 0.687500 0.406250 0.675000
1 0.876116 0.850595 0.867188 0.850000 0.867188 0.860417 0.878125 0.866667 0.885938 0.860417 0.885938 0.843750 0.878125 0.835417 0.870313 0.837500
2 0.799653 0.822222 0.781250 0.812500 0.781250 0.831250 0.793750 0.856250 0.809375 0.850000 0.825000 0.831250 0.825000 0.806250 0.809375 0.793750 0.793750 0.800000 0.778125 0.818750
3 0.501563 0.500160 0.496875 0.510417 0.517188 0.560417 0.528125 0.550000 0.512500 0.506250 0.548438 0.481250 0.537500 0.462500 0.503125 0.481250 0.489063 0.441667 0.473438 0.450000 0.492188 0.493750 0.457813 0.518750 0.462500 0.535417 0.501563 0.510417
4 0.355607 0.549142 0.340625 0.500000 0.384375 0.525000 0.398438 0.510417 0.412500 0.535417 0.398438 0.562500 0.384375 0.568750 0.371875 0.585417 0.368750 0.625000 0.356250 0.622917 0.360938 0.585417 0.309375 0.562500 0.306250 0.593750 0.303125 0.562500 0.306250 0.497917 0.315625 0.475000 0.340625 0.497917 0.387500 0.525000
6 0.888021 0.497222 0.884375 0.443750 0.893750 0.450000 0.893750 0.547917 0.887500 0.547917 0.887500 0.556250 0.881250 0.437500
6 0.090625 0.488750 0.093750 0.450000 0.084375 0.443750 0.081250 0.543750 0.096875 0.550000 0.096875 0.456250
7 0.398828 0.422396 0.100000 0.179167 0.121875 0.181250 0.125000 0.118750 0.875000 0.131250 0.884375 0.431250 0.893750 0.893750 0.090625 0.887500 0.100000 0.556250
