0 0.782813 0.372083 0.787500 0.362500 0.778125 0.366667 0.778125 0.375000 0.782813 0.381250 0.787500 0.375000
1 0.348177 0.162847 0.348438 0.150000 0.340625 0.154167 0.337500 0.168750 0.350000 0.179167 0.356250 0.168750 0.356250 0.156250
1 0.628906 0.131250 0.628125 0.118750 0.621875 0.125000 0.620313 0.137500 0.628125 0.143750 0.637500 0.137500 0.637500 0.125000
1 0.192448 0.389931 0.185938 0.379167 0.181250 0.387500 0.185938 0.400000 0.196875 0.400000 0.203125 0.391667 0.201563 0.381250
1 0.715402 0.826786 0.712500 0.812500 0.706250 0.822917 0.706250 0.831250 0.714063 0.841667 0.721875 0.837500 0.725000 0.825000 0.721875 0.816667
1 0.671354 0.826736 0.673438 0.812500 0.662500 0.818750 0.662500 0.831250 0.668750 0.837500 0.679688 0.837500 0.681250 0.822917
1 0.842708 0.686458 0.839063 0.675000 0.834375 0.685417 0.837500 0.693750 0.845313 0.697917 0.850000 0.687500 0.850000 0.679167
1 0.798177 0.586806 0.796875 0.575000 0.790625 0.581250 0.790625 0.593750 0.798438 0.597917 0.806250 0.593750 0.806250 0.579167
1 0.751823 0.442708 0.753125 0.431250 0.745313 0.435417 0.743750 0.447917 0.750000 0.456250 0.759375 0.450000 0.759375 0.435417
2 0.130273 0.166146 0.112500 0.150000 0.128125 0.143750 0.143750 0.150000 0.150000 0.172917 0.148438 0.187500 0.129688 0.187500 0.117188 0.175000 0.112500 0.162500
3 0.463411 0.544271 0.459375 0.529167 0.468750 0.481250 0.484375 0.487500 0.475000 0.535417 0.506250 0.550000 0.503125 0.572917 0.470313 0.560417 0.456250 0.606250 0.442188 0.600000 0.453125 0.556250 0.418750 0.535417 0.423438 0.516667
4 0.147266 0.616771 0.184375 0.575000 0.193750 0.587500 0.193750 0.662500 0.185938 0.675000 0.171875 0.675000 0.159375 0.656250 0.140625 0.662500 0.139063 0.687500 0.106250 0.693750 0.100000 0.662500 0.103125 0.610417 0.109375 0.575000 0.104688 0.556250 0.140625 0.556250 0.140625 0.575000 0.134375 0.581250 0.134375 0.597917 0.156250 0.593750 0.165625 0.579167 0.181250 0.572917
6 0.107422 0.483854 0.112500 0.437500 0.104688 0.435417 0.103125 0.531250 0.109375 0.531250
5 0.851172 0.470833 0.845313 0.447917 0.846875 0.497917 0.856250 0.493750 0.856250 0.443750
7 0.480469 0.481250 0.106250 0.843750 0.118750 0.131250 0.840625 0.118750 0.856250 0.831250
