0 0.171094 0.030469 0.026562 0.026562
1 0.447656 0.060937 0.020313 0.021875
1 0.510938 0.163281 0.018750 0.023438
1 0.728125 0.267188 0.018750 0.028125
1 0.514844 0.535937 0.017188 0.025000
1 0.641406 0.696875 0.017188 0.021875
1 0.845313 0.555469 0.018750 0.026562
1 0.339844 0.570312 0.014063 0.021875
1 0.353906 0.482812 0.017188 0.025000
2 0.779687 0.494531 0.046875 0.054688
3 0.525000 0.463281 0.115625 0.132812
4 0.335938 0.525781 0.109375 0.142187
5 0.887500 0.453125 -0.034375 0.071875
6 0.131250 0.377344 -0.028125 0.117188
7 0.117188 0.397656 -0.106250 0.789062
7 0.488281 0.803906 -0.829688 -0.160938
7 0.904687 0.453125 -0.128125 0.859375
7 0.551562 0.047656 -0.834375 -0.089063
