0 0.131920 0.817560 0.125000 0.831250 0.139063 0.831250 0.145313 0.818750 0.140625 0.806250 0.131250 0.800000 0.120313 0.812500 0.121875 0.822917
1 0.071875 0.898958 0.068750 0.916667 0.084375 0.906250 0.084375 0.891667 0.075000 0.881250 0.059375 0.891667 0.059375 0.906250
1 0.586384 0.881250 0.575000 0.893750 0.585938 0.893750 0.600000 0.893750 0.603125 0.875000 0.590625 0.862500 0.575000 0.868750 0.575000 0.881250
1 0.235937 0.445486 0.240625 0.462500 0.250000 0.450000 0.243750 0.431250 0.231250 0.431250 0.221875 0.441667 0.228125 0.456250
1 0.342634 0.491071 0.332813 0.500000 0.343750 0.506250 0.353125 0.500000 0.353125 0.487500 0.346875 0.475000 0.337500 0.481250 0.331250 0.487500
1 0.347135 0.284375 0.340625 0.293750 0.350000 0.300000 0.359375 0.291667 0.353125 0.272917 0.343750 0.268750 0.335938 0.279167
1 0.649107 0.399702 0.637500 0.410417 0.650000 0.412500 0.659375 0.406250 0.659375 0.400000 0.656250 0.387500 0.646875 0.387500 0.634375 0.393750
1 0.892411 0.258333 0.881250 0.268750 0.890625 0.275000 0.901563 0.266667 0.907813 0.260417 0.900000 0.243750 0.887500 0.243750 0.878125 0.250000
1 0.843164 0.262500 0.831250 0.262500 0.837500 0.268750 0.840625 0.281250 0.850000 0.275000 0.856250 0.262500 0.850000 0.250000 0.843750 0.250000 0.835938 0.250000
2 0.679688 0.367045 0.657813 0.375000 0.668750 0.387500 0.684375 0.400000 0.696875 0.400000 0.700000 0.385417 0.698438 0.362500 0.693750 0.347917 0.687500 0.341667 0.673438 0.337500 0.659375 0.343750 0.656250 0.356250
3 0.524870 0.429861 0.518750 0.354167 0.534375 0.356250 0.534375 0.418750 0.579688 0.418750 0.579688 0.443750 0.534375 0.443750 0.528125 0.506250 0.512500 0.506250 0.515625 0.437500 0.471875 0.441667 0.470313 0.418750 0.518750 0.412500
4 0.215000 0.361875 0.254688 0.372917 0.270313 0.379167 0.284375 0.400000 0.278125 0.418750 0.271875 0.418750 0.187500 0.425000 0.185938 0.435417 0.175000 0.418750 0.176563 0.400000 0.181250 0.387500 0.193750 0.381250 0.193750 0.368750 0.178125 0.368750 0.165625 0.372917 0.162500 0.362500 0.156250 0.356250 0.148438 0.356250 0.156250 0.337500 0.156250 0.310417 0.184375 0.312500 0.184375 0.318750 0.217188 0.318750 0.225000 0.318750 0.253125 0.316667 0.251563 0.306250 0.278125 0.300000 0.282813 0.325000 0.284375 0.350000 0.259375 0.356250 0.253125 0.362500
