0 0.373437 0.520417 0.368750 0.506250 0.360938 0.522917 0.371875 0.537500 0.384375 0.529167 0.381250 0.506250
1 0.354687 0.527917 0.356250 0.510417 0.345313 0.518750 0.345313 0.537500 0.359375 0.547917 0.367188 0.525000
1 0.344687 0.489583 0.348438 0.506250 0.335938 0.500000 0.334375 0.479167 0.348438 0.475000 0.356250 0.487500
1 0.378125 0.445417 0.375000 0.460417 0.364063 0.443750 0.376563 0.429167 0.387500 0.437500 0.387500 0.456250
1 0.396875 0.501250 0.384375 0.500000 0.392188 0.516667 0.407813 0.510417 0.406250 0.491667 0.393750 0.487500
1 0.506875 0.458750 0.503125 0.472917 0.518750 0.460417 0.510938 0.443750 0.500000 0.447917 0.501563 0.468750
2 0.368080 0.482440 0.367188 0.510417 0.379688 0.504167 0.384375 0.475000 0.378125 0.460417 0.360938 0.454167 0.350000 0.468750 0.356250 0.504167
3 0.275130 0.311458 0.253125 0.368750 0.259375 0.322917 0.225000 0.312500 0.225000 0.281250 0.267188 0.293750 0.273438 0.243750 0.298438 0.254167 0.290625 0.300000 0.325000 0.312500 0.321875 0.337500 0.287500 0.331250 0.275000 0.379167
4 0.525879 0.413281 0.501563 0.481250 0.526563 0.468750 0.542188 0.443750 0.565625 0.447917 0.579688 0.431250 0.585938 0.397917 0.579688 0.385417 0.559375 0.387500 0.534375 0.375000 0.512500 0.356250 0.493750 0.341667 0.475000 0.368750 0.475000 0.397917 0.496875 0.425000 0.492188 0.437500 0.493750 0.466667
5 0.890625 0.460938 0.884375 0.439583 0.895312 0.437500 0.895312 0.483333 0.887500 0.483333
6 0.124609 0.470833 0.128125 0.422917 0.128125 0.518750 0.120313 0.518750 0.121875 0.422917
7 0.507812 0.470313 0.131250 0.108333 0.878125 0.100000 0.892188 0.831250 0.129688 0.841667
