0 0.032500 0.497500 0.025000 0.485417 0.034375 0.481250 0.042188 0.493750 0.037500 0.510417 0.023438 0.516667
1 0.111979 0.697569 0.109375 0.681250 0.100000 0.691667 0.103125 0.710417 0.112500 0.712500 0.123438 0.704167 0.123438 0.685417
1 0.343527 0.793155 0.348438 0.775000 0.337500 0.779167 0.331250 0.787500 0.332813 0.804167 0.345313 0.810417 0.353125 0.804167 0.356250 0.791667
1 0.340179 0.888393 0.350000 0.881250 0.343750 0.868750 0.331250 0.875000 0.328125 0.887500 0.329688 0.906250 0.345313 0.906250 0.353125 0.893750
1 0.656920 0.801190 0.662500 0.785417 0.648438 0.787500 0.643750 0.800000 0.646875 0.812500 0.659375 0.818750 0.668750 0.806250 0.668750 0.797917
1 0.643359 0.900260 0.646875 0.885417 0.637500 0.887500 0.631250 0.893750 0.631250 0.906250 0.640625 0.918750 0.650000 0.916667 0.656250 0.900000 0.653125 0.893750
1 0.890104 0.907870 0.903125 0.904167 0.896875 0.893750 0.887500 0.887500 0.878125 0.893750 0.875000 0.906250 0.878125 0.918750 0.890625 0.925000 0.900000 0.925000 0.901563 0.916667
1 0.937109 0.914062 0.929688 0.897917 0.923438 0.906250 0.925000 0.918750 0.934375 0.929167 0.943750 0.931250 0.950000 0.918750 0.950000 0.910417 0.940625 0.900000
1 0.940820 0.831250 0.950000 0.818750 0.956250 0.831250 0.950000 0.843750 0.940625 0.847917 0.932813 0.843750 0.928125 0.829167 0.929688 0.818750 0.939063 0.816667
2 0.076693 0.042882 0.103125 0.031250 0.087500 0.018750 0.068750 0.016667 0.056250 0.018750 0.050000 0.025000 0.046875 0.041667 0.048438 0.056250 0.059375 0.072917 0.085938 0.075000 0.100000 0.062500 0.106250 0.054167 0.107813 0.041667
3 0.072879 0.827381 0.090625 0.743750 0.090625 0.806250 0.137500 0.806250 0.134375 0.831250 0.090625 0.837500 0.090625 0.897917 0.078125 0.906250 0.062500 0.904167 0.062500 0.837500 0.015625 0.837500 0.017188 0.810417 0.025000 0.806250 0.062500 0.810417 0.062500 0.747917
4 0.886310 0.072520 0.828125 0.106250 0.831250 0.116667 0.850000 0.118750 0.860938 0.106250 0.881250 0.112500 0.907813 0.116667 0.929688 0.129167 0.954688 0.112500 0.956250 0.079167 0.956250 0.056250 0.956250 0.029167 0.939063 0.022917 0.909375 0.022917 0.890625 0.018750 0.875000 0.018750 0.865625 0.031250 0.856250 0.050000 0.856250 0.062500 0.840625 0.062500 0.835938 0.068750 0.831250 0.081250
5 0.952344 0.475521 0.943750 0.445833 0.960938 0.445833 0.959375 0.504167 0.945312 0.506250
6 0.032031 0.459896 0.040625 0.402083 0.028125 0.397917 0.021875 0.518750 0.037500 0.520833
7 0.491797 0.483854 0.932813 0.052083 0.951562 0.931250 0.020313 0.912500 0.062500 0.039583
