1 0.137500 0.087500 0.021875 0.031250
1 0.350781 0.103125 0.023438 0.031250
1 0.139844 0.207031 0.026562 0.029687
1 0.075000 0.415625 0.028125 0.034375
1 0.060937 0.496094 0.025000 0.029687
1 0.682813 0.926562 0.028125 0.037500
1 0.477344 0.472656 0.026562 0.029687
1 0.899219 0.734375 0.026562 0.031250
2 0.947656 0.571875 0.048438 0.071875
3 0.456250 0.517969 0.109375 0.139063
4 0.477344 0.742188 -0.132812 0.153125
5 0.976562 0.557031 0.040625 0.082812
6 0.057813 0.459375 0.046875 0.137500
7 0.541406 0.078125 0.914062 0.121875
7 0.976562 0.553125 0.053125 0.962500
7 0.053906 0.466406 -0.173437 0.898438
7 0.328906 0.953906 0.657813 0.157812
