0 0.189062 0.297656 0.184375 0.277083 0.176563 0.289583 0.176563 0.304167 0.184375 0.314583 0.195312 0.310417 0.200000 0.304167 0.200000 0.295833 0.195312 0.285417
1 0.060085 0.382765 0.050000 0.395833 0.057813 0.400000 0.065625 0.400000 0.070312 0.393750 0.073438 0.385417 0.071875 0.377083 0.067187 0.370833 0.059375 0.366667 0.053125 0.364583 0.046875 0.372917 0.045312 0.383333
1 0.366619 0.912879 0.365625 0.931250 0.376563 0.929167 0.376563 0.920833 0.378125 0.912500 0.375000 0.904167 0.368750 0.897917 0.364063 0.897917 0.359375 0.902083 0.356250 0.908333 0.354687 0.914583 0.357812 0.922917
1 0.775911 0.918924 0.785937 0.929167 0.785937 0.914583 0.785937 0.906250 0.781250 0.904167 0.775000 0.904167 0.770312 0.904167 0.767188 0.910417 0.764062 0.916667 0.765625 0.927083 0.768750 0.933333 0.776563 0.941667 0.784375 0.935417
1 0.844965 0.075000 0.853125 0.062500 0.846875 0.060417 0.839063 0.058333 0.831250 0.068750 0.831250 0.083333 0.839063 0.085417 0.848437 0.089583 0.857812 0.089583 0.857812 0.077083
1 0.425938 0.082917 0.418750 0.100000 0.429688 0.097917 0.434375 0.091667 0.437500 0.083333 0.432812 0.079167 0.431250 0.072917 0.425000 0.068750 0.420312 0.070833 0.415625 0.075000 0.414062 0.089583
1 0.327257 0.141667 0.339062 0.156250 0.340625 0.137500 0.332813 0.129167 0.326562 0.125000 0.320312 0.131250 0.318750 0.137500 0.317188 0.145833 0.321875 0.152083 0.328125 0.160417
1 0.307969 0.072917 0.301563 0.085417 0.309375 0.087500 0.314063 0.087500 0.317188 0.081250 0.317188 0.072917 0.317188 0.064583 0.309375 0.058333 0.304688 0.056250 0.293750 0.064583 0.295312 0.070833
1 0.994010 0.512500 0.996875 0.527083 0.992188 0.525000 0.990625 0.518750 0.992188 0.506250 0.993750 0.497917 0.998437 0.500000
2 0.560243 0.088542 0.542188 0.077083 0.539062 0.085417 0.535937 0.095833 0.537500 0.108333 0.542188 0.125000 0.550000 0.131250 0.560937 0.129167 0.568750 0.118750 0.575000 0.108333 0.578125 0.100000 0.582812 0.085417 0.581250 0.075000 0.578125 0.064583 0.573438 0.060417 0.568750 0.058333 0.562500 0.056250 0.557813 0.056250 0.550000 0.058333
4 0.720559 0.577686 0.670312 0.525000 0.684375 0.510417 0.693750 0.489583 0.710938 0.504167 0.709375 0.514583 0.721875 0.527083 0.746875 0.543750 0.770312 0.564583 0.776563 0.554167 0.790625 0.572917 0.796875 0.581250 0.790625 0.600000 0.782813 0.620833 0.776563 0.627083 0.754687 0.616667 0.759375 0.625000 0.757812 0.650000 0.751563 0.654167 0.748437 0.645833 0.750000 0.633333 0.746875 0.620833 0.739062 0.618750 0.729688 0.614583 0.720313 0.606250 0.714063 0.593750 0.706250 0.589583 0.696875 0.587500 0.689063 0.579167 0.684375 0.572917 0.679688 0.560417 0.675000 0.560417 0.668750 0.560417 0.656250 0.566667 0.654687 0.575000 0.651563 0.558333 0.664062 0.545833 0.678125 0.547917 0.682813 0.533333
3 0.915755 0.890625 0.859375 0.920833 0.898438 0.885417 0.871875 0.837500 0.885938 0.818750 0.920312 0.872917 0.954688 0.839583 0.967187 0.854167 0.934375 0.891667 0.959375 0.943750 0.943750 0.960417 0.914062 0.916667 0.879687 0.945833
5 0.969531 0.495833 0.957812 0.556250 0.985938 0.545833 0.979688 0.437500 0.954688 0.443750
6 0.015625 0.497917 0.029687 0.550000 0.031250 0.429167 0.006250 0.425000 0.006250 0.535417 0.004687 0.550000
7 0.968021 0.612778 0.965625 0.962500 0.962500 0.887500 0.959375 0.862500 0.973437 0.850000 0.957812 0.825000 0.945312 0.183333 0.935937 0.020833 0.943750 0.012500 0.965625 0.000000 0.981250 0.302083 0.981250 0.633333 0.990625 0.683333 0.989062 0.987500 0.987500 0.991667 0.981250 0.989583
7 0.025710 0.410985 0.021875 0.952083 0.028125 0.635417 0.037500 0.422917 0.042188 0.210417 0.046875 0.033333 0.046875 0.025000 0.023438 0.004167 0.021875 0.002083 0.006250 0.268750 0.003125 0.975000 0.004687 0.991667
7 0.625781 0.966875 0.023438 0.954167 0.346875 0.952083 0.692187 0.954167 0.898438 0.956250 0.946875 0.968750 0.962500 0.960417 0.992188 0.956250 0.993750 0.987500 0.390625 0.991667 0.010937 0.987500
7 0.514746 0.046094 0.006250 0.018750 0.371875 0.018750 0.696875 0.027083 0.985938 0.031250 0.985938 0.058333 0.871875 0.064583 0.846875 0.052083 0.807813 0.062500 0.585938 0.054167 0.567187 0.045833 0.543750 0.056250 0.492188 0.060417 0.307812 0.045833 0.148438 0.047917 0.009375 0.050000 0.007812 0.043750
