0 0.352455 0.406250 0.350000 0.422917 0.362500 0.412500 0.362500 0.397917 0.353125 0.393750 0.346875 0.393750 0.345313 0.406250 0.346875 0.416667
7 0.487500 0.721250 0.071875 0.554167 0.093750 0.550000 0.089063 0.891667 0.892188 0.893750 0.889062 0.850000 0.885938 0.554167 0.903125 0.550000 0.909375 0.910417 0.065625 0.910417 0.075000 0.547917
7 0.439236 0.298843 0.073438 0.447917 0.090625 0.450000 0.096875 0.118750 0.868750 0.131250 0.879687 0.437500 0.898438 0.447917 0.895312 0.104167 0.078125 0.108333 0.071875 0.443750
6 0.082500 0.492500 0.089063 0.454167 0.070312 0.441667 0.065625 0.550000 0.095312 0.552083 0.092188 0.464583
5 0.888750 0.486667 0.876563 0.443750 0.903125 0.447917 0.909375 0.547917 0.879687 0.547917 0.875000 0.445833
4 0.363504 0.372470 0.345313 0.437500 0.376563 0.437500 0.381250 0.402083 0.403125 0.381250 0.417187 0.383333 0.426563 0.335417 0.406250 0.327083 0.353125 0.320833 0.326562 0.302083 0.309375 0.337500 0.325000 0.362500 0.340625 0.370833 0.337500 0.387500 0.340625 0.429167
3 0.501442 0.502404 0.456250 0.525000 0.465625 0.543750 0.509375 0.510417 0.525000 0.558333 0.540625 0.552083 0.520312 0.504167 0.548438 0.475000 0.540625 0.458333 0.501563 0.485417 0.490625 0.443750 0.473438 0.450000 0.489063 0.500000 0.457813 0.525000
1 0.105937 0.129583 0.100000 0.137500 0.117188 0.137500 0.117188 0.120833 0.098437 0.120833 0.096875 0.131250
1 0.107031 0.154688 0.117188 0.145833 0.096875 0.145833 0.096875 0.162500 0.117188 0.164583
1 0.335156 0.155208 0.342187 0.143750 0.328125 0.143750 0.328125 0.166667 0.342187 0.166667
1 0.499219 0.534375 0.500000 0.520833 0.490625 0.527083 0.496875 0.550000 0.509375 0.539583
1 0.244375 0.675833 0.242188 0.658333 0.226562 0.670833 0.245312 0.697917 0.257812 0.687500 0.250000 0.664583
1 0.880312 0.854167 0.889062 0.845833 0.873437 0.837500 0.867188 0.854167 0.879687 0.875000 0.892188 0.858333
2 0.801562 0.830952 0.793750 0.858333 0.812500 0.858333 0.831250 0.820833 0.812500 0.795833 0.789062 0.806250 0.776563 0.822917 0.795312 0.854167
