1 0.382812 0.482292 0.387500 0.472917 0.376563 0.472917 0.371875 0.481250 0.376563 0.497917 0.390625 0.493750 0.393750 0.475000
1 0.267969 0.601042 0.275000 0.591667 0.262500 0.587500 0.259375 0.597917 0.259375 0.612500 0.273438 0.616667 0.278125 0.600000
1 0.127344 0.833333 0.134375 0.822917 0.123438 0.818750 0.117188 0.831250 0.121875 0.843750 0.129688 0.847917 0.137500 0.835417
1 0.118229 0.636458 0.128125 0.631250 0.123438 0.625000 0.109375 0.629167 0.107813 0.641667 0.112500 0.647917 0.128125 0.643750
1 0.112813 0.495417 0.115625 0.481250 0.120313 0.491667 0.118750 0.504167 0.106250 0.506250 0.103125 0.493750
1 0.202188 0.378333 0.210938 0.375000 0.206250 0.387500 0.193750 0.387500 0.193750 0.372917 0.206250 0.368750
1 0.191250 0.326667 0.192188 0.312500 0.201563 0.322917 0.196875 0.337500 0.185938 0.337500 0.179688 0.322917
1 0.310312 0.135833 0.318750 0.131250 0.312500 0.125000 0.301563 0.131250 0.303125 0.143750 0.315625 0.147917
2 0.282813 0.320833 0.278125 0.291667 0.271875 0.300000 0.267188 0.337500 0.281250 0.350000 0.287500 0.350000 0.300000 0.318750 0.293750 0.297917
3 0.444231 0.401763 0.437500 0.350000 0.434375 0.391667 0.400000 0.391667 0.400000 0.418750 0.431250 0.422917 0.431250 0.462500 0.453125 0.466667 0.456250 0.422917 0.490625 0.416667 0.490625 0.393750 0.456250 0.393750 0.454688 0.343750 0.439063 0.347917
4 0.512019 0.403365 0.493750 0.450000 0.484375 0.456250 0.485938 0.468750 0.501563 0.462500 0.542188 0.462500 0.542188 0.431250 0.534375 0.431250 0.531250 0.362500 0.537500 0.356250 0.537500 0.331250 0.503125 0.343750 0.484375 0.337500 0.478125 0.350000
5 0.851953 0.470833 0.846875 0.447917 0.857812 0.447917 0.857812 0.493750 0.845313 0.493750
6 0.107422 0.484375 0.112500 0.437500 0.104688 0.435417 0.101562 0.531250 0.110937 0.533333
7 0.481250 0.484896 0.117188 0.129167 0.109375 0.852083 0.856250 0.837500 0.842187 0.120833
