1 0.354687 0.478646 0.350000 0.472917 0.350000 0.481250 0.356250 0.487500 0.362500 0.472917
1 0.519922 0.541146 0.509375 0.537500 0.517188 0.554167 0.528125 0.543750 0.525000 0.529167
1 0.735547 0.270833 0.725000 0.268750 0.729688 0.281250 0.746875 0.279167 0.740625 0.254167
1 0.496875 0.170313 0.489063 0.168750 0.493750 0.181250 0.503125 0.175000 0.501563 0.156250
1 0.617578 0.165104 0.609375 0.162500 0.615625 0.175000 0.625000 0.168750 0.620313 0.154167
1 0.339375 0.566667 0.332813 0.562500 0.332813 0.572917 0.343750 0.575000 0.350000 0.562500 0.337500 0.560417
1 0.846875 0.563542 0.837500 0.556250 0.843750 0.575000 0.856250 0.568750 0.850000 0.554167
1 0.446484 0.042708 0.437500 0.041667 0.443750 0.056250 0.457813 0.041667 0.446875 0.031250
2 0.779427 0.498611 0.762500 0.475000 0.760938 0.500000 0.775000 0.518750 0.796875 0.518750 0.800000 0.497917 0.781250 0.481250
3 0.526432 0.464583 0.521875 0.397917 0.518750 0.443750 0.478125 0.441667 0.473438 0.479167 0.512500 0.481250 0.506250 0.525000 0.528125 0.529167 0.537500 0.481250 0.575000 0.485417 0.579688 0.462500 0.537500 0.447917 0.548438 0.400000
4 0.340039 0.526042 0.284375 0.529167 0.293750 0.537500 0.303125 0.543750 0.328125 0.550000 0.337500 0.543750 0.348438 0.550000 0.353125 0.554167 0.353125 0.556250 0.348438 0.579167 0.367188 0.593750 0.387500 0.562500 0.379688 0.547917 0.371875 0.543750 0.378125 0.531250 0.362500 0.518750 0.378125 0.497917 0.378125 0.462500 0.343750 0.454167 0.335938 0.481250 0.325000 0.491667 0.321875 0.500000 0.309375 0.487500 0.290625 0.491667 0.281250 0.516667
5 0.871094 0.411458 0.864062 0.381250 0.879687 0.379167 0.881250 0.443750 0.859375 0.441667
6 0.120313 0.373437 0.128125 0.325000 0.112500 0.320833 0.110937 0.422917 0.129688 0.425000
7 0.475938 0.312917 0.117188 0.004167 0.121875 0.733333 0.862500 0.787500 0.884375 0.035417 0.393750 0.004167
