0 0.221875 0.714844 0.018750 0.023438
1 0.212500 0.695312 0.021875 0.021875
1 0.385156 0.620313 0.023438 0.028125
1 0.617188 0.703125 0.021875 0.028125
1 0.676562 0.456250 0.018750 0.025000
1 0.499219 0.142187 0.020313 0.025000
1 0.707031 0.350781 0.020313 0.026562
1 0.742188 0.293750 0.021875 0.025000
1 0.766406 0.139844 0.017188 0.023438
2 0.629687 0.500000 0.034375 0.059375
3 0.504687 0.357812 0.100000 0.112500
4 0.310937 0.445312 0.087500 0.121875
5 0.817969 0.428125 0.029687 0.053125
6 0.129688 0.432031 0.043750 0.107813
7 0.471094 0.782813 0.779687 0.065625
7 0.829688 0.435937 0.056250 0.762500
7 0.473438 0.082031 0.740625 0.051562
7 0.113281 0.439063 0.060937 -0.753125
