0 0.172656 0.179688 0.039062 0.037500
0 0.555469 0.719531 0.045312 0.057813
1 0.189844 0.292969 0.048438 0.042188
1 0.211719 0.364063 0.042188 0.050000
1 0.177344 0.402344 0.045312 0.045312
1 0.141406 0.681250 0.045312 0.046875
1 0.065625 0.778125 0.040625 0.046875
1 0.735156 0.731250 0.042188 0.050000
1 0.781250 0.598437 0.046875 0.050000
1 0.571094 0.223438 0.054688 0.053125
2 0.298438 0.624219 0.084375 0.073438
3 0.437500 0.507031 0.115625 0.154688
4 0.350781 0.387500 0.148438 0.171875
5 0.794531 0.473438 0.054688 0.087500
6 0.079687 0.441406 0.075000 0.145313
7 0.064844 0.446094 0.117188 0.782813
7 0.411719 0.833594 0.823438 0.123438
7 0.806250 0.488281 0.087500 0.823438
7 0.455469 0.100000 0.785937 0.103125
