0 0.122656 0.829514 0.128125 0.843750 0.137500 0.825000 0.129688 0.812500 0.115625 0.816667 0.109375 0.831250 0.115625 0.847917
1 0.836979 0.081250 0.831250 0.093750 0.845313 0.093750 0.850000 0.081250 0.840625 0.062500 0.829688 0.068750 0.825000 0.087500
1 0.889844 0.258073 0.878125 0.268750 0.885938 0.275000 0.896875 0.268750 0.903125 0.262500 0.901563 0.247917 0.893750 0.243750 0.881250 0.243750 0.878125 0.254167
1 0.649219 0.398611 0.646875 0.412500 0.657813 0.410417 0.659375 0.393750 0.653125 0.381250 0.640625 0.387500 0.637500 0.406250
1 0.088750 0.610000 0.090625 0.622917 0.100000 0.612500 0.093750 0.597917 0.081250 0.600000 0.078125 0.616667
1 0.029948 0.904514 0.032813 0.916667 0.043750 0.904167 0.037500 0.893750 0.028125 0.893750 0.017188 0.900000 0.020313 0.918750
1 0.073438 0.914583 0.068750 0.931250 0.084375 0.925000 0.085938 0.912500 0.078125 0.900000 0.068750 0.900000 0.062500 0.910417 0.065625 0.922917
1 0.380729 0.907986 0.375000 0.925000 0.390625 0.922917 0.393750 0.904167 0.384375 0.891667 0.371875 0.897917 0.368750 0.906250
1 0.603437 0.919167 0.604688 0.935417 0.612500 0.925000 0.612500 0.906250 0.596875 0.906250 0.590625 0.922917
2 0.063867 0.089323 0.057813 0.125000 0.078125 0.118750 0.085938 0.091667 0.078125 0.075000 0.068750 0.066667 0.054688 0.062500 0.043750 0.068750 0.043750 0.106250
3 0.537240 0.624306 0.531250 0.700000 0.543750 0.641667 0.587500 0.654167 0.595313 0.637500 0.548438 0.612500 0.559375 0.554167 0.543750 0.550000 0.528125 0.606250 0.485938 0.593750 0.481250 0.612500 0.526563 0.635417 0.515625 0.693750
4 0.221394 0.370085 0.273438 0.418750 0.271875 0.393750 0.256250 0.387500 0.243750 0.393750 0.228125 0.387500 0.217188 0.400000 0.206250 0.393750 0.190625 0.400000 0.185938 0.412500 0.187500 0.429167 0.184375 0.435417 0.176563 0.418750 0.175000 0.406250 0.178125 0.393750 0.193750 0.381250 0.192188 0.368750 0.170313 0.368750 0.160938 0.362500 0.143750 0.356250 0.153125 0.350000 0.154688 0.325000 0.159375 0.312500 0.179688 0.306250 0.187500 0.312500 0.187500 0.322917 0.253125 0.318750 0.253125 0.304167 0.275000 0.304167 0.281250 0.316667 0.285938 0.341667 0.284375 0.350000 0.265625 0.356250 0.256250 0.356250 0.253125 0.362500 0.256250 0.368750 0.271875 0.381250 0.278125 0.393750 0.284375 0.416667 0.278125 0.425000
5 0.959375 0.497396 0.943750 0.547917 0.975000 0.562500 0.975000 0.435417 0.943750 0.443750
6 0.018750 0.486979 0.032813 0.550000 0.001563 0.547917 0.006250 0.418750 0.034375 0.431250
7 0.959792 0.501111 0.960938 0.010417 0.965625 0.135417 0.971875 0.275000 0.975000 0.431250 0.981250 0.700000 0.981250 0.962500 0.981250 0.993750 0.971875 0.993750 0.954688 0.950000 0.950000 0.791667 0.946875 0.560417 0.946875 0.406250 0.939063 0.225000 0.937500 0.062500 0.932813 0.018750
7 0.546048 0.963235 0.979688 0.941667 0.996875 0.962500 0.995313 0.968750 0.912500 0.981250 0.804688 0.981250 0.648438 0.981250 0.450000 0.985417 0.268750 0.981250 0.062500 0.975000 0.001563 0.972917 0.003125 0.956250 0.028125 0.941667 0.217188 0.950000 0.454688 0.947917 0.681250 0.950000 0.831250 0.950000 0.946875 0.947917
7 0.026128 0.453935 0.025000 0.943750 0.025000 0.925000 0.018750 0.925000 0.012500 0.893750 0.025000 0.879167 0.032813 0.556250 0.040625 0.347917 0.048438 0.137500 0.037500 0.118750 0.037500 0.087500 0.040625 0.056250 0.050000 0.035417 0.034375 0.010417 0.021875 0.004167 0.009375 0.291667 0.006250 0.416667 0.001563 0.585417 0.003125 0.956250
7 0.541176 0.047794 0.003125 0.025000 0.146875 0.022917 0.334375 0.022917 0.606250 0.029167 0.790625 0.029167 0.979688 0.035417 0.981250 0.050000 0.965625 0.072917 0.854688 0.062500 0.835938 0.050000 0.815625 0.062500 0.725000 0.066667 0.543750 0.066667 0.376563 0.060417 0.181250 0.056250 0.046875 0.050000 0.012500 0.050000
