0 0.489063 0.435417 0.487500 0.450000 0.501563 0.441667 0.496875 0.418750 0.481250 0.422917 0.478125 0.443750
1 0.432031 0.496875 0.426563 0.516667 0.442188 0.506250 0.443750 0.491667 0.434375 0.481250 0.423438 0.485417 0.421875 0.500000
1 0.846250 0.631667 0.846875 0.647917 0.831250 0.641667 0.837500 0.618750 0.856250 0.618750 0.859375 0.631250
1 0.132812 0.819167 0.125000 0.837500 0.148438 0.829167 0.148438 0.806250 0.125000 0.804167 0.117188 0.818750
2 0.457292 0.313194 0.434375 0.300000 0.443750 0.337500 0.468750 0.350000 0.478125 0.322917 0.468750 0.287500 0.450000 0.281250
3 0.537760 0.474826 0.537500 0.541667 0.557813 0.535417 0.550000 0.487500 0.589063 0.475000 0.581250 0.443750 0.550000 0.456250 0.537500 0.410417 0.518750 0.412500 0.521875 0.462500 0.487500 0.479167 0.493750 0.500000 0.528125 0.493750
4 0.681618 0.354044 0.657813 0.429167 0.693750 0.406250 0.734375 0.387500 0.750000 0.368750 0.743750 0.343750 0.746875 0.310417 0.731250 0.293750 0.714063 0.285417 0.684375 0.297917 0.662500 0.312500 0.650000 0.316667 0.631250 0.325000 0.626563 0.343750 0.626563 0.362500 0.634375 0.385417 0.640625 0.418750 0.659375 0.431250
5 0.890234 0.459896 0.885938 0.437500 0.893750 0.435417 0.893750 0.481250 0.887500 0.485417
6 0.126953 0.478125 0.131250 0.431250 0.131250 0.525000 0.121875 0.525000 0.123438 0.431250
7 0.507812 0.473438 0.131250 0.112500 0.878125 0.100000 0.892188 0.831250 0.129688 0.850000
