0 0.843750 0.624219 0.028125 0.035937
1 0.393750 0.801562 0.025000 0.037500
1 0.801562 0.613281 0.025000 0.035937
1 0.557031 0.480469 0.023438 0.032813
1 0.852344 0.480469 0.026562 0.035937
1 0.875781 0.457031 0.026562 0.035937
1 0.694531 0.194531 0.026562 0.035937
1 0.714844 0.150000 0.023438 0.031250
1 0.714063 0.120313 0.025000 0.031250
2 0.615625 0.184375 0.043750 0.056250
3 0.579688 0.463281 0.112500 0.148438
4 0.501563 0.500781 0.100000 0.167187
5 0.975000 0.560937 0.046875 0.084375
6 0.054688 0.454688 0.062500 -0.137500
7 0.058594 0.475000 -0.170313 0.909375
7 0.539062 0.078906 0.918750 0.123438
7 0.301563 0.945312 0.593750 0.128125
7 0.985156 0.540625 0.060937 0.925000
