0 0.622476 0.528686 0.617188 0.535417 0.618750 0.541667 0.628125 0.541667 0.631250 0.531250 0.628125 0.518750 0.625000 0.510417 0.618750 0.510417 0.612500 0.518750 0.612500 0.525000 0.612500 0.531250 0.621875 0.543750 0.634375 0.529167 0.631250 0.535417
1 0.742857 0.041964 0.735938 0.050000 0.742188 0.056250 0.750000 0.054167 0.753125 0.037500 0.750000 0.029167 0.737500 0.029167 0.731250 0.037500
1 0.910045 0.398512 0.903125 0.412500 0.918750 0.412500 0.923438 0.397917 0.918750 0.387500 0.903125 0.387500 0.903125 0.391667 0.900000 0.400000
1 0.587674 0.546991 0.590625 0.535417 0.584375 0.535417 0.575000 0.541667 0.578125 0.550000 0.581250 0.562500 0.590625 0.560417 0.596875 0.556250 0.596875 0.543750 0.595313 0.537500
1 0.298750 0.162708 0.293750 0.150000 0.287500 0.156250 0.287500 0.166667 0.290625 0.179167 0.300000 0.179167 0.306250 0.175000 0.309375 0.166667 0.309375 0.156250 0.304688 0.150000 0.298438 0.147917
2 0.198153 0.155492 0.175000 0.162500 0.181250 0.179167 0.193750 0.181250 0.209375 0.179167 0.218750 0.168750 0.223438 0.154167 0.217188 0.137500 0.206250 0.129167 0.193750 0.131250 0.184375 0.137500 0.176563 0.150000
3 0.594712 0.510897 0.571875 0.462500 0.581250 0.454167 0.600000 0.500000 0.637500 0.481250 0.643750 0.497917 0.606250 0.518750 0.621875 0.568750 0.609375 0.575000 0.593750 0.529167 0.556250 0.550000 0.550000 0.531250 0.585938 0.510417 0.573438 0.462500
4 0.471000 0.364000 0.460938 0.400000 0.493750 0.368750 0.493750 0.360417 0.506250 0.350000 0.515625 0.350000 0.518750 0.362500 0.526563 0.356250 0.517188 0.341667 0.506250 0.337500 0.506250 0.331250 0.512500 0.325000 0.493750 0.287500 0.478125 0.300000 0.478125 0.312500 0.428125 0.356250 0.423438 0.343750 0.407813 0.356250 0.426563 0.393750 0.434375 0.387500 0.429688 0.410417 0.434375 0.431250 0.443750 0.429167 0.439063 0.416667 0.443750 0.400000 0.456250 0.391667
5 0.922266 0.473438 0.915625 0.447917 0.928125 0.447917 0.929688 0.497917 0.915625 0.500000
6 0.109375 0.467187 0.115625 0.416667 0.104688 0.416667 0.104688 0.516667 0.112500 0.518750
7 0.652257 0.399769 0.123438 0.085417 0.109375 0.862500 0.923438 0.866667 0.912500 0.418750 0.925000 0.418750 0.925000 0.385417 0.915625 0.385417 0.912500 0.093750 0.123438 0.081250
