0 0.460938 0.405903 0.457813 0.393750 0.453125 0.404167 0.454688 0.416667 0.460938 0.416667 0.470313 0.410417 0.468750 0.393750
1 0.159635 0.266667 0.154688 0.254167 0.150000 0.268750 0.156250 0.281250 0.165625 0.279167 0.168750 0.262500 0.162500 0.254167
1 0.128125 0.834375 0.123438 0.825000 0.118750 0.831250 0.120313 0.847917 0.131250 0.847917 0.140625 0.831250 0.134375 0.822917
1 0.241146 0.771528 0.237500 0.760417 0.231250 0.768750 0.234375 0.781250 0.243750 0.781250 0.251563 0.775000 0.248438 0.762500
1 0.848125 0.668333 0.845313 0.656250 0.839063 0.662500 0.843750 0.679167 0.853125 0.681250 0.859375 0.662500
1 0.705313 0.285000 0.704688 0.272917 0.696875 0.285417 0.700000 0.297917 0.710938 0.293750 0.714063 0.275000
1 0.775000 0.183750 0.768750 0.175000 0.767188 0.187500 0.773438 0.193750 0.781250 0.187500 0.784375 0.175000
1 0.322187 0.154583 0.318750 0.143750 0.312500 0.154167 0.318750 0.168750 0.331250 0.162500 0.329688 0.143750
1 0.704688 0.535417 0.698438 0.522917 0.693750 0.531250 0.696875 0.547917 0.706250 0.554167 0.715625 0.550000 0.715625 0.525000 0.706250 0.516667
3 0.721540 0.563988 0.714063 0.581250 0.710938 0.618750 0.718750 0.622917 0.729688 0.622917 0.731250 0.579167 0.762500 0.579167 0.762500 0.554167 0.731250 0.550000 0.731250 0.506250 0.720313 0.506250 0.715625 0.506250 0.715625 0.550000 0.679688 0.550000 0.678125 0.568750
2 0.805357 0.227083 0.790625 0.210417 0.784375 0.218750 0.790625 0.243750 0.809375 0.250000 0.825000 0.237500 0.825000 0.222917 0.812500 0.206250
4 0.446131 0.379563 0.400000 0.368750 0.387500 0.375000 0.406250 0.412500 0.415625 0.406250 0.428125 0.406250 0.440625 0.412500 0.446875 0.431250 0.460938 0.441667 0.471875 0.431250 0.481250 0.422917 0.481250 0.400000 0.470313 0.381250 0.465625 0.362500 0.475000 0.350000 0.475000 0.341667 0.481250 0.335417 0.462500 0.306250 0.450000 0.312500 0.450000 0.329167 0.410938 0.368750 0.407813 0.375000
5 0.858594 0.470313 0.870313 0.443750 0.845313 0.450000 0.846875 0.493750 0.871875 0.493750
6 0.100781 0.482812 0.112500 0.437500 0.090625 0.431250 0.087500 0.531250 0.112500 0.531250
7 0.097500 0.574167 0.093750 0.079167 0.078125 0.900000 0.090625 0.900000 0.106250 0.893750 0.118750 0.097917
7 0.480208 0.114931 0.078125 0.100000 0.078125 0.112500 0.115625 0.135417 0.853125 0.131250 0.878125 0.110417 0.878125 0.100000
7 0.859635 0.480208 0.853125 0.866667 0.871875 0.883333 0.879687 0.881250 0.862500 0.077083 0.854688 0.075000 0.835938 0.097917
7 0.483333 0.854514 0.879687 0.829167 0.898438 0.850000 0.896875 0.862500 0.064062 0.875000 0.067187 0.862500 0.093750 0.847917
