1 0.150313 0.270833 0.154688 0.254167 0.159375 0.268750 0.150000 0.281250 0.140625 0.281250 0.146875 0.268750
5 0.878125 0.450000 0.871875 0.416667 0.890625 0.416667 0.887500 0.481250 0.862500 0.485417
6 0.126367 0.376042 0.134375 0.329167 0.120313 0.325000 0.112500 0.431250 0.131250 0.431250 0.131250 0.385417 0.125000 0.379167 0.125000 0.366667 0.131250 0.360417
7 0.501563 0.409896 0.143750 0.016667 0.109375 0.737500 0.850000 0.816667 0.903125 0.068750
1 0.351953 0.482292 0.357812 0.454167 0.340625 0.460417 0.332813 0.477083 0.334375 0.497917 0.346875 0.508333 0.364063 0.504167 0.371875 0.487500 0.367188 0.468750
1 0.338281 0.567969 0.343750 0.550000 0.328125 0.547917 0.323437 0.566667 0.326562 0.583333 0.335938 0.589583 0.348438 0.583333 0.351562 0.568750 0.348438 0.554167
1 0.256597 0.589815 0.254688 0.566667 0.243750 0.577083 0.242188 0.593750 0.243750 0.608333 0.256250 0.612500 0.267188 0.606250 0.270313 0.595833 0.270313 0.577083 0.260937 0.570833
1 0.238715 0.688889 0.240625 0.664583 0.228125 0.675000 0.221875 0.687500 0.225000 0.697917 0.232813 0.710417 0.243750 0.708333 0.251563 0.697917 0.254688 0.687500 0.250000 0.670833
1 0.443945 0.589063 0.443750 0.570833 0.431250 0.575000 0.426563 0.591667 0.432812 0.606250 0.446875 0.608333 0.457813 0.602083 0.459375 0.583333 0.453125 0.575000
1 0.512305 0.534635 0.517188 0.510417 0.503125 0.516667 0.493750 0.531250 0.498437 0.543750 0.510938 0.556250 0.521875 0.554167 0.528125 0.543750 0.525000 0.520833
3 0.523307 0.463194 0.517188 0.393750 0.510938 0.443750 0.471875 0.435417 0.467187 0.470833 0.506250 0.477083 0.500000 0.525000 0.528125 0.533333 0.535937 0.489583 0.571875 0.495833 0.579688 0.454167 0.543750 0.445833 0.546875 0.393750
4 0.335938 0.522917 0.268750 0.525000 0.295312 0.554167 0.303125 0.541667 0.303125 0.547917 0.321875 0.562500 0.331250 0.550000 0.339062 0.550000 0.348438 0.554167 0.348438 0.566667 0.346875 0.585417 0.360938 0.604167 0.396875 0.562500 0.376563 0.545833 0.370312 0.516667 0.382812 0.491667 0.379688 0.462500 0.359375 0.441667 0.332813 0.447917 0.325000 0.468750 0.325000 0.487500 0.318750 0.495833 0.304688 0.483333 0.287500 0.481250
