0 0.652232 0.557738 0.653125 0.543750 0.646875 0.547917 0.643750 0.560417 0.643750 0.568750 0.653125 0.572917 0.662500 0.562500 0.662500 0.547917
1 0.310417 0.136111 0.304688 0.125000 0.303125 0.137500 0.306250 0.147917 0.315625 0.147917 0.318750 0.135417 0.314063 0.122917
1 0.265000 0.335417 0.271875 0.325000 0.259375 0.322917 0.256250 0.337500 0.262500 0.350000 0.275000 0.341667
1 0.188281 0.322917 0.196875 0.316667 0.185938 0.312500 0.181250 0.318750 0.181250 0.329167 0.187500 0.331250 0.196875 0.329167
1 0.112240 0.493056 0.118750 0.485417 0.109375 0.481250 0.104688 0.487500 0.104688 0.504167 0.112500 0.506250 0.123438 0.493750
1 0.116667 0.638194 0.120313 0.625000 0.107813 0.631250 0.106250 0.643750 0.112500 0.650000 0.125000 0.643750 0.128125 0.635417
1 0.128125 0.835764 0.139063 0.829167 0.131250 0.818750 0.120313 0.831250 0.118750 0.843750 0.125000 0.850000 0.134375 0.841667
1 0.266406 0.603819 0.262500 0.587500 0.256250 0.604167 0.259375 0.616667 0.270313 0.616667 0.275000 0.606250 0.275000 0.591667
1 0.435313 0.466250 0.431250 0.454167 0.426563 0.462500 0.431250 0.479167 0.443750 0.475000 0.443750 0.460417
2 0.633789 0.321875 0.643750 0.297917 0.631250 0.300000 0.621875 0.312500 0.617188 0.329167 0.620313 0.343750 0.631250 0.343750 0.651563 0.335417 0.653125 0.312500
3 0.438462 0.395513 0.434375 0.337500 0.443750 0.379167 0.473438 0.372917 0.478125 0.391667 0.475000 0.400000 0.446875 0.406250 0.450000 0.447917 0.439063 0.450000 0.431250 0.412500 0.396875 0.418750 0.390625 0.400000 0.421875 0.387500 0.418750 0.337500
4 0.653348 0.300744 0.635938 0.356250 0.653125 0.343750 0.659375 0.322917 0.671875 0.318750 0.684375 0.331250 0.700000 0.329167 0.715625 0.306250 0.662500 0.235417 0.651563 0.218750 0.628125 0.250000 0.635938 0.262500 0.626563 0.287500 0.612500 0.306250 0.609375 0.341667
5 0.858984 0.468229 0.845313 0.443750 0.871875 0.443750 0.871875 0.497917 0.846875 0.487500
6 0.101172 0.483854 0.112500 0.437500 0.092188 0.435417 0.087500 0.531250 0.112500 0.531250
7 0.100260 0.491319 0.118750 0.097917 0.104688 0.081250 0.096875 0.081250 0.081250 0.900000 0.092188 0.900000 0.107813 0.887500
7 0.481510 0.853472 0.093750 0.843750 0.062500 0.866667 0.065625 0.879167 0.896875 0.856250 0.898438 0.850000 0.871875 0.825000
7 0.859635 0.478819 0.846875 0.862500 0.875000 0.885417 0.881250 0.881250 0.862500 0.075000 0.854688 0.075000 0.837500 0.093750
7 0.480729 0.112153 0.881250 0.093750 0.881250 0.106250 0.862500 0.125000 0.103125 0.135417 0.078125 0.112500 0.078125 0.100000
