0 0.964844 0.540278 0.954688 0.543750 0.962500 0.556250 0.975000 0.550000 0.975000 0.531250 0.965625 0.529167 0.956250 0.531250
1 0.069375 0.426667 0.065625 0.410417 0.076563 0.412500 0.076563 0.431250 0.068750 0.437500 0.059375 0.441667
1 0.140848 0.089583 0.128125 0.091667 0.134375 0.106250 0.143750 0.100000 0.153125 0.091667 0.150000 0.081250 0.145313 0.075000 0.131250 0.081250
1 0.330469 0.113889 0.321875 0.125000 0.335938 0.129167 0.340625 0.116667 0.337500 0.100000 0.325000 0.100000 0.321875 0.112500
1 0.184598 0.258333 0.193750 0.247917 0.190625 0.250000 0.193750 0.262500 0.185938 0.275000 0.175000 0.268750 0.171875 0.254167 0.181250 0.250000
1 0.133073 0.741667 0.140625 0.729167 0.145313 0.743750 0.134375 0.756250 0.121875 0.754167 0.121875 0.737500 0.134375 0.729167
1 0.476823 0.477083 0.481250 0.462500 0.489063 0.472917 0.484375 0.487500 0.475000 0.487500 0.465625 0.485417 0.465625 0.466667
1 0.680580 0.928274 0.693750 0.916667 0.690625 0.937500 0.684375 0.947917 0.668750 0.937500 0.668750 0.925000 0.673438 0.916667 0.684375 0.916667
2 0.472813 0.203333 0.473438 0.179167 0.485938 0.187500 0.492188 0.200000 0.493750 0.216667 0.487500 0.231250 0.475000 0.231250 0.457813 0.222917 0.450000 0.204167 0.450000 0.185417 0.462500 0.175000
3 0.454427 0.515972 0.442188 0.443750 0.459375 0.441667 0.465625 0.500000 0.509375 0.500000 0.509375 0.525000 0.465625 0.529167 0.468750 0.587500 0.446875 0.591667 0.443750 0.531250 0.400000 0.535417 0.398438 0.506250 0.443750 0.500000
1 0.466406 0.668490 0.457813 0.681250 0.453125 0.675000 0.456250 0.662500 0.462500 0.656250 0.470313 0.656250 0.475000 0.662500 0.478125 0.672917 0.478125 0.681250
4 0.480369 0.746474 0.481250 0.681250 0.506250 0.681250 0.506250 0.693750 0.515625 0.691667 0.518750 0.666667 0.534375 0.666667 0.537500 0.718750 0.526563 0.722917 0.518750 0.737500 0.518750 0.747917 0.506250 0.754167 0.512500 0.775000 0.509375 0.800000 0.496875 0.812500 0.493750 0.804167 0.501563 0.793750 0.503125 0.781250 0.493750 0.760417 0.485938 0.762500 0.478125 0.756250 0.475000 0.754167 0.470313 0.762500 0.465625 0.762500 0.462500 0.762500 0.460938 0.781250 0.465625 0.797917 0.475000 0.804167 0.475000 0.810417 0.468750 0.812500 0.454688 0.804167 0.446875 0.781250 0.450000 0.756250 0.423438 0.750000 0.426563 0.731250 0.415625 0.725000 0.418750 0.672917 0.440625 0.672917 0.443750 0.681250 0.450000 0.681250
6 0.062891 0.457813 0.064062 0.402083 0.078125 0.406250 0.060937 0.512500 0.048438 0.510417
5 0.971094 0.559896 0.964063 0.587500 0.978125 0.587500 0.976562 0.529167 0.965625 0.535417
7 0.533750 0.620417 0.962500 0.135417 0.959375 0.997917 0.610938 0.995833 0.009375 0.893750 0.126562 0.079167
