0 0.485938 0.883073 0.496875 0.891667 0.496875 0.879167 0.490625 0.868750 0.484375 0.868750 0.478125 0.872917 0.473438 0.887500 0.478125 0.897917 0.489063 0.897917
1 0.319196 0.472619 0.318750 0.485417 0.332813 0.479167 0.331250 0.460417 0.317188 0.454167 0.306250 0.462500 0.306250 0.479167 0.321875 0.487500
1 0.471615 0.411111 0.459375 0.418750 0.470313 0.429167 0.487500 0.412500 0.484375 0.400000 0.470313 0.393750 0.457813 0.412500
1 0.707812 0.283036 0.706250 0.272917 0.693750 0.275000 0.693750 0.293750 0.709375 0.300000 0.718750 0.291667 0.721875 0.279167 0.710938 0.268750
1 0.753125 0.257143 0.743750 0.262500 0.751563 0.272917 0.767188 0.262500 0.768750 0.250000 0.756250 0.237500 0.740625 0.247917 0.743750 0.266667
1 0.631250 0.614931 0.634375 0.631250 0.642188 0.612500 0.637500 0.593750 0.621875 0.597917 0.617188 0.618750 0.634375 0.635417
1 0.418438 0.241667 0.412500 0.254167 0.429688 0.254167 0.426563 0.231250 0.412500 0.225000 0.410938 0.243750
2 0.442969 0.228472 0.428125 0.212500 0.434375 0.260417 0.460938 0.260417 0.457813 0.218750 0.446875 0.206250 0.429688 0.212500
3 0.464784 0.369872 0.437500 0.418750 0.462500 0.375000 0.496875 0.418750 0.506250 0.406250 0.481250 0.362500 0.509375 0.325000 0.496875 0.312500 0.465625 0.350000 0.442188 0.312500 0.431250 0.331250 0.454688 0.372917 0.423438 0.397917 0.434375 0.425000
5 0.890625 0.492917 0.881250 0.450000 0.896875 0.450000 0.904687 0.550000 0.890625 0.552083 0.879687 0.462500
6 0.085312 0.491667 0.093750 0.450000 0.075000 0.447917 0.070312 0.541667 0.093750 0.556250 0.093750 0.462500
7 0.443229 0.297917 0.076563 0.437500 0.095312 0.443750 0.106250 0.127083 0.876563 0.127083 0.876563 0.443750 0.900000 0.447917 0.892188 0.108333 0.087500 0.106250 0.078125 0.439583
7 0.453516 0.756944 0.073438 0.550000 0.093750 0.560417 0.082812 0.895833 0.475000 0.893750 0.485938 0.906250 0.501563 0.900000 0.889062 0.897917 0.885938 0.558333 0.904687 0.556250 0.907813 0.904167 0.067187 0.910417 0.075000 0.550000
