0 0.337713 0.199337 0.328125 0.204167 0.329688 0.210417 0.332813 0.212500 0.335938 0.216667 0.340625 0.216667 0.337500 0.216667 0.345313 0.212500 0.348438 0.210417 0.348438 0.206250 0.350000 0.200000 0.350000 0.193750 0.345313 0.185417 0.348438 0.191667 0.340625 0.185417 0.337500 0.185417 0.335938 0.181250 0.332813 0.181250 0.328125 0.187500 0.328125 0.187500 0.328125 0.193750 0.328125 0.200000 0.329688 0.206250
5 0.920937 0.463333 0.912500 0.443750 0.934375 0.443750 0.932813 0.491667 0.912500 0.493750 0.912500 0.443750
6 0.105000 0.455417 0.109375 0.418750 0.092188 0.412500 0.093750 0.510417 0.117188 0.516667 0.112500 0.418750
1 0.743750 0.041667 0.750000 0.029167 0.737500 0.031250 0.731250 0.043750 0.737500 0.060417 0.753125 0.054167 0.753125 0.031250
1 0.728750 0.111250 0.740625 0.110417 0.731250 0.097917 0.721875 0.104167 0.718750 0.118750 0.731250 0.125000
1 0.280990 0.814583 0.273438 0.825000 0.287500 0.829167 0.293750 0.812500 0.284375 0.800000 0.275000 0.804167 0.271875 0.816667
1 0.859766 0.834115 0.856250 0.850000 0.867188 0.850000 0.871875 0.837500 0.870313 0.825000 0.860938 0.818750 0.854688 0.818750 0.846875 0.831250 0.850000 0.841667
3 0.877043 0.803205 0.881250 0.791667 0.925000 0.785417 0.925000 0.810417 0.887500 0.816667 0.893750 0.868750 0.875000 0.868750 0.870313 0.816667 0.828125 0.818750 0.828125 0.800000 0.865625 0.797917 0.859375 0.741667 0.878125 0.737500 0.884375 0.787500
2 0.192756 0.203788 0.187500 0.175000 0.178125 0.187500 0.171875 0.206250 0.171875 0.222917 0.179688 0.231250 0.193750 0.231250 0.206250 0.225000 0.212500 0.212500 0.215625 0.193750 0.206250 0.181250 0.196875 0.175000
7 0.437500 0.393750 0.120313 0.081250 0.112500 0.856250 0.923438 0.868750 0.907813 0.081250 0.123438 0.081250
4 0.422879 0.444940 0.454688 0.381250 0.434375 0.400000 0.378125 0.418750 0.360938 0.418750 0.368750 0.466667 0.379688 0.468750 0.407813 0.479167 0.415625 0.516667 0.440625 0.510417 0.453125 0.487500 0.439063 0.456250 0.459375 0.422917 0.468750 0.416667 0.459375 0.385417
