0 0.139286 0.533631 0.134375 0.550000 0.148438 0.547917 0.153125 0.535417 0.148438 0.522917 0.140625 0.516667 0.125000 0.525000 0.125000 0.537500
1 0.649219 0.397917 0.643750 0.410417 0.657813 0.406250 0.659375 0.397917 0.653125 0.385417 0.643750 0.387500 0.637500 0.400000
1 0.892578 0.259896 0.884375 0.272917 0.892188 0.275000 0.898438 0.266667 0.906250 0.262500 0.901563 0.250000 0.898438 0.243750 0.881250 0.247917 0.878125 0.260417
1 0.843945 0.262240 0.837500 0.268750 0.840625 0.281250 0.854688 0.275000 0.856250 0.262500 0.850000 0.250000 0.843750 0.250000 0.837500 0.250000 0.831250 0.260417
1 0.348884 0.282143 0.353125 0.293750 0.360938 0.285417 0.353125 0.275000 0.350000 0.268750 0.340625 0.272917 0.337500 0.287500 0.346875 0.291667
1 0.346094 0.319792 0.337500 0.331250 0.348438 0.331250 0.353125 0.325000 0.353125 0.312500 0.346875 0.306250 0.337500 0.312500
1 0.064258 0.246875 0.065625 0.262500 0.078125 0.256250 0.075000 0.241667 0.068750 0.235417 0.062500 0.231250 0.054688 0.237500 0.050000 0.250000 0.059375 0.260417
1 0.060268 0.165476 0.059375 0.181250 0.073438 0.175000 0.073438 0.162500 0.065625 0.150000 0.053125 0.154167 0.046875 0.162500 0.050000 0.172917
1 0.218945 0.089063 0.210938 0.100000 0.217188 0.106250 0.228125 0.106250 0.234375 0.087500 0.225000 0.075000 0.217188 0.075000 0.209375 0.075000 0.209375 0.087500
2 0.679219 0.366250 0.656250 0.372917 0.667188 0.391667 0.684375 0.400000 0.700000 0.393750 0.700000 0.379167 0.696875 0.350000 0.689063 0.343750 0.679688 0.331250 0.662500 0.343750 0.656250 0.356250
3 0.525521 0.430729 0.521875 0.356250 0.537500 0.356250 0.534375 0.416667 0.581250 0.422917 0.581250 0.447917 0.534375 0.447917 0.528125 0.506250 0.512500 0.506250 0.517188 0.441667 0.471875 0.437500 0.470313 0.412500 0.515625 0.416667
4 0.307712 0.337500 0.293750 0.425000 0.318750 0.412500 0.321875 0.400000 0.317188 0.387500 0.317188 0.379167 0.332813 0.368750 0.337500 0.360417 0.362500 0.356250 0.368750 0.350000 0.367188 0.337500 0.367188 0.316667 0.356250 0.304167 0.337500 0.300000 0.325000 0.312500 0.317188 0.300000 0.312500 0.293750 0.306250 0.287500 0.296875 0.262500 0.290625 0.254167 0.281250 0.254167 0.256250 0.262500 0.254688 0.279167 0.259375 0.300000 0.268750 0.304167 0.273438 0.318750 0.278125 0.356250 0.282813 0.375000 0.285938 0.385417 0.281250 0.393750 0.284375 0.406250 0.285938 0.418750
5 0.954688 0.496875 0.948438 0.556250 0.962500 0.556250 0.964063 0.437500 0.943750 0.437500
6 0.015625 0.500000 0.000000 0.550000 0.032813 0.543750 0.037500 0.431250 0.006250 0.425000 0.001563 0.550000
7 0.345739 0.042424 0.015625 0.056250 0.928125 0.066667 0.960938 0.062500 0.962500 0.035417 0.532813 0.025000 0.259375 0.018750 0.109375 0.025000 0.000000 0.025000 0.003125 0.041667 0.003125 0.054167 0.028125 0.056250
7 0.019420 0.400000 0.025000 0.000000 0.048438 0.018750 0.025000 0.943750 0.003125 0.962500 0.000000 0.562500 0.009375 0.312500 0.025000 0.000000
7 0.554948 0.950000 0.025000 0.941667 0.568750 0.947917 0.815625 0.947917 0.950000 0.943750 0.960938 0.962500 0.009375 0.956250
7 0.947656 0.503646 0.929688 0.022917 0.939063 0.281250 0.943750 0.429167 0.948438 0.585417 0.950000 0.806250 0.950000 0.941667 0.960938 0.956250 0.959375 0.006250
