0 0.898828 0.107031 0.892188 0.118750 0.903125 0.118750 0.909375 0.112500 0.909375 0.100000 0.901563 0.093750 0.893750 0.093750 0.890625 0.106250 0.890625 0.112500
1 0.452344 0.091319 0.450000 0.104167 0.459375 0.100000 0.459375 0.087500 0.456250 0.081250 0.446875 0.081250 0.442188 0.093750
1 0.056250 0.075694 0.050000 0.085417 0.059375 0.085417 0.065625 0.075000 0.062500 0.068750 0.053125 0.066667 0.046875 0.072917
1 0.905729 0.459028 0.900000 0.468750 0.907813 0.475000 0.915625 0.460417 0.909375 0.450000 0.903125 0.443750 0.898438 0.456250
1 0.951042 0.483681 0.953125 0.493750 0.954688 0.487500 0.954688 0.468750 0.950000 0.475000 0.946875 0.485417 0.946875 0.491667
1 0.938281 0.743750 0.934375 0.760417 0.948438 0.750000 0.946875 0.737500 0.939063 0.731250 0.929688 0.735417 0.931250 0.747917
1 0.119866 0.516667 0.125000 0.525000 0.131250 0.518750 0.125000 0.504167 0.115625 0.506250 0.109375 0.510417 0.112500 0.522917 0.120313 0.529167
1 0.220625 0.740833 0.212500 0.750000 0.221875 0.750000 0.231250 0.741667 0.225000 0.731250 0.212500 0.731250
1 0.367383 0.911719 0.359375 0.918750 0.364063 0.922917 0.368750 0.922917 0.376563 0.916667 0.376563 0.906250 0.368750 0.900000 0.364063 0.900000 0.360938 0.906250
2 0.265937 0.491875 0.259375 0.525000 0.271875 0.516667 0.278125 0.504167 0.282813 0.491667 0.282813 0.468750 0.278125 0.466667 0.267188 0.462500 0.253125 0.472917 0.242188 0.491667 0.243750 0.518750
3 0.297917 0.450556 0.285938 0.529167 0.290625 0.462500 0.275000 0.454167 0.256250 0.460417 0.243750 0.456250 0.248438 0.431250 0.293750 0.437500 0.306250 0.385417 0.304688 0.385417 0.318750 0.381250 0.314063 0.437500 0.356250 0.454167 0.356250 0.479167 0.312500 0.468750 0.306250 0.535417
4 0.430595 0.302823 0.387500 0.362500 0.384375 0.350000 0.392188 0.341667 0.400000 0.325000 0.412500 0.337500 0.425000 0.343750 0.439063 0.329167 0.446875 0.331250 0.465625 0.329167 0.460938 0.312500 0.471875 0.300000 0.481250 0.293750 0.490625 0.306250 0.496875 0.310417 0.489063 0.287500 0.478125 0.281250 0.487500 0.275000 0.478125 0.225000 0.453125 0.235417 0.456250 0.254167 0.446875 0.254167 0.440625 0.250000 0.398438 0.268750 0.398438 0.275000 0.384375 0.268750 0.365625 0.275000 0.379688 0.322917 0.387500 0.316667 0.387500 0.325000 0.378125 0.337500 0.384375 0.362500
