0 0.896701 0.106944 0.887500 0.118750 0.893750 0.122917 0.906250 0.118750 0.909375 0.106250 0.906250 0.097917 0.901563 0.091667 0.892188 0.093750 0.885938 0.100000 0.887500 0.112500
1 0.450000 0.079861 0.440625 0.085417 0.446875 0.093750 0.456250 0.087500 0.459375 0.075000 0.453125 0.068750 0.443750 0.068750
1 0.053571 0.076488 0.053125 0.087500 0.059375 0.087500 0.062500 0.081250 0.059375 0.068750 0.053125 0.062500 0.043750 0.068750 0.043750 0.079167
1 0.905357 0.460119 0.900000 0.472917 0.912500 0.472917 0.918750 0.466667 0.917188 0.456250 0.907813 0.443750 0.893750 0.447917 0.887500 0.460417
1 0.947656 0.484896 0.953125 0.493750 0.950000 0.472917 0.943750 0.479167 0.943750 0.493750
1 0.938802 0.742361 0.934375 0.750000 0.940625 0.756250 0.948438 0.750000 0.943750 0.735417 0.934375 0.725000 0.931250 0.737500
1 0.367969 0.914583 0.356250 0.916667 0.359375 0.922917 0.368750 0.925000 0.381250 0.918750 0.376563 0.906250 0.365625 0.897917
1 0.357552 0.590972 0.353125 0.600000 0.359375 0.604167 0.364063 0.593750 0.364063 0.581250 0.356250 0.579167 0.348438 0.587500
1 0.351562 0.539931 0.343750 0.543750 0.350000 0.550000 0.359375 0.543750 0.359375 0.537500 0.353125 0.529167 0.343750 0.535417
2 0.411458 0.591667 0.390625 0.575000 0.387500 0.587500 0.396875 0.606250 0.412500 0.612500 0.418750 0.618750 0.431250 0.600000 0.434375 0.587500 0.425000 0.568750 0.406250 0.568750
3 0.372210 0.555804 0.392188 0.629167 0.381250 0.568750 0.428125 0.554167 0.425000 0.541667 0.379688 0.541667 0.371875 0.487500 0.356250 0.493750 0.360938 0.525000 0.368750 0.535417 0.367188 0.556250 0.318750 0.560417 0.321875 0.581250 0.367188 0.568750 0.371875 0.637500
4 0.435616 0.303125 0.489063 0.268750 0.473438 0.225000 0.454688 0.237500 0.454688 0.250000 0.440625 0.260417 0.439063 0.250000 0.392188 0.275000 0.384375 0.262500 0.365625 0.279167 0.379688 0.322917 0.387500 0.316667 0.392188 0.318750 0.381250 0.337500 0.381250 0.356250 0.390625 0.360417 0.390625 0.343750 0.396875 0.329167 0.409375 0.325000 0.415625 0.335417 0.421875 0.341667 0.431250 0.337500 0.434375 0.325000 0.443750 0.329167 0.457813 0.331250 0.460938 0.312500 0.465625 0.297917 0.473438 0.297917 0.478125 0.297917 0.481250 0.300000 0.493750 0.310417 0.500000 0.306250 0.493750 0.291667 0.481250 0.287500 0.475000 0.285417
6 0.028906 0.493229 0.034375 0.552083 0.021875 0.550000 0.025000 0.435417 0.034375 0.435417
6 0.950781 0.497917 0.946875 0.554167 0.956250 0.554167 0.954688 0.441667 0.945312 0.441667
7 0.489453 0.505208 0.932813 0.070833 0.048438 0.058333 0.025000 0.943750 0.951562 0.947917
