0 0.326250 0.589167 0.321875 0.579167 0.314063 0.591667 0.325000 0.606250 0.337500 0.593750 0.332813 0.575000
1 0.306510 0.575347 0.306250 0.591667 0.315625 0.587500 0.317188 0.568750 0.306250 0.556250 0.296875 0.566667 0.296875 0.581250
1 0.323698 0.562153 0.315625 0.568750 0.321875 0.581250 0.334375 0.568750 0.332813 0.556250 0.321875 0.543750 0.315625 0.554167
1 0.338802 0.549306 0.332813 0.560417 0.345313 0.562500 0.348438 0.554167 0.343750 0.537500 0.332813 0.537500 0.329688 0.543750
1 0.370536 0.497917 0.367188 0.506250 0.379688 0.510417 0.381250 0.497917 0.376563 0.485417 0.367188 0.485417 0.360938 0.493750 0.360938 0.506250
1 0.288839 0.347024 0.282813 0.360417 0.293750 0.362500 0.301563 0.350000 0.296875 0.337500 0.287500 0.331250 0.281250 0.337500 0.278125 0.350000
2 0.360547 0.536198 0.359375 0.568750 0.371875 0.562500 0.378125 0.535417 0.375000 0.510417 0.360938 0.506250 0.346875 0.510417 0.343750 0.535417 0.348438 0.560417
3 0.279963 0.332108 0.275000 0.387500 0.278125 0.366667 0.278125 0.350000 0.284375 0.335417 0.296875 0.335417 0.304688 0.343750 0.321875 0.350000 0.325000 0.325000 0.290625 0.312500 0.301563 0.266667 0.281250 0.254167 0.270313 0.306250 0.232813 0.293750 0.228125 0.316667 0.262500 0.331250 0.254688 0.379167 0.273438 0.391667
4 0.507747 0.334375 0.493750 0.404167 0.512500 0.400000 0.523438 0.387500 0.525000 0.368750 0.531250 0.356250 0.546875 0.354167 0.565625 0.337500 0.565625 0.312500 0.565625 0.300000 0.553125 0.291667 0.537500 0.293750 0.518750 0.300000 0.503125 0.293750 0.490625 0.287500 0.484375 0.279167 0.470313 0.275000 0.460938 0.281250 0.457813 0.306250 0.462500 0.325000 0.484375 0.341667 0.481250 0.354167 0.478125 0.375000 0.481250 0.393750 0.492188 0.406250
5 0.890234 0.461458 0.885938 0.437500 0.893750 0.437500 0.893750 0.485417 0.887500 0.485417
6 0.124219 0.470833 0.128125 0.422917 0.128125 0.518750 0.120313 0.518750 0.120313 0.422917
7 0.506641 0.469792 0.129688 0.106250 0.876563 0.100000 0.892188 0.831250 0.128125 0.841667
