7 0.511328 0.848958 0.096875 0.837500 0.928125 0.822917 0.931250 0.856250 0.089063 0.879167
7 0.120703 0.474479 0.134375 0.881250 0.137500 0.072917 0.106250 0.050000 0.104688 0.893750
7 0.500781 0.088542 0.092188 0.106250 0.907813 0.106250 0.921875 0.068750 0.081250 0.072917
7 0.894922 0.464062 0.887500 0.868750 0.865625 0.062500 0.903125 0.043750 0.923438 0.881250
0 0.393125 0.460000 0.387500 0.472917 0.403125 0.472917 0.403125 0.454167 0.387500 0.443750 0.384375 0.456250
1 0.370833 0.497917 0.365625 0.510417 0.378125 0.510417 0.381250 0.497917 0.375000 0.481250 0.364063 0.487500 0.360938 0.500000
1 0.381562 0.476667 0.376563 0.485417 0.387500 0.487500 0.390625 0.475000 0.381250 0.462500 0.371875 0.472917
1 0.340313 0.550417 0.340625 0.566667 0.350000 0.554167 0.345313 0.537500 0.331250 0.537500 0.334375 0.556250
1 0.326562 0.565000 0.328125 0.579167 0.337500 0.568750 0.331250 0.554167 0.318750 0.554167 0.317188 0.568750
1 0.311458 0.581250 0.306250 0.593750 0.317188 0.591667 0.321875 0.579167 0.315625 0.568750 0.304688 0.568750 0.303125 0.585417
2 0.359180 0.536458 0.359375 0.566667 0.368750 0.556250 0.378125 0.535417 0.375000 0.510417 0.356250 0.506250 0.345313 0.516667 0.343750 0.543750 0.346875 0.556250
3 0.572005 0.481597 0.542188 0.535417 0.556250 0.543750 0.575000 0.500000 0.609375 0.522917 0.620313 0.500000 0.587500 0.475000 0.603125 0.429167 0.587500 0.418750 0.568750 0.462500 0.532813 0.441667 0.523438 0.462500 0.557813 0.487500
5 0.892578 0.460938 0.875000 0.489583 0.907813 0.487500 0.906250 0.435417 0.881250 0.431250
6 0.117188 0.465625 0.100000 0.514583 0.129688 0.520833 0.135937 0.414583 0.103125 0.412500
