0 0.899023 0.108333 0.889062 0.116667 0.895312 0.118750 0.903125 0.120833 0.909375 0.110417 0.909375 0.104167 0.904687 0.091667 0.893750 0.097917 0.887500 0.106250
1 0.056920 0.080655 0.059375 0.091667 0.064062 0.083333 0.065625 0.077083 0.057813 0.066667 0.048438 0.070833 0.046875 0.083333 0.056250 0.091667
1 0.452455 0.082440 0.443750 0.081250 0.446875 0.093750 0.454688 0.095833 0.457813 0.089583 0.459375 0.077083 0.454688 0.070833 0.450000 0.068750
1 0.907552 0.462153 0.896875 0.462500 0.906250 0.477083 0.917188 0.470833 0.917188 0.458333 0.907813 0.450000 0.900000 0.454167
1 0.950625 0.487083 0.954688 0.497917 0.956250 0.477083 0.948438 0.481250 0.945312 0.485417 0.948438 0.493750
1 0.939648 0.746354 0.937500 0.760417 0.945312 0.756250 0.950000 0.750000 0.948438 0.737500 0.942187 0.731250 0.932813 0.735417 0.926562 0.745833 0.934375 0.754167
1 0.351562 0.601389 0.353125 0.612500 0.362500 0.606250 0.357812 0.593750 0.351562 0.589583 0.342187 0.597917 0.342187 0.608333
1 0.190104 0.804167 0.179688 0.810417 0.187500 0.818750 0.196875 0.812500 0.201563 0.797917 0.192188 0.787500 0.182812 0.797917
1 0.366295 0.914286 0.357812 0.904167 0.353125 0.918750 0.357812 0.925000 0.368750 0.927083 0.379688 0.918750 0.378125 0.906250 0.368750 0.900000
2 0.924023 0.899740 0.904687 0.897917 0.912500 0.872917 0.926562 0.866667 0.940625 0.877083 0.948438 0.912500 0.935937 0.927083 0.917188 0.927083 0.906250 0.916667
3 0.371094 0.568576 0.389062 0.639583 0.381250 0.583333 0.423438 0.564583 0.421875 0.545833 0.379688 0.556250 0.371875 0.493750 0.354687 0.500000 0.360938 0.558333 0.315625 0.568750 0.320312 0.591667 0.362500 0.579167 0.371875 0.641667
4 0.572732 0.519758 0.509375 0.477083 0.514062 0.518750 0.525000 0.522917 0.531250 0.537500 0.542188 0.541667 0.548438 0.545833 0.557813 0.562500 0.550000 0.575000 0.557813 0.589583 0.568750 0.604167 0.584375 0.600000 0.596875 0.583333 0.595313 0.568750 0.589063 0.547917 0.600000 0.533333 0.607812 0.533333 0.618750 0.527083 0.623437 0.508333 0.631250 0.508333 0.631250 0.483333 0.625000 0.460417 0.609375 0.460417 0.601562 0.475000 0.596875 0.485417 0.579688 0.487500 0.570312 0.479167 0.553125 0.481250 0.545312 0.481250 0.539062 0.485417 0.532813 0.475000 0.518750 0.472917
6 0.961719 0.501042 0.948438 0.558333 0.978125 0.558333 0.973437 0.443750 0.946875 0.443750
6 0.019922 0.489583 0.032813 0.550000 0.040625 0.429167 0.006250 0.427083 0.000000 0.552083
7 0.958333 0.540799 0.979688 0.989583 0.982812 0.777083 0.976562 0.568750 0.971875 0.252083 0.957812 0.018750 0.934375 0.029167 0.937500 0.154167 0.943750 0.400000 0.950000 0.662500 0.957812 0.791667 0.956250 0.864583 0.951562 0.981250
7 0.545625 0.965833 0.025000 0.947917 0.435937 0.956250 0.753125 0.952083 0.950000 0.952083 0.981250 0.954167 0.995313 0.970833 0.706250 0.983333 0.437500 0.985417 0.170313 0.983333 0.001563 0.972917
7 0.030134 0.367361 0.026562 0.947917 0.031250 0.631250 0.021875 0.627083 0.020313 0.612500 0.018750 0.604167 0.025000 0.593750 0.026562 0.587500 0.035937 0.581250 0.039062 0.370833 0.046875 0.162500 0.050000 0.102083 0.045312 0.087500 0.040625 0.068750 0.045312 0.062500 0.050000 0.060417 0.035937 0.008333 0.026562 0.008333 0.023438 0.060417 0.012500 0.152083 0.009375 0.412500 0.001563 0.972917
7 0.480938 0.051875 0.059375 0.056250 0.418750 0.062500 0.692187 0.064583 0.935937 0.075000 0.959375 0.072917 0.982812 0.045833 0.500000 0.029167 0.239063 0.027083 0.006250 0.031250 0.015625 0.054167
