0 0.166797 0.030208 0.165625 0.016667 0.153125 0.031250 0.168750 0.043750 0.179688 0.029167
1 0.248438 0.683854 0.248438 0.668750 0.237500 0.687500 0.248438 0.700000 0.259375 0.679167
1 0.142969 0.270833 0.139063 0.254167 0.134375 0.275000 0.143750 0.285417 0.154688 0.268750
1 0.183594 0.176042 0.181250 0.162500 0.175000 0.175000 0.184375 0.191667 0.193750 0.175000
1 0.350000 0.480208 0.353125 0.468750 0.343750 0.475000 0.346875 0.491667 0.356250 0.485417
1 0.336979 0.566667 0.335938 0.556250 0.329688 0.568750 0.345313 0.575000
1 0.251953 0.598437 0.248438 0.587500 0.243750 0.600000 0.253125 0.612500 0.262500 0.593750
1 0.454297 0.582812 0.454688 0.568750 0.446875 0.581250 0.450000 0.600000 0.465625 0.581250
1 0.508984 0.533333 0.512500 0.522917 0.501563 0.531250 0.503125 0.541667 0.518750 0.537500
2 0.150781 0.207031 0.128125 0.197917 0.131250 0.212500 0.143750 0.222917 0.162500 0.231250 0.171875 0.222917 0.171875 0.197917 0.156250 0.185417 0.140625 0.185417
3 0.523047 0.462153 0.517188 0.393750 0.512500 0.447917 0.473438 0.443750 0.465625 0.468750 0.503125 0.475000 0.496875 0.525000 0.531250 0.531250 0.534375 0.479167 0.579688 0.487500 0.581250 0.450000 0.537500 0.450000 0.543750 0.393750
4 0.338980 0.532456 0.275000 0.531250 0.293750 0.547917 0.304688 0.543750 0.328125 0.556250 0.335938 0.550000 0.348438 0.550000 0.350000 0.556250 0.350000 0.568750 0.350000 0.591667 0.360938 0.593750 0.381250 0.566667 0.368750 0.547917 0.367188 0.522917 0.376563 0.487500 0.364063 0.460417 0.337500 0.468750 0.329688 0.491667 0.321875 0.500000 0.296875 0.481250
5 0.880859 0.444792 0.871875 0.412500 0.893750 0.412500 0.887500 0.475000 0.870313 0.479167
6 0.125391 0.416667 0.118750 0.410417 0.117188 0.425000 0.131250 0.425000 0.134375 0.406250
7 0.505469 0.407813 0.146875 0.012500 0.112500 0.731250 0.850000 0.818750 0.912500 0.068750
