2 0.122266 0.372396 0.109375 0.352083 0.107813 0.385417 0.118750 0.408333 0.142187 0.406250 0.148438 0.381250 0.128125 0.343750 0.115625 0.345833 0.107813 0.356250
7 0.420660 0.512037 0.095312 0.379167 0.104688 0.385417 0.106250 0.358333 0.117188 0.339583 0.120313 0.079167 0.903125 0.091667 0.918750 0.843750 0.923438 0.866667 0.904687 0.868750 0.900000 0.860417 0.112500 0.852083 0.114062 0.520833 0.093750 0.516667 0.090625 0.870833 0.939063 0.877083 0.928125 0.075000 0.101562 0.060417 0.098437 0.370833
1 0.741927 0.041667 0.735938 0.052083 0.750000 0.050000 0.753125 0.039583 0.742188 0.027083 0.735938 0.033333 0.734375 0.047917
1 0.355134 0.471131 0.362500 0.460417 0.350000 0.454167 0.345313 0.466667 0.343750 0.479167 0.354687 0.485417 0.364063 0.485417 0.365625 0.466667
1 0.346652 0.623214 0.343750 0.635417 0.354687 0.633333 0.357812 0.618750 0.353125 0.612500 0.345313 0.608333 0.332813 0.616667 0.339062 0.637500
1 0.656250 0.733333 0.670312 0.725000 0.653125 0.714583 0.640625 0.729167 0.645312 0.745833 0.657813 0.752083 0.670312 0.733333
3 0.370072 0.594391 0.321875 0.587500 0.365625 0.604167 0.351562 0.654167 0.367188 0.668750 0.378125 0.608333 0.415625 0.622917 0.423438 0.597917 0.385937 0.581250 0.393750 0.539583 0.379688 0.529167 0.368750 0.583333 0.331250 0.564583 0.328125 0.585417
4 0.449045 0.332523 0.423438 0.352083 0.431250 0.391667 0.446875 0.402083 0.465625 0.397917 0.470313 0.375000 0.467187 0.356250 0.473438 0.343750 0.492188 0.335417 0.501563 0.322917 0.500000 0.285417 0.482812 0.281250 0.478125 0.291667 0.415625 0.287500 0.412500 0.283333 0.398438 0.285417 0.398438 0.320833 0.406250 0.335417 0.418750 0.337500
5 0.920000 0.465000 0.909375 0.445833 0.932813 0.435417 0.932813 0.495833 0.914062 0.497917 0.910937 0.450000
6 0.102083 0.453819 0.089063 0.512500 0.112500 0.514583 0.120313 0.410417 0.106250 0.387500 0.093750 0.385417 0.090625 0.512500
