0 0.343359 0.205078 0.343750 0.218750 0.348438 0.218750 0.353125 0.218750 0.353125 0.212500 0.353125 0.206250 0.353125 0.197917 0.350000 0.191667 0.345313 0.191667 0.343750 0.191667 0.337500 0.187500 0.334375 0.193750 0.334375 0.200000 0.332813 0.204167 0.334375 0.212500 0.335938 0.216667 0.340625 0.218750
1 0.744375 0.040417 0.754687 0.035417 0.735938 0.025000 0.729688 0.045833 0.745313 0.060417 0.756250 0.035417
1 0.732187 0.112083 0.745313 0.110417 0.726562 0.093750 0.714063 0.116667 0.731250 0.131250 0.743750 0.108333
1 0.280469 0.813021 0.276562 0.829167 0.293750 0.812500 0.282813 0.797917 0.268750 0.812500
1 0.777187 0.717500 0.785937 0.716667 0.778125 0.702083 0.764062 0.710417 0.770312 0.737500 0.787500 0.720833
2 0.195117 0.204167 0.220312 0.197917 0.204687 0.175000 0.187500 0.177083 0.176563 0.189583 0.170313 0.216667 0.181250 0.239583 0.203125 0.235417 0.217188 0.202083
3 0.748558 0.701923 0.739062 0.695833 0.698438 0.710417 0.704688 0.731250 0.745313 0.718750 0.756250 0.758333 0.775000 0.762500 0.757812 0.708333 0.800000 0.693750 0.792188 0.677083 0.756250 0.685417 0.743750 0.637500 0.726562 0.650000 0.735938 0.695833
4 0.424792 0.442917 0.396875 0.477083 0.417187 0.506250 0.446875 0.514583 0.453125 0.487500 0.442188 0.456250 0.462500 0.447917 0.460938 0.425000 0.475000 0.418750 0.454688 0.377083 0.435937 0.383333 0.435937 0.402083 0.382812 0.429167 0.375000 0.418750 0.359375 0.425000 0.373437 0.475000
5 0.919687 0.461667 0.910937 0.441667 0.931250 0.443750 0.931250 0.491667 0.910937 0.493750 0.914062 0.437500
6 0.106250 0.452083 0.118750 0.410417 0.092188 0.408333 0.093750 0.512500 0.110937 0.518750 0.115625 0.410417
7 0.469097 0.230324 0.100000 0.062500 0.095312 0.400000 0.120313 0.408333 0.121875 0.083333 0.904687 0.095833 0.914062 0.435417 0.939063 0.443750 0.926562 0.077083 0.100000 0.066667
7 0.467535 0.668981 0.092188 0.518750 0.117188 0.522917 0.110937 0.847917 0.918750 0.862500 0.907813 0.502083 0.935937 0.495833 0.939063 0.877083 0.090625 0.875000 0.095312 0.518750
