0 0.219531 0.715625 0.023438 0.028125
1 0.211719 0.695312 0.023438 0.025000
1 0.385156 0.621094 0.020313 0.026562
1 0.328125 0.245312 0.021875 0.031250
1 0.500000 0.142969 0.018750 0.023438
1 0.678125 0.449219 0.021875 0.023438
1 0.708594 0.353125 0.023438 0.031250
1 0.741406 0.290625 0.020313 0.028125
1 0.766406 0.140625 0.020313 0.025000
2 0.632031 0.500000 0.026562 0.056250
3 0.503906 0.357812 0.098437 0.112500
4 0.313281 0.446094 0.085938 0.129688
5 0.817969 0.428906 0.029687 0.057813
6 0.127344 0.429688 0.039062 0.100000
7 0.472656 0.781250 0.770312 0.068750
7 0.827344 0.433594 0.057813 0.767188
7 0.127344 0.438281 0.079687 -0.751563
7 0.471875 0.092188 -0.765625 0.078125
