0 0.589323 0.305556 0.587500 0.289583 0.581250 0.300000 0.581250 0.314583 0.587500 0.318750 0.598437 0.312500 0.600000 0.297917
2 0.626116 0.330655 0.620313 0.306250 0.610938 0.314583 0.610938 0.335417 0.618750 0.350000 0.637500 0.356250 0.645312 0.337500 0.639062 0.314583
1 0.434635 0.467708 0.432812 0.456250 0.425000 0.462500 0.428125 0.475000 0.434375 0.479167 0.443750 0.475000 0.443750 0.458333
1 0.265937 0.601667 0.271875 0.589583 0.260937 0.589583 0.257812 0.606250 0.264062 0.614583 0.275000 0.608333
1 0.127812 0.836667 0.129688 0.822917 0.121875 0.827083 0.118750 0.843750 0.128125 0.852083 0.140625 0.837500
1 0.118229 0.638542 0.121875 0.622917 0.110937 0.629167 0.107813 0.645833 0.114062 0.652083 0.125000 0.647917 0.129688 0.633333
1 0.111875 0.494583 0.110937 0.481250 0.103125 0.487500 0.106250 0.510417 0.117188 0.504167 0.121875 0.489583
1 0.190365 0.325694 0.190625 0.312500 0.181250 0.312500 0.179688 0.335417 0.192188 0.341667 0.198437 0.331250 0.200000 0.320833
1 0.265937 0.335417 0.271875 0.325000 0.262500 0.325000 0.256250 0.337500 0.262500 0.345833 0.276562 0.343750
1 0.310000 0.136667 0.314063 0.125000 0.304688 0.125000 0.301563 0.141667 0.310937 0.150000 0.318750 0.141667
3 0.434375 0.391987 0.415625 0.341667 0.425000 0.387500 0.393750 0.397917 0.393750 0.420833 0.428125 0.412500 0.434375 0.452083 0.453125 0.452083 0.446875 0.402083 0.481250 0.395833 0.478125 0.372917 0.442188 0.383333 0.434375 0.339583 0.420312 0.337500
4 0.664551 0.284766 0.660937 0.364583 0.676562 0.356250 0.693750 0.329167 0.698438 0.331250 0.718750 0.306250 0.707812 0.287500 0.701562 0.291667 0.671875 0.245833 0.667188 0.250000 0.662500 0.243750 0.662500 0.233333 0.650000 0.218750 0.631250 0.250000 0.621875 0.272917 0.607812 0.277083 0.600000 0.297917
5 0.858594 0.471354 0.845313 0.447917 0.870313 0.443750 0.871875 0.500000 0.846875 0.493750
6 0.101172 0.485417 0.114062 0.437500 0.090625 0.435417 0.087500 0.535417 0.112500 0.533333
7 0.100521 0.492361 0.095312 0.083333 0.106250 0.081250 0.121875 0.097917 0.109375 0.885417 0.089063 0.904167 0.081250 0.902083
7 0.481771 0.115625 0.081250 0.106250 0.078125 0.114583 0.114062 0.139583 0.854688 0.131250 0.881250 0.106250 0.881250 0.095833
7 0.858073 0.480208 0.834375 0.106250 0.854688 0.072917 0.860938 0.072917 0.881250 0.881250 0.870313 0.881250 0.846875 0.866667
7 0.537946 0.850298 0.870313 0.831250 0.873437 0.825000 0.896875 0.845833 0.898438 0.858333 0.064062 0.881250 0.065625 0.862500 0.096875 0.847917
