0 0.485491 0.885417 0.493750 0.893750 0.496875 0.879167 0.489063 0.868750 0.478125 0.872917 0.475000 0.887500 0.475000 0.897917 0.490625 0.897917
7 0.533854 0.301389 0.884375 0.450000 0.903125 0.450000 0.890625 0.108333 0.087500 0.110417 0.076563 0.441667 0.096875 0.452083 0.107813 0.122917 0.873437 0.129167 0.884375 0.447917
7 0.525625 0.727083 0.881250 0.554167 0.906250 0.556250 0.906250 0.908333 0.062500 0.912500 0.075000 0.552083 0.098437 0.552083 0.089063 0.889583 0.467187 0.900000 0.889062 0.889583 0.881250 0.556250
6 0.086875 0.492083 0.096875 0.450000 0.071875 0.450000 0.075000 0.552083 0.093750 0.554167 0.096875 0.454167
5 0.890312 0.495417 0.881250 0.454167 0.904687 0.456250 0.904687 0.556250 0.884375 0.558333 0.876563 0.452083
4 0.237109 0.264955 0.300000 0.264583 0.309375 0.287500 0.301563 0.293750 0.287500 0.281250 0.273438 0.289583 0.262500 0.295833 0.251563 0.293750 0.239063 0.304167 0.226562 0.291667 0.221875 0.281250 0.214062 0.291667 0.210938 0.302083 0.198437 0.304167 0.196875 0.285417 0.204687 0.277083 0.196875 0.272917 0.193750 0.262500 0.187500 0.260417 0.187500 0.250000 0.190625 0.243750 0.192188 0.231250 0.207813 0.222917 0.221875 0.225000 0.246875 0.225000 0.265625 0.225000 0.275000 0.225000 0.278125 0.218750 0.296875 0.212500
3 0.502043 0.503365 0.457813 0.525000 0.470313 0.545833 0.504687 0.512500 0.525000 0.558333 0.540625 0.547917 0.520312 0.506250 0.556250 0.479167 0.537500 0.460417 0.506250 0.489583 0.493750 0.445833 0.470313 0.447917 0.487500 0.500000 0.456250 0.525000
2 0.389375 0.337500 0.371875 0.352083 0.417187 0.354167 0.414062 0.318750 0.375000 0.312500 0.368750 0.350000
1 0.332552 0.152778 0.326562 0.162500 0.346875 0.164583 0.346875 0.143750 0.331250 0.131250 0.318750 0.150000 0.325000 0.164583
1 0.253750 0.311667 0.253125 0.293750 0.268750 0.316667 0.259375 0.329167 0.239063 0.318750 0.248438 0.300000
1 0.183036 0.342262 0.192188 0.354167 0.195312 0.341667 0.187500 0.329167 0.176563 0.329167 0.170313 0.335417 0.170313 0.347917 0.189062 0.358333
1 0.241562 0.679167 0.235937 0.666667 0.248438 0.664583 0.253125 0.687500 0.237500 0.700000 0.232813 0.677083
1 0.779375 0.844583 0.768750 0.839583 0.779687 0.825000 0.796875 0.847917 0.785937 0.864583 0.765625 0.845833
1 0.500000 0.533333 0.496875 0.547917 0.512500 0.535417 0.503125 0.520833 0.487500 0.529167
