0 0.669010 0.132639 0.673438 0.122917 0.659375 0.122917 0.659375 0.137500 0.665625 0.143750 0.675000 0.143750 0.681250 0.125000
1 0.791563 0.165417 0.787500 0.156250 0.782813 0.168750 0.787500 0.175000 0.800000 0.172917 0.800000 0.154167
1 0.217969 0.177083 0.223438 0.168750 0.217188 0.162500 0.209375 0.168750 0.210938 0.187500 0.218750 0.193750 0.228125 0.181250
1 0.117708 0.638194 0.121875 0.625000 0.109375 0.625000 0.106250 0.641667 0.112500 0.650000 0.125000 0.650000 0.131250 0.637500
1 0.266875 0.601250 0.270313 0.587500 0.259375 0.591667 0.259375 0.606250 0.267188 0.616667 0.278125 0.604167
1 0.126875 0.831667 0.131250 0.818750 0.120313 0.822917 0.117188 0.841667 0.128125 0.843750 0.137500 0.831250
1 0.830313 0.808333 0.829688 0.793750 0.818750 0.806250 0.823438 0.818750 0.839063 0.818750 0.840625 0.804167
1 0.851250 0.726667 0.846875 0.710417 0.839063 0.725000 0.846875 0.741667 0.860938 0.737500 0.862500 0.718750
1 0.619792 0.500347 0.628125 0.506250 0.618750 0.516667 0.610938 0.506250 0.610938 0.491667 0.621875 0.487500 0.628125 0.493750
2 0.394444 0.208333 0.395313 0.181250 0.406250 0.193750 0.410938 0.212500 0.409375 0.225000 0.400000 0.237500 0.387500 0.231250 0.381250 0.218750 0.375000 0.193750 0.384375 0.181250
3 0.307422 0.508681 0.318750 0.504167 0.332813 0.456250 0.317188 0.450000 0.304688 0.491667 0.268750 0.475000 0.262500 0.497917 0.293750 0.516667 0.281250 0.562500 0.298438 0.568750 0.309375 0.525000 0.348438 0.537500 0.353125 0.518750
4 0.493253 0.448011 0.478125 0.506250 0.490625 0.506250 0.500000 0.491667 0.501563 0.468750 0.512500 0.462500 0.523438 0.466667 0.528125 0.460417 0.540625 0.460417 0.548438 0.422917 0.532813 0.412500 0.528125 0.425000 0.523438 0.412500 0.478125 0.400000 0.475000 0.387500 0.459375 0.381250 0.446875 0.422917 0.456250 0.425000 0.459375 0.441667 0.465625 0.447917 0.468750 0.462500 0.462500 0.485417 0.471875 0.506250
5 0.851172 0.472917 0.845313 0.450000 0.856250 0.450000 0.856250 0.493750 0.846875 0.497917
6 0.107813 0.479167 0.112500 0.431250 0.103125 0.431250 0.103125 0.525000 0.112500 0.529167
7 0.479687 0.484896 0.117188 0.125000 0.840625 0.125000 0.856250 0.841667 0.104688 0.847917
