0 0.000000 0.000000 0.000000 0.000000
0 0.000000 0.000000 0.000000 0.000000
0 0.034375 0.031250 0.034375 0.031250
0 0.032813 0.035417 0.032813 0.035417
1 0.034375 0.043750 0.034375 0.043750
1 0.042188 0.031250 0.042188 0.031250
1 0.040625 0.037500 0.040625 0.037500
3 0.109375 0.118750 0.109375 0.118750
5 0.037500 0.100000 0.037500 0.100000
6 0.057813 0.112500 0.057813 0.112500
7 0.062500 0.810417 0.062500 0.810417
7 0.884375 0.100000 0.884375 0.100000
7 0.100000 0.866667 0.100000 0.866667
7 0.850000 0.050000 0.850000 0.050000
