0 0.202344 0.779687 0.054688 0.056250
0 0.484375 0.401562 0.043750 0.056250
1 0.063281 0.771875 0.045312 0.043750
1 0.105469 0.714063 0.048438 0.056250
1 0.151562 0.721094 0.050000 0.060937
1 0.735938 0.731250 0.040625 0.050000
1 0.739844 0.598437 0.039062 0.043750
1 0.212500 0.364063 0.040625 0.043750
1 0.317969 0.246094 0.045312 0.042188
1 0.535156 0.243750 0.051562 0.050000
2 0.753906 0.210938 0.051562 0.071875
3 0.445312 0.414062 0.118750 0.156250
4 0.277344 0.425781 0.114062 0.164062
5 0.793750 0.471094 0.053125 0.095312
6 0.072656 0.436719 0.067187 0.135937
7 0.071875 0.442188 0.112500 0.784375
7 0.416406 0.831250 0.823438 0.125000
7 0.805469 0.485156 0.085938 0.820312
7 0.453125 0.100781 0.796875 0.085938
