0 0.571429 0.412798 0.564063 0.406250 0.565625 0.418750 0.571875 0.422917 0.575000 0.422917 0.579688 0.410417 0.575000 0.404167 0.568750 0.404167
1 0.283705 0.716964 0.282813 0.704167 0.275000 0.710417 0.278125 0.718750 0.281250 0.725000 0.287500 0.725000 0.290625 0.722917 0.290625 0.712500
1 0.771680 0.767969 0.778125 0.760417 0.775000 0.760417 0.765625 0.756250 0.765625 0.762500 0.767188 0.772917 0.768750 0.779167 0.775000 0.779167 0.778125 0.772917
1 0.626563 0.311310 0.635938 0.316667 0.631250 0.310417 0.628125 0.304167 0.621875 0.304167 0.620313 0.310417 0.620313 0.316667 0.628125 0.316667
2 0.516276 0.345139 0.500000 0.331250 0.493750 0.337500 0.496875 0.350000 0.506250 0.362500 0.521875 0.368750 0.531250 0.368750 0.532813 0.356250 0.532813 0.343750 0.528125 0.337500 0.523438 0.335417 0.517188 0.325000 0.510938 0.325000
3 0.372266 0.288542 0.371875 0.304167 0.392188 0.343750 0.407813 0.335417 0.387500 0.293750 0.415625 0.254167 0.403125 0.243750 0.376563 0.272917 0.350000 0.231250 0.335938 0.247917 0.356250 0.285417 0.329688 0.318750 0.340625 0.331250
4 0.494301 0.699326 0.450000 0.750000 0.418750 0.725000 0.434375 0.700000 0.465625 0.641667 0.462500 0.625000 0.470313 0.606250 0.501563 0.622917 0.501563 0.641667 0.501563 0.660417 0.501563 0.668750 0.512500 0.668750 0.525000 0.672917 0.532813 0.675000 0.537500 0.693750 0.534375 0.700000 0.528125 0.693750 0.528125 0.685417 0.518750 0.675000 0.506250 0.675000 0.500000 0.687500 0.493750 0.704167 0.493750 0.712500 0.493750 0.725000 0.493750 0.731250 0.503125 0.737500 0.510938 0.731250 0.518750 0.741667 0.503125 0.750000 0.492188 0.754167 0.490625 0.750000 0.489063 0.737500 0.481250 0.731250 0.468750 0.747917 0.442188 0.754167
1 0.717614 0.758333 0.706250 0.762500 0.710938 0.768750 0.715625 0.775000 0.721875 0.772917 0.725000 0.768750 0.728125 0.762500 0.728125 0.750000 0.725000 0.743750 0.715625 0.743750 0.710938 0.743750 0.706250 0.750000
1 0.129167 0.530208 0.117188 0.529167 0.117188 0.531250 0.121875 0.541667 0.125000 0.543750 0.131250 0.543750 0.139063 0.543750 0.140625 0.537500 0.140625 0.525000 0.139063 0.518750 0.134375 0.516667 0.125000 0.512500 0.118750 0.518750
6 0.087500 0.500000 0.090625 0.550000 0.081250 0.550000 0.084375 0.450000 0.093750 0.450000
6 0.891016 0.504167 0.885938 0.454167 0.893750 0.454167 0.896875 0.554167 0.887500 0.554167
7 0.489063 0.507812 0.871875 0.125000 0.893750 0.893750 0.087500 0.893750 0.103125 0.118750
