0 0.141667 0.151389 0.140625 0.137500 0.131250 0.143750 0.131250 0.160417 0.143750 0.166667 0.153125 0.156250 0.150000 0.143750
1 0.134375 0.247222 0.134375 0.231250 0.123438 0.243750 0.125000 0.254167 0.137500 0.262500 0.145313 0.254167 0.140625 0.237500
1 0.160938 0.289583 0.162500 0.275000 0.153125 0.287500 0.154688 0.297917 0.162500 0.300000 0.171875 0.287500
1 0.212188 0.364583 0.212500 0.350000 0.201563 0.362500 0.206250 0.375000 0.217188 0.375000 0.223438 0.360417
4 0.363281 0.397470 0.359375 0.312500 0.350000 0.325000 0.353125 0.341667 0.318750 0.387500 0.317188 0.375000 0.298438 0.406250 0.334375 0.437500 0.340625 0.429167 0.340625 0.443750 0.346875 0.456250 0.353125 0.462500 0.362500 0.462500 0.365625 0.450000 0.356250 0.443750 0.353125 0.437500 0.356250 0.425000 0.368750 0.418750 0.368750 0.412500 0.371875 0.406250 0.384375 0.400000 0.384375 0.381250 0.392188 0.368750 0.398438 0.372917 0.406250 0.375000 0.412500 0.360417 0.396875 0.350000 0.387500 0.350000 0.393750 0.337500
3 0.438672 0.503472 0.437500 0.443750 0.429688 0.487500 0.400000 0.475000 0.392188 0.506250 0.425000 0.518750 0.412500 0.556250 0.439063 0.562500 0.443750 0.522917 0.481250 0.531250 0.492188 0.500000 0.450000 0.493750 0.460938 0.443750
1 0.557813 0.264583 0.557813 0.254167 0.548438 0.262500 0.553125 0.279167 0.564063 0.272917 0.565625 0.254167
2 0.296289 0.624219 0.298438 0.593750 0.284375 0.604167 0.278125 0.629167 0.284375 0.643750 0.290625 0.650000 0.309375 0.647917 0.312500 0.625000 0.312500 0.600000
1 0.160938 0.726667 0.160938 0.712500 0.153125 0.725000 0.154688 0.741667 0.165625 0.737500 0.170313 0.716667
1 0.734375 0.731250 0.725000 0.725000 0.725000 0.737500 0.737500 0.743750 0.746875 0.731250 0.737500 0.718750
1 0.093437 0.772917 0.092188 0.760417 0.081250 0.775000 0.089063 0.787500 0.104688 0.779167 0.100000 0.762500
1 0.780000 0.601250 0.778125 0.587500 0.768750 0.604167 0.775000 0.610417 0.787500 0.610417 0.790625 0.593750
7 0.077734 0.447396 0.096875 0.060417 0.023438 0.829167 0.062500 0.831250 0.128125 0.068750
7 0.419141 0.820833 0.020313 0.775000 0.825000 0.837500 0.818750 0.866667 0.012500 0.804167
7 0.803516 0.490104 0.798438 0.087500 0.775000 0.887500 0.806250 0.893750 0.834375 0.091667
7 0.462891 0.104688 0.840625 0.097917 0.840625 0.135417 0.085938 0.112500 0.084375 0.072917
5 0.798438 0.477083 0.787500 0.500000 0.806250 0.504167 0.809375 0.454167 0.790625 0.450000
6 0.076172 0.436458 0.084375 0.485417 0.057813 0.479167 0.068750 0.387500 0.093750 0.393750
