7 0.509115 0.848264 0.085938 0.856250 0.100000 0.835417 0.918750 0.818750 0.939063 0.847917 0.925000 0.856250 0.085938 0.875000
7 0.118490 0.471181 0.120313 0.887500 0.137500 0.862500 0.134375 0.079167 0.118750 0.056250 0.096875 0.050000 0.103125 0.891667
7 0.501563 0.089063 0.093750 0.112500 0.903125 0.106250 0.921875 0.068750 0.087500 0.068750
7 0.891406 0.462500 0.884375 0.868750 0.865625 0.062500 0.893750 0.037500 0.921875 0.881250
5 0.892969 0.456771 0.879687 0.483333 0.906250 0.483333 0.904687 0.429167 0.881250 0.431250
6 0.116406 0.470833 0.101562 0.516667 0.129688 0.525000 0.129688 0.420833 0.104688 0.420833
0 0.498750 0.351667 0.492188 0.364583 0.506250 0.362500 0.509375 0.345833 0.498437 0.339583 0.487500 0.345833
1 0.295573 0.584028 0.300000 0.597917 0.304688 0.587500 0.303125 0.566667 0.290625 0.568750 0.284375 0.585417 0.290625 0.597917
1 0.318750 0.603472 0.310937 0.612500 0.321875 0.616667 0.328125 0.608333 0.325000 0.593750 0.317188 0.589583 0.309375 0.600000
1 0.314732 0.578869 0.315625 0.591667 0.321875 0.583333 0.325000 0.570833 0.315625 0.564583 0.306250 0.566667 0.306250 0.583333 0.312500 0.591667
1 0.333333 0.584722 0.321875 0.593750 0.337500 0.597917 0.345313 0.591667 0.340625 0.572917 0.331250 0.570833 0.323437 0.581250
1 0.327604 0.562500 0.328125 0.572917 0.337500 0.568750 0.337500 0.558333 0.326562 0.550000 0.317188 0.556250 0.318750 0.568750
2 0.484896 0.447454 0.467187 0.464583 0.471875 0.470833 0.487500 0.468750 0.501563 0.460417 0.506250 0.441667 0.501563 0.425000 0.490625 0.422917 0.471875 0.429167 0.465625 0.443750
3 0.608854 0.375347 0.565625 0.402083 0.575000 0.422917 0.606250 0.395833 0.628125 0.433333 0.643750 0.416667 0.623437 0.379167 0.654687 0.345833 0.643750 0.331250 0.610938 0.356250 0.589063 0.318750 0.573438 0.329167 0.592187 0.372917
