0 0.107741 0.504167 0.103125 0.518750 0.107813 0.518750 0.112500 0.518750 0.112500 0.510417 0.115625 0.510417 0.109375 0.516667 0.117188 0.506250 0.118750 0.500000 0.115625 0.504167 0.117188 0.497917 0.112500 0.491667 0.109375 0.487500 0.109375 0.487500 0.106250 0.487500 0.103125 0.491667 0.100000 0.493750 0.100000 0.504167 0.100000 0.500000 0.100000 0.506250 0.100000 0.510417 0.100000 0.518750 0.100000 0.510417
1 0.212109 0.243750 0.201563 0.247917 0.212500 0.260417 0.226562 0.239583 0.207813 0.227083
1 0.744531 0.039062 0.734375 0.054167 0.753125 0.052083 0.754687 0.025000 0.735938 0.025000
1 0.655078 0.732292 0.665625 0.720833 0.643750 0.716667 0.646875 0.743750 0.664062 0.747917
1 0.130859 0.820833 0.139063 0.808333 0.121875 0.808333 0.121875 0.831250 0.140625 0.835417
2 0.131424 0.376852 0.107813 0.368750 0.117188 0.354167 0.135937 0.356250 0.153125 0.362500 0.160938 0.383333 0.151562 0.404167 0.129688 0.402083 0.115625 0.387500 0.110937 0.372917
3 0.148317 0.799519 0.101562 0.804167 0.143750 0.806250 0.137500 0.866667 0.157812 0.875000 0.162500 0.810417 0.203125 0.816667 0.203125 0.791667 0.157812 0.785417 0.165625 0.737500 0.145313 0.733333 0.140625 0.781250 0.104688 0.781250 0.104688 0.804167
4 0.592023 0.370285 0.567187 0.291667 0.564063 0.320833 0.551562 0.395833 0.540625 0.422917 0.568750 0.435417 0.581250 0.422917 0.592187 0.454167 0.600000 0.439583 0.590625 0.408333 0.603125 0.402083 0.612500 0.377083 0.623437 0.397917 0.632812 0.377083 0.618750 0.360417 0.615625 0.333333 0.621875 0.310417 0.598437 0.302083 0.598437 0.293750 0.567187 0.289583
5 0.920000 0.464167 0.907813 0.443750 0.934375 0.443750 0.935937 0.491667 0.912500 0.495833 0.909375 0.445833
6 0.107813 0.470833 0.117188 0.520833 0.090625 0.522917 0.098437 0.395833 0.118750 0.395833 0.114062 0.518750
7 0.401989 0.280682 0.095312 0.387500 0.118750 0.391667 0.106250 0.370833 0.115625 0.350000 0.121875 0.085417 0.904687 0.091667 0.903125 0.441667 0.935937 0.447917 0.923438 0.072917 0.101562 0.060417 0.095312 0.387500
7 0.398516 0.762813 0.092188 0.525000 0.115625 0.527083 0.109375 0.772917 0.101562 0.783333 0.101562 0.802083 0.109375 0.810417 0.110937 0.856250 0.129688 0.852083 0.153125 0.870833 0.160938 0.858333 0.903125 0.866667 0.920312 0.870833 0.926562 0.856250 0.915625 0.837500 0.907813 0.510417 0.939063 0.506250 0.935937 0.872917 0.157812 0.870833 0.087500 0.875000 0.092188 0.531250
