5 0.792969 0.476042 0.787500 0.450000 0.800000 0.450000 0.800000 0.504167 0.784375 0.500000
6 0.083203 0.437500 0.093750 0.393750 0.081250 0.387500 0.071875 0.481250 0.085938 0.487500
0 0.458203 0.800781 0.459375 0.779167 0.446875 0.785417 0.442188 0.800000 0.446875 0.818750 0.459375 0.825000 0.468750 0.812500 0.473438 0.800000 0.468750 0.785417
1 0.602455 0.514583 0.600000 0.493750 0.590625 0.500000 0.589063 0.522917 0.596875 0.531250 0.610938 0.535417 0.617188 0.518750 0.612500 0.500000
1 0.411161 0.429167 0.412500 0.410417 0.400000 0.418750 0.395313 0.435417 0.403125 0.447917 0.418750 0.443750 0.426563 0.431250 0.421875 0.416667
1 0.477455 0.346131 0.478125 0.325000 0.465625 0.331250 0.462500 0.347917 0.470313 0.362500 0.481250 0.362500 0.492188 0.356250 0.492188 0.337500
1 0.471429 0.366964 0.475000 0.350000 0.462500 0.354167 0.456250 0.368750 0.465625 0.381250 0.475000 0.385417 0.484375 0.372917 0.481250 0.356250
1 0.204297 0.348177 0.206250 0.329167 0.193750 0.335417 0.190625 0.343750 0.193750 0.356250 0.203125 0.366667 0.212500 0.362500 0.218750 0.354167 0.215625 0.337500
1 0.219531 0.392188 0.221875 0.375000 0.210938 0.375000 0.206250 0.387500 0.209375 0.404167 0.217188 0.410417 0.225000 0.406250 0.234375 0.397917 0.231250 0.381250
2 0.196023 0.384659 0.200000 0.354167 0.187500 0.356250 0.178125 0.366667 0.175000 0.385417 0.178125 0.406250 0.187500 0.412500 0.196875 0.412500 0.209375 0.406250 0.215625 0.391667 0.215625 0.379167 0.212500 0.360417
1 0.480580 0.268750 0.478125 0.250000 0.468750 0.254167 0.465625 0.272917 0.475000 0.287500 0.487500 0.287500 0.496875 0.275000 0.492188 0.254167
1 0.065179 0.773512 0.065625 0.750000 0.053125 0.760417 0.050000 0.779167 0.057813 0.793750 0.071875 0.793750 0.081250 0.781250 0.076563 0.756250
4 0.266051 0.430398 0.234375 0.356250 0.234375 0.393750 0.242188 0.393750 0.240625 0.404167 0.234375 0.404167 0.228125 0.443750 0.237500 0.447917 0.237500 0.460417 0.228125 0.462500 0.225000 0.487500 0.271875 0.500000 0.273438 0.475000 0.284375 0.468750 0.287500 0.456250 0.303125 0.462500 0.318750 0.450000 0.321875 0.425000 0.309375 0.406250 0.300000 0.400000 0.284375 0.406250 0.278125 0.397917 0.278125 0.366667
3 0.447526 0.415799 0.446875 0.350000 0.437500 0.397917 0.400000 0.387500 0.393750 0.416667 0.429688 0.429167 0.423438 0.475000 0.454688 0.481250 0.459375 0.437500 0.493750 0.443750 0.500000 0.410417 0.462500 0.404167 0.468750 0.356250
7 0.442188 0.468229 0.123438 0.116667 0.059375 0.783333 0.781250 0.833333 0.804688 0.139583
