0 0.897569 0.107176 0.885938 0.116667 0.896875 0.118750 0.903125 0.118750 0.909375 0.112500 0.909375 0.100000 0.903125 0.097917 0.896875 0.093750 0.887500 0.100000 0.885938 0.106250
1 0.055273 0.077344 0.054688 0.093750 0.062500 0.087500 0.065625 0.081250 0.062500 0.068750 0.054688 0.062500 0.048438 0.062500 0.043750 0.075000 0.050000 0.087500
1 0.448611 0.082870 0.446875 0.097917 0.454688 0.093750 0.457813 0.087500 0.459375 0.081250 0.450000 0.072917 0.443750 0.068750 0.440625 0.075000 0.440625 0.081250 0.443750 0.087500
1 0.905990 0.459028 0.909375 0.468750 0.915625 0.462500 0.909375 0.450000 0.901563 0.450000 0.896875 0.456250 0.903125 0.466667
1 0.950781 0.484896 0.950000 0.493750 0.956250 0.485417 0.950000 0.472917 0.946875 0.487500
1 0.937500 0.741071 0.934375 0.756250 0.943750 0.756250 0.943750 0.743750 0.940625 0.731250 0.934375 0.731250 0.932813 0.731250 0.932813 0.737500
1 0.347656 0.539236 0.340625 0.547917 0.350000 0.547917 0.353125 0.547917 0.353125 0.531250 0.348438 0.529167 0.340625 0.531250
1 0.347656 0.596528 0.346875 0.606250 0.353125 0.600000 0.353125 0.593750 0.348438 0.591667 0.343750 0.587500 0.340625 0.600000
1 0.364844 0.910764 0.356250 0.918750 0.362500 0.922917 0.371875 0.918750 0.371875 0.906250 0.367188 0.893750 0.359375 0.904167
2 0.407366 0.597321 0.390625 0.581250 0.395313 0.572917 0.415625 0.575000 0.434375 0.597917 0.423438 0.629167 0.400000 0.618750 0.392188 0.606250
3 0.372957 0.565705 0.387500 0.635417 0.381250 0.572917 0.398438 0.562500 0.425000 0.562500 0.426563 0.547917 0.381250 0.556250 0.368750 0.491667 0.353125 0.493750 0.365625 0.550000 0.309375 0.568750 0.318750 0.587500 0.360938 0.581250 0.371875 0.643750
4 0.434581 0.299507 0.384375 0.350000 0.387500 0.343750 0.395313 0.329167 0.409375 0.318750 0.415625 0.335417 0.426563 0.337500 0.439063 0.337500 0.437500 0.329167 0.450000 0.325000 0.457813 0.325000 0.462500 0.312500 0.460938 0.297917 0.475000 0.293750 0.484375 0.293750 0.492188 0.306250 0.500000 0.306250 0.492188 0.297917 0.490625 0.287500 0.481250 0.287500 0.475000 0.285417 0.475000 0.275000 0.484375 0.275000 0.489063 0.268750 0.475000 0.225000 0.454688 0.237500 0.453125 0.247917 0.439063 0.254167 0.400000 0.268750 0.393750 0.275000 0.390625 0.262500 0.381250 0.262500 0.368750 0.272917 0.371875 0.300000 0.379688 0.325000 0.390625 0.316667 0.387500 0.325000 0.381250 0.335417 0.381250 0.354167
6 0.028125 0.492188 0.034375 0.547917 0.020313 0.550000 0.023438 0.435417 0.034375 0.435417
6 0.951172 0.498437 0.946875 0.556250 0.956250 0.554167 0.954688 0.441667 0.946875 0.441667
7 0.489063 0.503125 0.932813 0.068750 0.048438 0.056250 0.025000 0.943750 0.950000 0.943750
