0 0.340430 0.140104 0.332813 0.125000 0.328125 0.137500 0.329688 0.147917 0.337500 0.156250 0.348438 0.156250 0.353125 0.143750 0.350000 0.129167 0.343750 0.125000
1 0.149306 0.556019 0.143750 0.543750 0.137500 0.547917 0.134375 0.562500 0.140625 0.568750 0.150000 0.572917 0.160938 0.568750 0.162500 0.554167 0.160938 0.543750 0.153125 0.541667
1 0.889509 0.905357 0.878125 0.897917 0.878125 0.906250 0.884375 0.918750 0.893750 0.918750 0.901563 0.910417 0.898438 0.893750 0.892188 0.891667
1 0.946875 0.852083 0.940625 0.837500 0.937500 0.843750 0.934375 0.856250 0.939063 0.862500 0.946875 0.868750 0.956250 0.868750 0.959375 0.856250 0.959375 0.837500 0.948438 0.837500
1 0.936133 0.421615 0.931250 0.410417 0.925000 0.418750 0.929688 0.431250 0.937500 0.437500 0.943750 0.431250 0.948438 0.418750 0.940625 0.412500 0.932813 0.412500
1 0.939286 0.394643 0.943750 0.381250 0.932813 0.385417 0.929688 0.391667 0.929688 0.400000 0.939063 0.406250 0.946875 0.406250 0.953125 0.391667
1 0.889062 0.135937 0.884375 0.125000 0.878125 0.131250 0.878125 0.141667 0.884375 0.150000 0.893750 0.150000 0.900000 0.141667 0.901563 0.129167 0.892188 0.118750
1 0.899609 0.099740 0.896875 0.087500 0.890625 0.093750 0.887500 0.106250 0.893750 0.112500 0.903125 0.112500 0.909375 0.106250 0.909375 0.091667 0.906250 0.087500
1 0.456250 0.465046 0.446875 0.454167 0.443750 0.462500 0.446875 0.472917 0.454688 0.481250 0.460938 0.479167 0.465625 0.475000 0.470313 0.460417 0.462500 0.450000 0.454688 0.450000
3 0.508203 0.448785 0.509375 0.375000 0.501563 0.429167 0.454688 0.418750 0.450000 0.443750 0.493750 0.460417 0.487500 0.518750 0.506250 0.529167 0.518750 0.466667 0.562500 0.475000 0.565625 0.450000 0.521875 0.437500 0.526563 0.381250
5 0.962109 0.476562 0.943750 0.447917 0.978125 0.443750 0.979688 0.510417 0.946875 0.504167
6 0.021094 0.453646 0.037500 0.400000 0.009375 0.387500 0.003125 0.516667 0.034375 0.510417
7 0.028906 0.480208 0.032813 0.000000 0.000000 0.962500 0.020313 0.954167 0.062500 0.004167
7 0.501563 0.022917 0.015625 0.006250 0.040625 0.035417 0.968750 0.054167 0.987500 0.025000 0.987500 0.016667 0.009375 0.000000
7 0.593750 0.932917 0.975000 0.918750 0.996875 0.947917 0.996875 0.960417 0.000000 0.937500 0.000000 0.900000
7 0.959635 0.496181 0.929688 0.031250 0.956250 0.004167 0.968750 0.000000 0.984375 0.987500 0.975000 0.987500 0.943750 0.966667
