0 0.361080 0.564299 0.353125 0.575000 0.356250 0.581250 0.360938 0.581250 0.365625 0.579167 0.368750 0.575000 0.371875 0.568750 0.371875 0.562500 0.368750 0.556250 0.371875 0.560417 0.371875 0.562500 0.371875 0.568750 0.365625 0.550000 0.364063 0.554167 0.362500 0.550000 0.359375 0.550000 0.356250 0.550000 0.353125 0.554167 0.350000 0.556250 0.350000 0.562500 0.350000 0.566667 0.350000 0.575000 0.350000 0.575000
1 0.741667 0.039236 0.751563 0.031250 0.735938 0.025000 0.731250 0.037500 0.731250 0.050000 0.746875 0.054167 0.753125 0.037500
1 0.346562 0.621667 0.353125 0.610417 0.335938 0.610417 0.337500 0.631250 0.350000 0.637500 0.356250 0.618750
1 0.657813 0.730833 0.665625 0.722917 0.653125 0.716667 0.643750 0.735417 0.657813 0.754167 0.668750 0.725000
1 0.351562 0.469271 0.353125 0.481250 0.364063 0.468750 0.348438 0.454167 0.340625 0.472917
2 0.122135 0.382292 0.117188 0.404167 0.131250 0.410417 0.148438 0.387500 0.125000 0.343750 0.104688 0.356250 0.106250 0.391667
3 0.371995 0.595353 0.365625 0.579167 0.329688 0.566667 0.321875 0.591667 0.359375 0.606250 0.350000 0.660417 0.368750 0.666667 0.376563 0.612500 0.418750 0.629167 0.418750 0.604167 0.384375 0.585417 0.393750 0.537500 0.379688 0.525000 0.368750 0.575000
4 0.595313 0.371955 0.565625 0.287500 0.534375 0.418750 0.575000 0.437500 0.600000 0.450000 0.606250 0.435417 0.596875 0.418750 0.604688 0.385417 0.621875 0.400000 0.628125 0.362500 0.615625 0.354167 0.628125 0.312500 0.596875 0.291667 0.565625 0.281250
5 0.916250 0.464583 0.903125 0.447917 0.932813 0.437500 0.932813 0.491667 0.909375 0.497917 0.903125 0.447917
6 0.104062 0.448750 0.117188 0.410417 0.092188 0.406250 0.092188 0.500000 0.109375 0.516667 0.109375 0.410417
7 0.404972 0.473485 0.120313 0.085417 0.912500 0.091667 0.921875 0.841667 0.925000 0.870833 0.907813 0.866667 0.110937 0.860417 0.112500 0.406250 0.103125 0.395833 0.103125 0.354167 0.115625 0.345833 0.121875 0.089583
