0 0.504167 0.791667 0.496875 0.779167 0.493750 0.787500 0.493750 0.797917 0.500000 0.806250 0.506250 0.806250 0.512500 0.800000 0.515625 0.791667 0.512500 0.781250 0.506250 0.775000
1 0.389258 0.688281 0.384375 0.675000 0.379688 0.685417 0.381250 0.697917 0.387500 0.700000 0.395313 0.700000 0.396875 0.691667 0.396875 0.681250 0.392188 0.675000
1 0.322070 0.662240 0.317188 0.650000 0.314063 0.656250 0.312500 0.666667 0.317188 0.675000 0.325000 0.675000 0.329688 0.668750 0.332813 0.656250 0.328125 0.650000
1 0.258160 0.656019 0.268750 0.650000 0.267188 0.662500 0.262500 0.668750 0.256250 0.668750 0.251563 0.662500 0.250000 0.656250 0.250000 0.650000 0.254688 0.641667 0.262500 0.643750
1 0.139955 0.706845 0.137500 0.693750 0.131250 0.700000 0.131250 0.716667 0.137500 0.718750 0.146875 0.718750 0.150000 0.706250 0.145313 0.693750
1 0.191295 0.390179 0.192188 0.379167 0.184375 0.381250 0.181250 0.387500 0.187500 0.400000 0.193750 0.404167 0.200000 0.397917 0.200000 0.381250
1 0.346875 0.161905 0.345313 0.150000 0.337500 0.156250 0.337500 0.168750 0.345313 0.175000 0.353125 0.168750 0.356250 0.160417 0.353125 0.154167
1 0.670000 0.820833 0.662500 0.804167 0.659375 0.825000 0.668750 0.837500 0.681250 0.831250 0.678125 0.806250
1 0.748750 0.440833 0.746875 0.431250 0.740625 0.437500 0.743750 0.450000 0.756250 0.450000 0.756250 0.435417
2 0.486719 0.258542 0.473438 0.235417 0.462500 0.243750 0.465625 0.260417 0.475000 0.275000 0.489063 0.281250 0.496875 0.281250 0.503125 0.268750 0.506250 0.260417 0.503125 0.243750 0.492188 0.235417
3 0.159792 0.199306 0.176563 0.150000 0.170313 0.143750 0.154688 0.141667 0.150000 0.181250 0.115625 0.181250 0.109375 0.206250 0.120313 0.212500 0.148438 0.212500 0.140625 0.254167 0.159375 0.266667 0.168750 0.222917 0.203125 0.225000 0.207813 0.204167 0.200000 0.193750 0.171875 0.193750
4 0.534440 0.514323 0.478125 0.543750 0.534375 0.585417 0.542188 0.575000 0.546875 0.562500 0.543750 0.543750 0.557813 0.550000 0.568750 0.543750 0.575000 0.543750 0.587500 0.518750 0.589063 0.506250 0.575000 0.497917 0.565625 0.506250 0.564063 0.504167 0.565625 0.493750 0.526563 0.468750 0.518750 0.468750 0.523438 0.456250 0.510938 0.443750 0.492188 0.479167 0.501563 0.491667 0.500000 0.504167 0.493750 0.510417 0.484375 0.516667 0.481250 0.529167
6 0.105469 0.483854 0.109375 0.437500 0.103125 0.435417 0.100000 0.531250 0.109375 0.531250
5 0.851172 0.471354 0.856250 0.450000 0.856250 0.493750 0.846875 0.493750 0.845313 0.447917
7 0.482422 0.485417 0.120313 0.131250 0.109375 0.850000 0.859375 0.837500 0.840625 0.122917
