0 0.877679 0.301488 0.868750 0.310417 0.876563 0.316667 0.885938 0.312500 0.890625 0.297917 0.881250 0.287500 0.871875 0.287500 0.868750 0.297917
1 0.837946 0.081845 0.829688 0.091667 0.845313 0.087500 0.850000 0.075000 0.843750 0.066667 0.831250 0.072917 0.829688 0.085417 0.835938 0.093750
1 0.330990 0.144444 0.328125 0.156250 0.337500 0.156250 0.340625 0.143750 0.335938 0.135417 0.325000 0.131250 0.318750 0.143750
1 0.106771 0.390278 0.103125 0.400000 0.112500 0.400000 0.118750 0.387500 0.109375 0.381250 0.100000 0.381250 0.096875 0.391667
1 0.420573 0.548958 0.415625 0.560417 0.426563 0.562500 0.431250 0.547917 0.425000 0.537500 0.412500 0.537500 0.412500 0.547917
1 0.097656 0.580208 0.093750 0.591667 0.104688 0.591667 0.109375 0.579167 0.100000 0.568750 0.089063 0.568750 0.089063 0.581250
1 0.366295 0.908929 0.359375 0.918750 0.367188 0.922917 0.376563 0.916667 0.375000 0.900000 0.368750 0.897917 0.360938 0.900000 0.356250 0.906250
1 0.603385 0.914931 0.596875 0.925000 0.606250 0.929167 0.612500 0.918750 0.610938 0.904167 0.600000 0.900000 0.593750 0.912500
2 0.097656 0.880990 0.106250 0.910417 0.115625 0.893750 0.115625 0.868750 0.106250 0.850000 0.085938 0.850000 0.078125 0.875000 0.081250 0.893750 0.092188 0.906250
3 0.102734 0.121701 0.093750 0.193750 0.109375 0.143750 0.150000 0.156250 0.160938 0.141667 0.112500 0.116667 0.131250 0.062500 0.115625 0.050000 0.096875 0.106250 0.057813 0.081250 0.050000 0.104167 0.085938 0.129167 0.068750 0.175000
4 0.429330 0.384762 0.462500 0.418750 0.473438 0.441667 0.503125 0.418750 0.493750 0.393750 0.490625 0.393750 0.459375 0.316667 0.462500 0.304167 0.454688 0.281250 0.431250 0.287500 0.421875 0.306250 0.409375 0.322917 0.418750 0.350000 0.415625 0.362500 0.396875 0.366667 0.384375 0.381250 0.387500 0.400000 0.392188 0.404167 0.393750 0.387500 0.398438 0.375000 0.415625 0.372917 0.423438 0.375000 0.425000 0.391667 0.423438 0.400000 0.423438 0.412500 0.415625 0.418750 0.403125 0.418750 0.396875 0.410417 0.392188 0.412500 0.400000 0.425000 0.415625 0.425000 0.434375 0.412500 0.446875 0.412500 0.446875 0.422917 0.456250 0.418750 0.457813 0.425000
5 0.961328 0.496354 0.948438 0.556250 0.975000 0.554167 0.975000 0.437500 0.946875 0.437500
6 0.019922 0.489063 0.032813 0.547917 0.003125 0.547917 0.006250 0.429167 0.037500 0.431250
7 0.960449 0.509766 0.948438 0.943750 0.971875 0.968750 0.975000 0.991667 0.987500 0.993750 0.981250 0.704167 0.981250 0.547917 0.968750 0.297917 0.968750 0.197917 0.964063 0.112500 0.960938 0.010417 0.932813 0.025000 0.939063 0.160417 0.940625 0.291667 0.948438 0.425000 0.948438 0.622917 0.950000 0.862500
7 0.464227 0.047149 0.981250 0.035417 0.834375 0.031250 0.620313 0.025000 0.395313 0.025000 0.243750 0.025000 0.081250 0.022917 0.006250 0.025000 0.009375 0.041667 0.018750 0.054167 0.059375 0.056250 0.106250 0.056250 0.175000 0.060417 0.343750 0.060417 0.559375 0.062500 0.721875 0.062500 0.828125 0.062500 0.887500 0.066667 0.962500 0.072917 0.985938 0.050000
7 0.493066 0.963281 0.995313 0.960417 0.975000 0.943750 0.807813 0.947917 0.578125 0.950000 0.396875 0.947917 0.225000 0.947917 0.065625 0.943750 0.025000 0.943750 0.000000 0.968750 0.057813 0.975000 0.203125 0.985417 0.371875 0.985417 0.532813 0.981250 0.737500 0.981250 0.925000 0.981250 0.992188 0.968750
7 0.034040 0.333185 0.025000 0.941667 0.028125 0.725000 0.034375 0.568750 0.040625 0.356250 0.048438 0.160417 0.050000 0.122917 0.046875 0.087500 0.050000 0.068750 0.050000 0.047917 0.050000 0.025000 0.028125 0.000000 0.015625 0.200000 0.009375 0.393750 0.000000 0.966667
