0 0.096875 0.876250 0.090625 0.866667 0.089063 0.879167 0.095312 0.889583 0.104688 0.879167 0.104688 0.866667
1 0.698047 0.886458 0.709375 0.887500 0.704688 0.877083 0.700000 0.877083 0.692187 0.875000 0.685937 0.881250 0.690625 0.895833 0.698438 0.900000 0.703125 0.897917
1 0.702778 0.831713 0.710938 0.827083 0.707812 0.820833 0.701562 0.820833 0.695312 0.822917 0.693750 0.827083 0.693750 0.839583 0.700000 0.843750 0.707812 0.843750 0.714063 0.839583
1 0.752539 0.722656 0.756250 0.710417 0.750000 0.714583 0.743750 0.716667 0.740625 0.725000 0.746875 0.731250 0.756250 0.735417 0.764062 0.727083 0.762500 0.720833
1 0.653385 0.586111 0.654687 0.579167 0.650000 0.577083 0.646875 0.583333 0.650000 0.591667 0.657813 0.597917 0.660937 0.587500
1 0.674777 0.582738 0.681250 0.575000 0.675000 0.572917 0.667188 0.577083 0.670312 0.587500 0.671875 0.593750 0.678125 0.589583 0.679688 0.583333
2 0.485268 0.454464 0.500000 0.447917 0.489063 0.429167 0.470313 0.433333 0.467187 0.452083 0.475000 0.472917 0.492188 0.479167 0.503125 0.466667
3 0.508984 0.496354 0.510938 0.562500 0.517188 0.508333 0.554688 0.516667 0.556250 0.489583 0.518750 0.487500 0.521875 0.431250 0.507812 0.433333 0.504687 0.483333 0.462500 0.479167 0.460938 0.497917 0.498437 0.506250 0.493750 0.560417
4 0.658438 0.528611 0.606250 0.541667 0.604688 0.504167 0.626563 0.497917 0.631250 0.514583 0.681250 0.502083 0.689063 0.491667 0.706250 0.485417 0.714063 0.514583 0.717187 0.537500 0.712500 0.554167 0.679688 0.564583 0.640625 0.570833 0.629687 0.558333 0.626563 0.543750 0.610938 0.547917
6 0.897656 0.501042 0.885938 0.554167 0.910937 0.552083 0.907813 0.450000 0.885938 0.447917
6 0.080078 0.499479 0.092188 0.554167 0.064062 0.552083 0.068750 0.443750 0.095312 0.447917
7 0.901406 0.579583 0.895312 0.893750 0.875000 0.125000 0.875000 0.087500 0.900000 0.066667 0.906250 0.245833 0.915625 0.652083 0.918750 0.916667 0.918750 0.943750 0.910937 0.943750 0.898438 0.920833
7 0.478437 0.111042 0.071875 0.122917 0.196875 0.120833 0.657813 0.125000 0.873437 0.129167 0.903125 0.125000 0.920312 0.100000 0.589063 0.095833 0.343750 0.097917 0.167187 0.093750 0.060937 0.100000
7 0.080859 0.507118 0.082812 0.895833 0.089063 0.639583 0.095312 0.372917 0.103125 0.143750 0.106250 0.087500 0.084375 0.072917 0.078125 0.187500 0.068750 0.314583 0.064062 0.566667 0.059375 0.914583 0.057813 0.950000 0.081250 0.939583
7 0.610313 0.907222 0.048438 0.897917 0.332813 0.897917 0.648438 0.895833 0.682813 0.893750 0.687500 0.906250 0.701562 0.910417 0.714063 0.902083 0.721875 0.897917 0.890625 0.900000 0.920312 0.897917 0.939063 0.912500 0.935937 0.925000 0.600000 0.925000 0.289062 0.925000 0.042188 0.920833
