7 0.510938 0.846875 0.085938 0.868750 0.939063 0.856250 0.928125 0.825000 0.090625 0.837500
7 0.121094 0.470833 0.140625 0.881250 0.131250 0.060417 0.106250 0.050000 0.106250 0.891667
7 0.503906 0.085417 0.096875 0.106250 0.907813 0.106250 0.921875 0.062500 0.089063 0.066667
7 0.894531 0.463021 0.890625 0.868750 0.868750 0.066667 0.896875 0.041667 0.921875 0.875000
0 0.137760 0.156250 0.125000 0.162500 0.140625 0.175000 0.154688 0.162500 0.146875 0.143750 0.134375 0.143750 0.125000 0.150000
1 0.295573 0.580903 0.285938 0.575000 0.284375 0.587500 0.293750 0.597917 0.306250 0.587500 0.306250 0.568750 0.296875 0.568750
1 0.314323 0.577431 0.309375 0.591667 0.321875 0.585417 0.325000 0.572917 0.317188 0.562500 0.306250 0.566667 0.306250 0.585417
1 0.317708 0.598611 0.318750 0.587500 0.306250 0.591667 0.309375 0.604167 0.317188 0.612500 0.329688 0.604167 0.325000 0.591667
1 0.333594 0.584722 0.321875 0.587500 0.331250 0.597917 0.345313 0.593750 0.343750 0.579167 0.334375 0.568750 0.325000 0.581250
1 0.327604 0.560764 0.325000 0.575000 0.337500 0.568750 0.337500 0.554167 0.329688 0.543750 0.318750 0.554167 0.317188 0.568750
2 0.300868 0.548611 0.278125 0.562500 0.287500 0.568750 0.303125 0.568750 0.315625 0.562500 0.321875 0.547917 0.321875 0.529167 0.306250 0.522917 0.290625 0.531250 0.282813 0.543750
3 0.607292 0.375521 0.562500 0.406250 0.575000 0.429167 0.603125 0.393750 0.626563 0.431250 0.643750 0.418750 0.621875 0.381250 0.653125 0.343750 0.640625 0.325000 0.610938 0.354167 0.587500 0.318750 0.571875 0.331250 0.590625 0.372917
5 0.889844 0.459896 0.878125 0.487500 0.903125 0.485417 0.901563 0.431250 0.876563 0.435417
6 0.117578 0.464583 0.106250 0.510417 0.131250 0.518750 0.128125 0.416667 0.104688 0.412500
4 0.261648 0.159470 0.242188 0.195833 0.217188 0.145833 0.201563 0.125000 0.204687 0.102083 0.228125 0.091667 0.242188 0.089583 0.254688 0.112500 0.270313 0.112500 0.287500 0.106250 0.298438 0.110417 0.310937 0.122917 0.310937 0.150000 0.304688 0.170833 0.285938 0.175000 0.281250 0.185417 0.279687 0.200000 0.279687 0.218750 0.273438 0.225000 0.259375 0.231250 0.245312 0.233333 0.237500 0.210417 0.240625 0.193750
