0 0.770000 0.725833 0.768750 0.712500 0.759375 0.725000 0.765625 0.737500 0.778125 0.735417 0.778125 0.718750
3 0.437370 0.505035 0.434375 0.443750 0.428125 0.487500 0.396875 0.479167 0.387500 0.504167 0.423438 0.516667 0.415625 0.560417 0.439063 0.568750 0.443750 0.522917 0.481250 0.531250 0.487500 0.504167 0.450000 0.493750 0.460938 0.447917
4 0.482215 0.307230 0.537500 0.275000 0.518750 0.268750 0.515625 0.279167 0.510938 0.279167 0.509375 0.268750 0.470313 0.254167 0.470313 0.247917 0.450000 0.241667 0.440625 0.279167 0.446875 0.287500 0.446875 0.293750 0.460938 0.293750 0.457813 0.300000 0.446875 0.304167 0.434375 0.318750 0.434375 0.331250 0.443750 0.337500 0.446875 0.318750 0.450000 0.312500 0.462500 0.312500 0.462500 0.318750 0.470313 0.325000 0.478125 0.318750 0.484375 0.329167 0.496875 0.329167 0.506250 0.331250 0.510938 0.331250 0.509375 0.337500 0.506250 0.350000 0.517188 0.356250 0.526563 0.347917 0.525000 0.325000 0.518750 0.318750 0.528125 0.322917
2 0.299414 0.622396 0.300000 0.593750 0.285938 0.600000 0.281250 0.618750 0.285938 0.641667 0.296875 0.654167 0.312500 0.643750 0.318750 0.629167 0.314063 0.597917
1 0.214062 0.367083 0.212500 0.350000 0.201563 0.362500 0.209375 0.381250 0.221875 0.385417 0.225000 0.356250
1 0.639375 0.548750 0.637500 0.531250 0.626563 0.547917 0.634375 0.562500 0.650000 0.560417 0.648438 0.541667
1 0.714063 0.821667 0.715625 0.806250 0.704688 0.816667 0.709375 0.825000 0.715625 0.837500 0.725000 0.822917
1 0.765234 0.457813 0.765625 0.437500 0.756250 0.456250 0.760938 0.475000 0.778125 0.462500
1 0.770625 0.639583 0.768750 0.622917 0.760938 0.637500 0.767188 0.656250 0.778125 0.650000 0.778125 0.631250
1 0.775391 0.697917 0.776563 0.685417 0.767188 0.693750 0.773438 0.712500 0.784375 0.700000
1 0.758203 0.690625 0.753125 0.675000 0.750000 0.700000 0.762500 0.700000 0.767188 0.687500
1 0.751875 0.742083 0.751563 0.729167 0.743750 0.737500 0.745313 0.750000 0.759375 0.756250 0.759375 0.737500
5 0.787500 0.476488 0.782813 0.454167 0.796875 0.450000 0.793750 0.497917 0.784375 0.500000 0.784375 0.487500 0.787500 0.479167 0.782813 0.466667
6 0.084375 0.438542 0.093750 0.393750 0.081250 0.391667 0.073438 0.481250 0.089063 0.487500
7 0.439063 0.465625 0.115625 0.112500 0.056250 0.781250 0.781250 0.831250 0.803125 0.137500
