0 0.497656 0.350694 0.490625 0.362500 0.503125 0.362500 0.506250 0.350000 0.503125 0.337500 0.492188 0.341667 0.490625 0.350000
1 0.293490 0.582639 0.290625 0.593750 0.304688 0.591667 0.303125 0.572917 0.293750 0.566667 0.282813 0.579167 0.285938 0.591667
1 0.319271 0.600694 0.318750 0.587500 0.309375 0.593750 0.309375 0.612500 0.321875 0.616667 0.331250 0.600000 0.325000 0.593750
1 0.314063 0.575000 0.312500 0.587500 0.321875 0.581250 0.325000 0.568750 0.318750 0.562500 0.309375 0.562500 0.304688 0.575000 0.306250 0.587500
1 0.328385 0.561458 0.321875 0.572917 0.332813 0.572917 0.335938 0.566667 0.335938 0.550000 0.325000 0.550000 0.318750 0.556250
1 0.332031 0.582986 0.321875 0.587500 0.329688 0.597917 0.340625 0.593750 0.343750 0.575000 0.331250 0.568750 0.325000 0.575000
2 0.357031 0.566406 0.340625 0.579167 0.350000 0.597917 0.360938 0.600000 0.368750 0.585417 0.376563 0.556250 0.368750 0.537500 0.350000 0.531250 0.340625 0.543750
3 0.608203 0.375868 0.562500 0.404167 0.590625 0.372917 0.568750 0.331250 0.589063 0.316667 0.610938 0.350000 0.640625 0.329167 0.653125 0.343750 0.626563 0.381250 0.643750 0.418750 0.631250 0.437500 0.606250 0.400000 0.575000 0.425000
4 0.482904 0.403922 0.460938 0.468750 0.450000 0.454167 0.459375 0.422917 0.443750 0.412500 0.431250 0.412500 0.429688 0.368750 0.450000 0.362500 0.450000 0.372917 0.503125 0.356250 0.509375 0.343750 0.528125 0.343750 0.534375 0.381250 0.526563 0.393750 0.512500 0.406250 0.528125 0.437500 0.523438 0.456250 0.468750 0.472917
5 0.890234 0.461458 0.885938 0.439583 0.893750 0.439583 0.895312 0.483333 0.885938 0.483333
6 0.125391 0.470833 0.121875 0.422917 0.129688 0.422917 0.129688 0.518750 0.120313 0.518750
7 0.506641 0.470313 0.129688 0.106250 0.876563 0.100000 0.892188 0.833333 0.128125 0.841667
