3 0.449740 0.281771 0.400000 0.254167 0.398438 0.281250 0.431250 0.293750 0.429688 0.337500 0.454688 0.350000 0.459375 0.304167 0.500000 0.306250 0.506250 0.285417 0.460938 0.272917 0.468750 0.222917 0.450000 0.206250 0.437500 0.266667
5 0.873828 0.413021 0.867188 0.385417 0.884375 0.381250 0.881250 0.441667 0.862500 0.443750
6 0.117969 0.375000 0.125000 0.329167 0.112500 0.322917 0.109375 0.425000 0.125000 0.422917
7 0.495703 0.392708 0.121875 0.018750 0.117188 0.735417 0.862500 0.787500 0.881250 0.029167
0 0.436111 0.618287 0.435937 0.597917 0.425000 0.602083 0.418750 0.616667 0.421875 0.631250 0.432812 0.641667 0.445312 0.637500 0.451562 0.625000 0.451562 0.610417 0.442188 0.602083
1 0.378906 0.622917 0.379688 0.602083 0.367188 0.606250 0.362500 0.622917 0.367188 0.637500 0.378125 0.641667 0.390625 0.641667 0.395313 0.625000 0.390625 0.606250
1 0.355729 0.481019 0.357812 0.462500 0.348438 0.466667 0.342187 0.479167 0.342187 0.493750 0.350000 0.497917 0.359375 0.500000 0.370312 0.489583 0.368750 0.475000 0.362500 0.464583
4 0.341797 0.518229 0.276562 0.525000 0.298438 0.547917 0.306250 0.537500 0.307812 0.547917 0.343750 0.570833 0.351562 0.568750 0.345313 0.581250 0.368750 0.597917 0.390625 0.550000 0.373437 0.535417 0.371875 0.510417 0.385937 0.493750 0.379688 0.470833 0.368750 0.456250 0.351562 0.454167 0.337500 0.468750 0.332813 0.487500 0.325000 0.487500 0.320312 0.493750 0.300000 0.479167
1 0.876786 0.048810 0.876563 0.027083 0.865625 0.033333 0.859375 0.052083 0.868750 0.070833 0.885938 0.066667 0.890625 0.056250 0.890625 0.035417
1 0.736719 0.273698 0.734375 0.252083 0.720313 0.262500 0.717187 0.281250 0.726562 0.291667 0.740625 0.295833 0.753125 0.285417 0.756250 0.266667 0.745313 0.254167
1 0.586719 0.390885 0.584375 0.366667 0.570312 0.381250 0.568750 0.397917 0.579688 0.412500 0.592187 0.412500 0.601562 0.400000 0.601562 0.383333 0.595313 0.372917
1 0.129688 0.571615 0.128125 0.550000 0.117188 0.558333 0.112500 0.570833 0.115625 0.587500 0.129688 0.591667 0.142187 0.587500 0.150000 0.572917 0.142187 0.554167
1 0.138281 0.633333 0.129688 0.618750 0.120313 0.629167 0.125000 0.647917 0.134375 0.654167 0.150000 0.650000 0.159375 0.631250 0.150000 0.618750 0.137500 0.616667
1 0.587695 0.636719 0.587500 0.610417 0.575000 0.622917 0.570312 0.643750 0.578125 0.656250 0.590625 0.658333 0.600000 0.652083 0.603125 0.635417 0.596875 0.614583
2 0.782813 0.499519 0.767188 0.464583 0.756250 0.475000 0.753125 0.495833 0.759375 0.516667 0.771875 0.529167 0.782813 0.535417 0.795312 0.533333 0.803125 0.525000 0.807813 0.510417 0.809375 0.489583 0.801562 0.479167 0.789062 0.472917 0.779687 0.466667
