0 0.287277 0.566964 0.281250 0.577083 0.289062 0.577083 0.298438 0.570833 0.295312 0.558333 0.287500 0.552083 0.279687 0.562500 0.279687 0.570833
1 0.193750 0.791667 0.196875 0.808333 0.204687 0.795833 0.204687 0.777083 0.192188 0.779167 0.181250 0.785417 0.182812 0.804167
1 0.367812 0.915833 0.370312 0.904167 0.356250 0.908333 0.360938 0.929167 0.375000 0.922917 0.376563 0.914583
1 0.940312 0.749167 0.929688 0.735417 0.931250 0.758333 0.940625 0.764583 0.953125 0.752083 0.946875 0.735417
1 0.056875 0.078333 0.056250 0.091667 0.067187 0.085417 0.062500 0.075000 0.054688 0.064583 0.043750 0.075000
1 0.450893 0.084226 0.450000 0.093750 0.457813 0.093750 0.457813 0.087500 0.456250 0.079167 0.451562 0.072917 0.442188 0.075000 0.440625 0.087500
1 0.360677 0.608681 0.354687 0.614583 0.364063 0.622917 0.365625 0.610417 0.365625 0.602083 0.359375 0.595833 0.354687 0.606250
1 0.392773 0.529427 0.385937 0.541667 0.395313 0.541667 0.400000 0.535417 0.401562 0.529167 0.398438 0.520833 0.392188 0.518750 0.385937 0.518750 0.382812 0.529167
2 0.582227 0.581250 0.560937 0.581250 0.562500 0.600000 0.575000 0.612500 0.593750 0.600000 0.600000 0.581250 0.598437 0.562500 0.590625 0.554167 0.576562 0.558333
3 0.373568 0.576736 0.376563 0.647917 0.398438 0.645833 0.385937 0.589583 0.426563 0.566667 0.423438 0.547917 0.376563 0.562500 0.368750 0.506250 0.353125 0.508333 0.364063 0.566667 0.318750 0.587500 0.320312 0.606250 0.370312 0.585417
4 0.565625 0.527604 0.512500 0.525000 0.510938 0.479167 0.534375 0.472917 0.539062 0.487500 0.603125 0.481250 0.601562 0.466667 0.625000 0.462500 0.634375 0.502083 0.625000 0.516667 0.621875 0.533333 0.593750 0.547917 0.553125 0.554167 0.551562 0.575000 0.554688 0.606250 0.550000 0.602083 0.548438 0.585417 0.546875 0.558333 0.548438 0.539583 0.534375 0.533333 0.523438 0.522917
6 0.961328 0.498437 0.948438 0.560417 0.978125 0.554167 0.975000 0.437500 0.943750 0.441667
6 0.017969 0.487500 0.028125 0.545833 0.003125 0.547917 0.007812 0.425000 0.032813 0.431250
7 0.960369 0.492045 0.953125 0.947917 0.951562 0.677083 0.946875 0.383333 0.935937 0.120833 0.928125 0.031250 0.959375 0.010417 0.965625 0.177083 0.976562 0.433333 0.979688 0.668750 0.985938 0.964583 0.981250 0.997917
7 0.537847 0.964583 0.026562 0.941667 0.379688 0.956250 0.648438 0.954167 0.900000 0.952083 0.982812 0.947917 0.996875 0.972917 0.643750 0.989583 0.256250 0.983333 0.006250 0.983333
7 0.029759 0.389773 0.029687 0.937500 0.029687 0.633333 0.025000 0.625000 0.020313 0.618750 0.018750 0.608333 0.023438 0.602083 0.028125 0.587500 0.035937 0.581250 0.032813 0.414583 0.046875 0.375000 0.039062 0.312500 0.046875 0.131250 0.045312 0.093750 0.037500 0.075000 0.037500 0.060417 0.050000 0.056250 0.040625 0.027083 0.031250 0.006250 0.018750 0.102083 0.007812 0.310417 0.007812 0.435417 0.001563 0.981250
7 0.461719 0.050347 0.053125 0.052083 0.225000 0.064583 0.442188 0.060417 0.721875 0.066667 0.925000 0.072917 0.951562 0.070833 0.985938 0.043750 0.693750 0.031250 0.409375 0.029167 0.123438 0.027083 0.001563 0.029167 0.007812 0.056250
