0 0.506250 0.790625 0.503125 0.775000 0.510938 0.779167 0.515625 0.785417 0.515625 0.793750 0.510938 0.800000 0.503125 0.806250 0.496875 0.800000 0.493750 0.785417
1 0.398214 0.677976 0.403125 0.666667 0.407813 0.675000 0.406250 0.687500 0.398438 0.691667 0.390625 0.687500 0.387500 0.675000 0.393750 0.662500
1 0.515402 0.498512 0.506250 0.493750 0.512500 0.487500 0.521875 0.487500 0.526563 0.497917 0.521875 0.506250 0.512500 0.510417 0.506250 0.506250
1 0.301172 0.510677 0.300000 0.497917 0.306250 0.500000 0.309375 0.506250 0.309375 0.518750 0.303125 0.525000 0.296875 0.522917 0.290625 0.510417 0.293750 0.504167
1 0.761607 0.476786 0.753125 0.472917 0.759375 0.466667 0.767188 0.468750 0.768750 0.475000 0.768750 0.485417 0.760938 0.487500 0.753125 0.481250
1 0.799414 0.489063 0.792188 0.481250 0.800000 0.475000 0.806250 0.481250 0.807813 0.491667 0.804688 0.497917 0.793750 0.497917 0.790625 0.487500 0.800000 0.500000
1 0.338393 0.168452 0.340625 0.156250 0.346875 0.162500 0.348438 0.175000 0.340625 0.181250 0.332813 0.179167 0.328125 0.168750 0.331250 0.156250
2 0.501215 0.264583 0.489063 0.287500 0.496875 0.293750 0.510938 0.285417 0.518750 0.262500 0.517188 0.247917 0.506250 0.241667 0.496875 0.243750 0.489063 0.250000 0.485938 0.268750
3 0.477214 0.301389 0.470313 0.237500 0.485938 0.241667 0.485938 0.291667 0.521875 0.291667 0.521875 0.312500 0.485938 0.312500 0.485938 0.362500 0.468750 0.362500 0.468750 0.312500 0.431250 0.312500 0.431250 0.291667 0.468750 0.287500
1 0.149740 0.763889 0.150000 0.747917 0.160938 0.756250 0.159375 0.768750 0.148438 0.779167 0.140625 0.775000 0.139063 0.756250
4 0.271842 0.501596 0.225000 0.493750 0.228125 0.493750 0.231250 0.487500 0.254688 0.456250 0.262500 0.443750 0.267188 0.437500 0.262500 0.431250 0.275000 0.416667 0.298438 0.437500 0.287500 0.456250 0.285938 0.468750 0.290625 0.479167 0.304688 0.481250 0.312500 0.485417 0.317188 0.487500 0.318750 0.493750 0.318750 0.506250 0.312500 0.506250 0.309375 0.497917 0.301563 0.491667 0.293750 0.491667 0.287500 0.497917 0.287500 0.500000 0.278125 0.504167 0.275000 0.504167 0.275000 0.510417 0.275000 0.516667 0.273438 0.518750 0.271875 0.518750 0.270313 0.522917 0.270313 0.537500 0.275000 0.547917 0.287500 0.547917 0.287500 0.554167 0.285938 0.556250 0.275000 0.556250 0.262500 0.543750 0.262500 0.518750 0.256250 0.518750 0.253125 0.518750 0.250000 0.522917 0.242188 0.529167 0.237500 0.531250 0.228125 0.535417 0.218750 0.525000 0.210938 0.506250 0.221875 0.487500
6 0.107422 0.483854 0.104688 0.435417 0.112500 0.437500 0.109375 0.531250 0.103125 0.531250
5 0.852344 0.472917 0.846875 0.450000 0.856250 0.450000 0.856250 0.497917 0.850000 0.493750
7 0.480078 0.484375 0.840625 0.122917 0.856250 0.835417 0.106250 0.850000 0.117188 0.129167
