0 0.169271 0.027083 0.162500 0.012500 0.159375 0.031250 0.165625 0.043750 0.176563 0.037500 0.179688 0.025000 0.171875 0.012500
1 0.496289 0.279167 0.496875 0.266667 0.503125 0.268750 0.506250 0.281250 0.503125 0.291667 0.493750 0.293750 0.487500 0.287500 0.487500 0.275000 0.492188 0.268750
1 0.682813 0.635119 0.684375 0.622917 0.690625 0.625000 0.693750 0.637500 0.687500 0.650000 0.675000 0.647917 0.673438 0.637500 0.675000 0.625000
1 0.711384 0.767262 0.710938 0.754167 0.718750 0.756250 0.721875 0.768750 0.718750 0.781250 0.706250 0.781250 0.700000 0.768750 0.703125 0.760417
1 0.586384 0.681845 0.587500 0.668750 0.595313 0.672917 0.596875 0.685417 0.590625 0.693750 0.581250 0.693750 0.575000 0.685417 0.578125 0.672917
1 0.151116 0.540179 0.156250 0.525000 0.162500 0.537500 0.159375 0.547917 0.150000 0.554167 0.143750 0.550000 0.140625 0.537500 0.145313 0.529167
1 0.254883 0.591667 0.262500 0.581250 0.265625 0.587500 0.262500 0.600000 0.256250 0.604167 0.248438 0.600000 0.243750 0.593750 0.246875 0.585417 0.253125 0.581250
1 0.340039 0.568490 0.337500 0.556250 0.343750 0.556250 0.350000 0.562500 0.350000 0.575000 0.343750 0.581250 0.334375 0.581250 0.329688 0.572917 0.331250 0.562500
1 0.239063 0.688542 0.242188 0.675000 0.248438 0.681250 0.248438 0.691667 0.243750 0.700000 0.237500 0.700000 0.231250 0.693750 0.228125 0.687500 0.232813 0.679167
2 0.440057 0.736932 0.446875 0.718750 0.454688 0.722917 0.460938 0.731250 0.460938 0.747917 0.456250 0.756250 0.440625 0.760417 0.428125 0.754167 0.418750 0.743750 0.415625 0.731250 0.423438 0.722917 0.434375 0.716667
3 0.638582 0.342628 0.648438 0.354167 0.687500 0.347917 0.684375 0.325000 0.646875 0.329167 0.643750 0.279167 0.625000 0.279167 0.626563 0.329167 0.590625 0.335417 0.590625 0.360417 0.628125 0.354167 0.631250 0.400000 0.650000 0.404167 0.648438 0.356250
4 0.511740 0.245946 0.475000 0.206250 0.528125 0.191667 0.528125 0.175000 0.543750 0.168750 0.557813 0.210417 0.548438 0.216667 0.543750 0.225000 0.532813 0.231250 0.532813 0.237500 0.548438 0.237500 0.559375 0.250000 0.559375 0.262500 0.556250 0.268750 0.554688 0.254167 0.548438 0.247917 0.534375 0.247917 0.531250 0.254167 0.525000 0.260417 0.512500 0.254167 0.512500 0.262500 0.506250 0.262500 0.496875 0.268750 0.489063 0.275000 0.489063 0.287500 0.493750 0.300000 0.492188 0.306250 0.484375 0.300000 0.478125 0.287500 0.481250 0.275000 0.490625 0.260417 0.484375 0.250000 0.478125 0.250000 0.473438 0.247917 0.462500 0.250000 0.454688 0.206250 0.471875 0.200000 0.475000 0.210417
5 0.879297 0.452083 0.878125 0.429167 0.885938 0.429167 0.881250 0.475000 0.871875 0.475000
6 0.124609 0.378125 0.123438 0.331250 0.131250 0.331250 0.125000 0.425000 0.118750 0.425000
7 0.502344 0.413021 0.148438 0.018750 0.901563 0.079167 0.846875 0.818750 0.112500 0.735417
