0 0.575000 0.412202 0.568750 0.404167 0.565625 0.410417 0.570312 0.420833 0.578125 0.422917 0.582812 0.414583 0.582812 0.408333 0.576562 0.404167
1 0.151786 0.750893 0.151562 0.741667 0.143750 0.741667 0.142187 0.750000 0.146875 0.760417 0.156250 0.762500 0.160938 0.754167 0.160938 0.745833
1 0.615625 0.780903 0.614062 0.768750 0.606250 0.777083 0.610938 0.785417 0.618750 0.793750 0.623437 0.783333 0.620313 0.777083
1 0.770508 0.555469 0.767188 0.545833 0.762500 0.547917 0.762500 0.558333 0.768750 0.564583 0.775000 0.564583 0.778125 0.562500 0.778125 0.554167 0.771875 0.545833
1 0.668229 0.363542 0.665625 0.354167 0.662500 0.360417 0.660937 0.370833 0.671875 0.375000 0.675000 0.366667 0.673438 0.354167
1 0.626116 0.308036 0.631250 0.302083 0.625000 0.300000 0.620313 0.304167 0.618750 0.310417 0.623437 0.316667 0.631250 0.314583 0.632812 0.308333
2 0.725721 0.598718 0.704688 0.597917 0.707812 0.591667 0.717187 0.583333 0.728125 0.575000 0.737500 0.577083 0.743750 0.583333 0.746875 0.593750 0.745313 0.606250 0.735938 0.612500 0.729688 0.618750 0.720313 0.620833 0.710938 0.614583 0.706250 0.608333
3 0.511719 0.493056 0.500000 0.556250 0.503125 0.502083 0.462500 0.497917 0.462500 0.477083 0.504687 0.487500 0.506250 0.429167 0.521875 0.431250 0.521875 0.483333 0.562500 0.489583 0.562500 0.500000 0.517188 0.504167 0.515625 0.558333
4 0.623722 0.371970 0.587500 0.397917 0.570312 0.354167 0.587500 0.343750 0.595313 0.352083 0.648438 0.312500 0.642188 0.293750 0.656250 0.285417 0.678125 0.316667 0.682813 0.337500 0.654687 0.358333 0.651563 0.368750 0.648438 0.377083 0.634375 0.387500 0.629687 0.395833 0.621875 0.395833 0.612500 0.395833 0.603125 0.410417 0.610938 0.433333 0.606250 0.437500 0.600000 0.425000 0.598437 0.412500 0.601562 0.391667
6 0.898438 0.504167 0.887500 0.554167 0.910937 0.556250 0.906250 0.452083 0.889062 0.454167
6 0.082422 0.500000 0.092188 0.554167 0.098437 0.447917 0.071875 0.443750 0.067187 0.554167
7 0.897188 0.421667 0.896875 0.922917 0.876563 0.087500 0.892188 0.079167 0.901563 0.075000 0.918750 0.943750
7 0.427902 0.110714 0.081250 0.125000 0.893750 0.131250 0.920312 0.112500 0.917188 0.097917 0.062500 0.093750 0.060937 0.102083 0.059375 0.112500
7 0.077031 0.567917 0.059375 0.947917 0.059375 0.760417 0.062500 0.575000 0.071875 0.343750 0.078125 0.070833 0.103125 0.083333 0.100000 0.347917 0.089063 0.664583 0.082812 0.933333 0.064062 0.952083
7 0.467812 0.911667 0.056250 0.902083 0.403125 0.893750 0.704688 0.895833 0.914062 0.897917 0.935937 0.916667 0.865625 0.922917 0.557813 0.925000 0.159375 0.925000 0.040625 0.925000 0.040625 0.912500
