0 0.574688 0.411667 0.568750 0.404167 0.568750 0.416667 0.575000 0.422917 0.579688 0.414583 0.581250 0.400000
1 0.327232 0.405952 0.326562 0.397917 0.321875 0.395833 0.318750 0.408333 0.325000 0.418750 0.329688 0.414583 0.334375 0.406250 0.334375 0.400000
1 0.151786 0.748810 0.145313 0.760417 0.151562 0.760417 0.157812 0.756250 0.159375 0.743750 0.157812 0.735417 0.148438 0.737500 0.142187 0.747917
1 0.420312 0.624107 0.421875 0.635417 0.426563 0.631250 0.428125 0.618750 0.423438 0.616667 0.415625 0.614583 0.412500 0.620833 0.414062 0.631250
1 0.400260 0.735764 0.398438 0.722917 0.392188 0.731250 0.392188 0.745833 0.401562 0.747917 0.409375 0.739583 0.407813 0.727083
1 0.623437 0.306845 0.618750 0.316667 0.623437 0.310417 0.629687 0.308333 0.631250 0.302083 0.623437 0.297917 0.620313 0.302083 0.617188 0.310417
2 0.339773 0.876705 0.323437 0.902083 0.339062 0.900000 0.351562 0.889583 0.360938 0.885417 0.362500 0.870833 0.357812 0.862500 0.348438 0.856250 0.337500 0.854167 0.323437 0.858333 0.314063 0.870833 0.318750 0.893750
3 0.204207 0.811058 0.185938 0.872917 0.201563 0.875000 0.214062 0.818750 0.256250 0.822917 0.256250 0.808333 0.215625 0.791667 0.225000 0.737500 0.206250 0.733333 0.196875 0.797917 0.160938 0.785417 0.154688 0.812500 0.193750 0.816667 0.187500 0.870833
4 0.637137 0.354312 0.573438 0.362500 0.587500 0.391667 0.603125 0.383333 0.612500 0.385417 0.612500 0.400000 0.609375 0.408333 0.607812 0.416667 0.610938 0.422917 0.618750 0.429167 0.623437 0.429167 0.617188 0.420833 0.617188 0.412500 0.621875 0.393750 0.634375 0.385417 0.637500 0.379167 0.654687 0.366667 0.665625 0.356250 0.668750 0.347917 0.679688 0.356250 0.684375 0.362500 0.689063 0.364583 0.690625 0.354167 0.687500 0.347917 0.679688 0.339583 0.673438 0.333333 0.681250 0.327083 0.679688 0.318750 0.671875 0.308333 0.667188 0.295833 0.660937 0.283333 0.650000 0.279167 0.645312 0.281250 0.642188 0.291667 0.639062 0.300000 0.643750 0.312500 0.639062 0.316667 0.628125 0.322917 0.618750 0.327083 0.609375 0.333333 0.603125 0.339583 0.595313 0.350000 0.589063 0.343750 0.571875 0.354167
6 0.897813 0.514167 0.882812 0.554167 0.906250 0.552083 0.910937 0.552083 0.906250 0.456250 0.882812 0.456250
6 0.080469 0.496875 0.089063 0.547917 0.096875 0.441667 0.070312 0.447917 0.065625 0.550000
7 0.899583 0.595556 0.893750 0.891667 0.893750 0.691667 0.898438 0.677083 0.900000 0.670833 0.896875 0.662500 0.890625 0.647917 0.884375 0.377083 0.878125 0.087500 0.898438 0.075000 0.904687 0.191667 0.907813 0.447917 0.918750 0.697917 0.920312 0.941667 0.907813 0.945833 0.900000 0.927083
7 0.456548 0.906944 0.084375 0.895833 0.242188 0.897917 0.285938 0.904167 0.318750 0.904167 0.353125 0.908333 0.403125 0.900000 0.429688 0.897917 0.462500 0.906250 0.492188 0.900000 0.517188 0.904167 0.553125 0.900000 0.642188 0.895833 0.826562 0.897917 0.910937 0.891667 0.937500 0.906250 0.937500 0.925000 0.632812 0.927083 0.400000 0.925000 0.073438 0.931250 0.042188 0.925000 0.042188 0.902083
7 0.080288 0.489583 0.082812 0.937500 0.085938 0.804167 0.092188 0.610417 0.098437 0.354167 0.100000 0.120833 0.100000 0.085417 0.082812 0.064583 0.079687 0.068750 0.075000 0.218750 0.067187 0.452083 0.060937 0.758333 0.057813 0.939583 0.060937 0.950000
7 0.471181 0.111574 0.078125 0.122917 0.429688 0.125000 0.704688 0.129167 0.895312 0.129167 0.920312 0.104167 0.721875 0.093750 0.368750 0.093750 0.062500 0.095833 0.059375 0.110417
