0 0.108160 0.504977 0.104688 0.516667 0.103125 0.510417 0.100000 0.510417 0.100000 0.506250 0.103125 0.500000 0.100000 0.493750 0.100000 0.487500 0.106250 0.487500 0.109375 0.487500 0.112500 0.491667 0.117188 0.497917 0.118750 0.506250 0.115625 0.510417 0.115625 0.510417 0.112500 0.516667 0.112500 0.518750 0.109375 0.518750 0.106250 0.518750
1 0.744531 0.040625 0.734375 0.054167 0.753125 0.054167 0.753125 0.027083 0.737500 0.027083
1 0.907188 0.844167 0.914062 0.829167 0.893750 0.831250 0.896875 0.858333 0.915625 0.862500 0.915625 0.839583
1 0.658594 0.728646 0.650000 0.743750 0.670312 0.739583 0.667188 0.714583 0.646875 0.716667
1 0.130469 0.820833 0.142187 0.806250 0.120313 0.806250 0.123438 0.835417 0.135937 0.835417
2 0.129883 0.376042 0.109375 0.372917 0.112500 0.389583 0.128125 0.397917 0.150000 0.400000 0.157812 0.379167 0.143750 0.360417 0.125000 0.350000 0.112500 0.358333
6 0.105134 0.466964 0.096875 0.516667 0.114062 0.537500 0.118750 0.439583 0.109375 0.433333 0.106250 0.410417 0.095312 0.412500 0.095312 0.518750
5 0.917188 0.467083 0.907813 0.445833 0.931250 0.443750 0.931250 0.497917 0.907813 0.495833 0.907813 0.452083
4 0.559863 0.402865 0.535937 0.431250 0.542188 0.462500 0.556250 0.479167 0.578125 0.472917 0.579688 0.425000 0.589063 0.406250 0.604688 0.408333 0.610938 0.385417 0.606250 0.345833 0.581250 0.347917 0.575000 0.358333 0.529687 0.370833 0.525000 0.362500 0.507812 0.366667 0.509375 0.412500 0.526563 0.410417
7 0.340067 0.304613 0.095312 0.406250 0.112500 0.408333 0.114062 0.395833 0.109375 0.389583 0.106250 0.366667 0.112500 0.356250 0.115625 0.352083 0.123438 0.079167 0.906250 0.095833 0.907813 0.441667 0.932813 0.441667 0.929688 0.066667 0.098437 0.058333 0.096875 0.406250
3 0.149639 0.797596 0.103125 0.785417 0.104688 0.808333 0.143750 0.810417 0.139063 0.864583 0.157812 0.872917 0.164062 0.808333 0.204687 0.818750 0.204687 0.789583 0.160938 0.785417 0.170313 0.729167 0.143750 0.727083 0.140625 0.785417 0.107813 0.783333
7 0.484375 0.729647 0.092188 0.522917 0.114062 0.543750 0.107813 0.858333 0.140625 0.860417 0.157812 0.864583 0.895312 0.862500 0.914062 0.866667 0.915625 0.822917 0.907813 0.504167 0.932813 0.506250 0.939063 0.875000 0.087500 0.875000 0.092188 0.522917
