0 0.271484 0.721354 0.265625 0.706250 0.275000 0.706250 0.282813 0.712500 0.284375 0.725000 0.278125 0.735417 0.270313 0.737500 0.259375 0.731250 0.256250 0.716667
1 0.392188 0.803472 0.387500 0.785417 0.400000 0.787500 0.403125 0.797917 0.403125 0.810417 0.400000 0.816667 0.392188 0.818750 0.384375 0.816667 0.378125 0.804167 0.381250 0.793750
1 0.583929 0.187500 0.584375 0.172917 0.590625 0.175000 0.595313 0.187500 0.590625 0.200000 0.579688 0.204167 0.573438 0.193750 0.573438 0.179167
1 0.555469 0.479375 0.543750 0.481250 0.543750 0.475000 0.548438 0.468750 0.554688 0.466667 0.564063 0.468750 0.565625 0.475000 0.565625 0.481250 0.562500 0.491667 0.557813 0.493750 0.548438 0.491667
1 0.958854 0.235069 0.946875 0.241667 0.946875 0.229167 0.956250 0.222917 0.970313 0.225000 0.971875 0.241667 0.960938 0.250000
1 0.875260 0.458681 0.867188 0.447917 0.878125 0.443750 0.887500 0.454167 0.884375 0.468750 0.871875 0.475000 0.862500 0.462500
1 0.848958 0.477083 0.845313 0.462500 0.856250 0.462500 0.862500 0.481250 0.850000 0.493750 0.840625 0.487500 0.839063 0.475000
1 0.146354 0.868056 0.143750 0.850000 0.156250 0.856250 0.156250 0.872917 0.150000 0.885417 0.134375 0.881250 0.137500 0.862500
1 0.798177 0.613889 0.790625 0.597917 0.803125 0.597917 0.809375 0.610417 0.804688 0.629167 0.793750 0.629167 0.787500 0.618750
2 0.037656 0.869375 0.009375 0.885417 0.009375 0.862500 0.021875 0.850000 0.037500 0.843750 0.056250 0.843750 0.065625 0.854167 0.065625 0.875000 0.053125 0.891667 0.037500 0.893750 0.020313 0.893750
3 0.576302 0.460417 0.565625 0.443750 0.571875 0.387500 0.590625 0.391667 0.589063 0.450000 0.634375 0.456250 0.634375 0.481250 0.585938 0.479167 0.581250 0.535417 0.557813 0.531250 0.564063 0.468750 0.518750 0.462500 0.521875 0.437500
4 0.510121 0.505256 0.542188 0.485417 0.540625 0.475000 0.532813 0.466667 0.526563 0.466667 0.518750 0.466667 0.515625 0.468750 0.510938 0.472917 0.510938 0.475000 0.506250 0.456250 0.503125 0.431250 0.490625 0.422917 0.454688 0.422917 0.453125 0.454167 0.460938 0.462500 0.459375 0.510417 0.457813 0.537500 0.457813 0.543750 0.446875 0.543750 0.443750 0.575000 0.485938 0.581250 0.489063 0.560417 0.493750 0.547917 0.503125 0.543750 0.512500 0.537500 0.517188 0.543750 0.528125 0.543750 0.534375 0.541667 0.537500 0.537500 0.543750 0.531250 0.550000 0.522917 0.550000 0.516667 0.548438 0.510417 0.542188 0.516667 0.534375 0.525000 0.531250 0.531250 0.521875 0.531250 0.517188 0.525000 0.512500 0.510417 0.512500 0.506250 0.515625 0.493750 0.518750 0.481250 0.532813 0.475000 0.537500 0.487500 0.542188 0.491667
