0 0.724219 0.189236 0.725000 0.175000 0.715625 0.181250 0.712500 0.200000 0.721875 0.206250 0.735938 0.193750 0.734375 0.179167
1 0.265885 0.598611 0.271875 0.587500 0.259375 0.587500 0.256250 0.600000 0.262500 0.612500 0.270313 0.606250 0.275000 0.597917
1 0.116667 0.637847 0.121875 0.625000 0.109375 0.629167 0.107813 0.641667 0.112500 0.647917 0.120313 0.647917 0.128125 0.635417
1 0.109375 0.491319 0.115625 0.481250 0.107813 0.481250 0.100000 0.487500 0.100000 0.500000 0.112500 0.504167 0.120313 0.493750
1 0.125781 0.832639 0.125000 0.818750 0.117188 0.825000 0.118750 0.843750 0.125000 0.847917 0.134375 0.837500 0.134375 0.822917
1 0.827187 0.819583 0.825000 0.806250 0.818750 0.816667 0.823438 0.829167 0.831250 0.829167 0.837500 0.816667
1 0.838542 0.356944 0.840625 0.343750 0.831250 0.347917 0.829688 0.356250 0.834375 0.368750 0.845313 0.368750 0.850000 0.356250
2 0.353348 0.345536 0.375000 0.335417 0.356250 0.325000 0.337500 0.329167 0.335938 0.337500 0.337500 0.362500 0.353125 0.372917 0.378125 0.356250
1 0.309375 0.135417 0.312500 0.122917 0.303125 0.125000 0.303125 0.141667 0.309375 0.150000 0.318750 0.137500
3 0.443099 0.406771 0.437500 0.347917 0.434375 0.391667 0.400000 0.391667 0.396875 0.406250 0.431250 0.418750 0.431250 0.466667 0.450000 0.468750 0.450000 0.422917 0.487500 0.422917 0.489063 0.400000 0.454688 0.393750 0.454688 0.350000
4 0.503819 0.405440 0.490625 0.350000 0.489063 0.381250 0.465625 0.385417 0.462500 0.393750 0.490625 0.397917 0.492188 0.425000 0.462500 0.429167 0.470313 0.437500 0.493750 0.437500 0.500000 0.462500 0.523438 0.466667 0.543750 0.462500 0.543750 0.437500 0.534375 0.437500 0.531250 0.362500 0.537500 0.356250 0.534375 0.337500 0.503125 0.337500
5 0.852734 0.472396 0.845313 0.447917 0.857812 0.452083 0.859375 0.495833 0.848437 0.493750
6 0.108203 0.483854 0.114062 0.435417 0.103125 0.435417 0.101562 0.533333 0.114062 0.531250
7 0.480469 0.484375 0.118750 0.131250 0.106250 0.850000 0.854688 0.833333 0.842187 0.122917
