0 0.394062 0.148333 0.387500 0.137500 0.384375 0.147917 0.392188 0.162500 0.403125 0.156250 0.403125 0.137500
1 0.624219 0.129861 0.620313 0.118750 0.615625 0.129167 0.617188 0.137500 0.626563 0.143750 0.634375 0.131250 0.631250 0.118750
1 0.613281 0.220833 0.610938 0.206250 0.606250 0.216667 0.606250 0.229167 0.612500 0.231250 0.621875 0.229167 0.621875 0.212500
1 0.713281 0.279514 0.710938 0.266667 0.704688 0.275000 0.704688 0.287500 0.715625 0.293750 0.721875 0.285417 0.721875 0.268750
1 0.847396 0.669792 0.846875 0.656250 0.839063 0.660417 0.839063 0.675000 0.846875 0.681250 0.856250 0.679167 0.856250 0.666667
1 0.240000 0.776667 0.237500 0.760417 0.231250 0.772917 0.232813 0.787500 0.246875 0.787500 0.251563 0.775000
1 0.126116 0.833036 0.125000 0.818750 0.120313 0.831250 0.121875 0.825000 0.118750 0.841667 0.125000 0.850000 0.137500 0.841667 0.134375 0.822917
1 0.160312 0.269583 0.153125 0.260417 0.150000 0.268750 0.159375 0.281250 0.168750 0.275000 0.170313 0.262500
1 0.320833 0.154861 0.317188 0.143750 0.314063 0.150000 0.314063 0.162500 0.321875 0.168750 0.329688 0.160417 0.328125 0.143750
2 0.842578 0.802865 0.845313 0.781250 0.831250 0.779167 0.825000 0.787500 0.825000 0.806250 0.837500 0.825000 0.850000 0.831250 0.865625 0.818750 0.860938 0.793750
3 0.461328 0.542708 0.471875 0.535417 0.481250 0.487500 0.470313 0.481250 0.456250 0.525000 0.421875 0.510417 0.415625 0.535417 0.450000 0.550000 0.440625 0.593750 0.454688 0.606250 0.465625 0.556250 0.501563 0.575000 0.506250 0.556250
4 0.591406 0.319479 0.546875 0.372917 0.556250 0.385417 0.575000 0.381250 0.581250 0.368750 0.596875 0.360417 0.606250 0.375000 0.621875 0.375000 0.631250 0.362500 0.637500 0.312500 0.631250 0.300000 0.612500 0.297917 0.606250 0.287500 0.609375 0.268750 0.596875 0.262500 0.593750 0.254167 0.575000 0.250000 0.565625 0.254167 0.564063 0.275000 0.564063 0.297917 0.556250 0.347917
5 0.853516 0.472396 0.848437 0.447917 0.850000 0.495833 0.857812 0.495833 0.857812 0.450000
6 0.107031 0.483854 0.110937 0.437500 0.103125 0.435417 0.103125 0.531250 0.110937 0.531250
7 0.482812 0.483854 0.120313 0.133333 0.107813 0.847917 0.859375 0.835417 0.843750 0.118750
