0 0.793750 0.484028 0.787500 0.497917 0.800000 0.493750 0.806250 0.481250 0.796875 0.468750 0.787500 0.475000 0.784375 0.487500
1 0.603125 0.914583 0.590625 0.918750 0.600000 0.929167 0.612500 0.922917 0.612500 0.912500 0.606250 0.900000 0.596875 0.904167
1 0.365848 0.909821 0.356250 0.916667 0.362500 0.925000 0.371875 0.918750 0.376563 0.910417 0.371875 0.900000 0.365625 0.897917 0.356250 0.900000
1 0.099062 0.578333 0.093750 0.587500 0.107813 0.585417 0.107813 0.575000 0.096875 0.568750 0.089063 0.575000
1 0.069792 0.228125 0.071875 0.241667 0.081250 0.231250 0.078125 0.216667 0.065625 0.216667 0.059375 0.225000 0.062500 0.237500
1 0.839583 0.076042 0.831250 0.087500 0.840625 0.087500 0.846875 0.081250 0.846875 0.068750 0.840625 0.062500 0.831250 0.068750
1 0.330469 0.142708 0.328125 0.156250 0.335938 0.150000 0.337500 0.143750 0.334375 0.131250 0.325000 0.131250 0.321875 0.143750
1 0.320052 0.075000 0.317188 0.087500 0.328125 0.085417 0.328125 0.068750 0.321875 0.066667 0.315625 0.066667 0.309375 0.075000
2 0.098633 0.878646 0.106250 0.906250 0.112500 0.900000 0.117188 0.868750 0.109375 0.856250 0.096875 0.850000 0.081250 0.860417 0.078125 0.881250 0.087500 0.906250
3 0.558073 0.563542 0.573438 0.635417 0.568750 0.572917 0.612500 0.568750 0.612500 0.547917 0.565625 0.550000 0.562500 0.487500 0.543750 0.493750 0.546875 0.550000 0.503125 0.562500 0.503125 0.581250 0.548438 0.575000 0.556250 0.637500
4 0.422017 0.381881 0.462500 0.397917 0.475000 0.400000 0.489063 0.356250 0.470313 0.347917 0.465625 0.356250 0.457813 0.356250 0.457813 0.350000 0.403125 0.325000 0.400000 0.316667 0.381250 0.304167 0.367188 0.343750 0.368750 0.356250 0.375000 0.360417 0.375000 0.366667 0.362500 0.375000 0.353125 0.393750 0.362500 0.397917 0.368750 0.385417 0.375000 0.379167 0.384375 0.381250 0.390625 0.381250 0.393750 0.385417 0.398438 0.397917 0.434375 0.412500 0.442188 0.406250 0.450000 0.410417 0.457813 0.412500 0.465625 0.422917 0.462500 0.437500 0.470313 0.443750 0.473438 0.429167 0.471875 0.412500 0.460938 0.400000
