0 0.891406 0.498661 0.892188 0.516667 0.887500 0.510417 0.885938 0.506250 0.884375 0.497917 0.885938 0.487500 0.890625 0.475000 0.893750 0.481250 0.887500 0.481250 0.896875 0.491667 0.896875 0.493750 0.896875 0.500000 0.893750 0.510417 0.893750 0.510417 0.893750 0.518750
1 0.747049 0.772454 0.746875 0.785417 0.753125 0.785417 0.759375 0.781250 0.762500 0.772917 0.760938 0.768750 0.759375 0.762500 0.756250 0.756250 0.750000 0.756250 0.746875 0.756250 0.742188 0.756250 0.740625 0.762500 0.734375 0.768750 0.734375 0.768750 0.734375 0.781250 0.740625 0.785417 0.742188 0.787500 0.745313 0.787500 0.737500 0.781250
1 0.793155 0.696329 0.793750 0.706250 0.800000 0.710417 0.803125 0.706250 0.804688 0.706250 0.807813 0.700000 0.809375 0.691667 0.807813 0.687500 0.800000 0.681250 0.796875 0.675000 0.793750 0.675000 0.787500 0.679167 0.784375 0.687500 0.782813 0.687500 0.782813 0.697917 0.782813 0.697917 0.784375 0.706250 0.787500 0.706250 0.792188 0.706250 0.784375 0.704167 0.782813 0.704167 0.787500 0.706250
1 0.175361 0.733093 0.170313 0.743750 0.176563 0.747917 0.181250 0.747917 0.184375 0.743750 0.184375 0.743750 0.185938 0.741667 0.185938 0.737500 0.185938 0.731250 0.187500 0.729167 0.185938 0.722917 0.184375 0.718750 0.178125 0.716667 0.178125 0.716667 0.176563 0.718750 0.171875 0.718750 0.170313 0.718750 0.165625 0.718750 0.165625 0.718750 0.165625 0.725000 0.162500 0.731250 0.162500 0.731250 0.162500 0.741667 0.168750 0.747917 0.168750 0.747917 0.170313 0.750000 0.179688 0.750000
1 0.132457 0.532670 0.123438 0.535417 0.125000 0.541667 0.128125 0.543750 0.139063 0.547917 0.139063 0.543750 0.140625 0.543750 0.145313 0.541667 0.146875 0.531250 0.146875 0.525000 0.140625 0.518750 0.139063 0.516667 0.131250 0.510417 0.129688 0.510417 0.125000 0.518750 0.125000 0.522917 0.121875 0.525000 0.121875 0.531250 0.123438 0.537500 0.125000 0.537500 0.134375 0.547917 0.131250 0.543750 0.131250 0.543750
2 0.520363 0.324731 0.500000 0.322917 0.501563 0.312500 0.506250 0.300000 0.503125 0.306250 0.506250 0.300000 0.517188 0.293750 0.512500 0.300000 0.515625 0.297917 0.526563 0.297917 0.523438 0.293750 0.531250 0.300000 0.534375 0.310417 0.534375 0.306250 0.542188 0.316667 0.546875 0.325000 0.548438 0.331250 0.546875 0.337500 0.543750 0.343750 0.540625 0.354167 0.532813 0.356250 0.528125 0.354167 0.521875 0.350000 0.515625 0.350000 0.512500 0.347917 0.506250 0.343750 0.503125 0.335417 0.501563 0.335417 0.500000 0.325000 0.503125 0.331250 0.503125 0.337500 0.521875 0.350000
3 0.368149 0.294071 0.328125 0.325000 0.337500 0.341667 0.371875 0.310417 0.393750 0.343750 0.407813 0.331250 0.384375 0.291667 0.412500 0.254167 0.406250 0.247917 0.371875 0.272917 0.346875 0.241667 0.335938 0.250000 0.359375 0.287500 0.329688 0.325000
4 0.485457 0.692949 0.425000 0.729167 0.453125 0.750000 0.465625 0.750000 0.475000 0.760417 0.490625 0.735417 0.512500 0.750000 0.521875 0.743750 0.512500 0.729167 0.500000 0.731250 0.493750 0.716667 0.506250 0.681250 0.518750 0.681250 0.531250 0.693750 0.537500 0.681250 0.526563 0.668750 0.509375 0.666667 0.509375 0.643750 0.500000 0.635417 0.503125 0.622917 0.475000 0.604167 0.460938 0.625000 0.462500 0.643750 0.446875 0.679167 0.434375 0.675000 0.423438 0.693750 0.426563 0.725000
6 0.087188 0.491667 0.096875 0.450000 0.078125 0.450000 0.075000 0.547917 0.092188 0.554167 0.093750 0.456250
1 0.891016 0.466146 0.892188 0.456250 0.884375 0.468750 0.890625 0.479167 0.896875 0.460417
5 0.890938 0.496667 0.881250 0.456250 0.903125 0.454167 0.903125 0.556250 0.885938 0.556250 0.881250 0.460417
7 0.594141 0.526823 0.107813 0.131250 0.085938 0.891667 0.893750 0.900000 0.892188 0.693750 0.900000 0.675000 0.887500 0.656250 0.876563 0.135417 0.109375 0.131250
