0 0.949062 0.450833 0.940625 0.450000 0.948438 0.462500 0.956250 0.462500 0.956250 0.437500 0.943750 0.441667
1 0.838393 0.077679 0.828125 0.081250 0.831250 0.091667 0.843750 0.091667 0.846875 0.079167 0.846875 0.068750 0.840625 0.062500 0.831250 0.068750
1 0.422768 0.091667 0.412500 0.093750 0.415625 0.100000 0.423438 0.100000 0.431250 0.100000 0.431250 0.093750 0.426563 0.079167 0.418750 0.075000
1 0.220089 0.738393 0.212500 0.750000 0.221875 0.754167 0.231250 0.743750 0.228125 0.731250 0.223438 0.725000 0.212500 0.729167 0.210938 0.735417
1 0.368080 0.907440 0.378125 0.916667 0.378125 0.904167 0.371875 0.900000 0.368750 0.897917 0.360938 0.897917 0.356250 0.910417 0.362500 0.925000
1 0.769531 0.915885 0.756250 0.922917 0.762500 0.925000 0.771875 0.931250 0.781250 0.925000 0.778125 0.912500 0.776563 0.904167 0.768750 0.900000 0.760938 0.906250
1 0.762054 0.650000 0.753125 0.660417 0.765625 0.662500 0.771875 0.656250 0.768750 0.643750 0.765625 0.637500 0.756250 0.641667 0.753125 0.647917
1 0.952344 0.487153 0.953125 0.497917 0.954688 0.487500 0.956250 0.479167 0.948438 0.479167 0.946875 0.485417 0.954688 0.493750
1 0.032031 0.456771 0.028125 0.468750 0.037500 0.462500 0.034375 0.447917 0.028125 0.447917
2 0.058594 0.928646 0.034375 0.950000 0.043750 0.954167 0.062500 0.954167 0.076563 0.943750 0.085938 0.937500 0.087500 0.925000 0.078125 0.916667 0.076563 0.906250 0.059375 0.900000 0.037500 0.906250 0.028125 0.918750 0.032813 0.931250
3 0.907943 0.884896 0.903125 0.906250 0.934375 0.954167 0.946875 0.943750 0.925000 0.887500 0.960938 0.850000 0.946875 0.831250 0.915625 0.862500 0.878125 0.816667 0.865625 0.831250 0.893750 0.881250 0.854688 0.916667 0.870313 0.937500
4 0.715412 0.259375 0.743750 0.275000 0.765625 0.291667 0.782813 0.247917 0.771875 0.231250 0.762500 0.243750 0.756250 0.231250 0.756250 0.225000 0.721875 0.197917 0.718750 0.210417 0.703125 0.193750 0.690625 0.175000 0.665625 0.218750 0.684375 0.231250 0.679688 0.254167 0.682813 0.272917 0.675000 0.291667 0.668750 0.312500 0.678125 0.325000 0.690625 0.331250 0.704688 0.337500 0.715625 0.316667 0.720313 0.291667
7 0.959598 0.455357 0.950000 0.956250 0.940625 0.275000 0.934375 0.029167 0.959375 0.000000 0.971875 0.312500 0.979688 0.635417 0.981250 0.979167
7 0.435937 0.957372 0.025000 0.947917 0.034375 0.962500 0.073438 0.962500 0.100000 0.947917 0.359375 0.950000 0.579688 0.950000 0.745313 0.950000 0.892188 0.943750 0.921875 0.950000 0.950000 0.962500 0.979688 0.975000 0.003125 0.981250 0.003125 0.962500
7 0.021165 0.470455 0.003125 0.972917 0.025000 0.947917 0.034375 0.556250 0.043750 0.254167 0.053125 0.062500 0.031250 0.000000 0.021875 0.091667 0.014063 0.241667 0.006250 0.443750 0.000000 0.635417 0.000000 0.968750
7 0.534792 0.050000 0.059375 0.060417 0.340625 0.062500 0.493750 0.060417 0.728125 0.066667 0.815625 0.068750 0.840625 0.054167 0.868750 0.068750 0.970313 0.079167 0.981250 0.050000 0.828125 0.031250 0.518750 0.018750 0.371875 0.025000 0.178125 0.025000 0.006250 0.029167 0.020313 0.050000
6 0.022656 0.493750 0.034375 0.554167 0.009375 0.554167 0.009375 0.437500 0.037500 0.429167
5 0.955469 0.495833 0.943750 0.550000 0.968750 0.550000 0.971875 0.441667 0.937500 0.441667
