0 0.170313 0.029687 0.018750 0.025000
1 0.446875 0.062500 0.015625 0.021875
1 0.510938 0.163281 0.018750 0.023438
1 0.730469 0.267969 0.017188 0.023438
1 0.843750 0.555469 0.015625 0.020313
1 0.640625 0.697656 0.018750 0.023438
1 0.513281 0.534375 0.017188 0.021875
1 0.338281 0.569531 0.017188 0.020313
1 0.353906 0.483594 0.017188 0.017188
1 0.134375 0.573438 0.000000 0.000000
2 0.777344 0.493750 0.042188 0.053125
3 0.523438 0.460938 0.106250 0.112500
4 0.332031 0.522656 0.107813 0.132812
5 0.889062 0.454688 0.015625 0.059375
6 0.130469 0.374219 0.032813 0.114062
7 0.118750 0.397656 -0.093750 0.773438
7 0.487500 0.792969 0.821875 0.160938
7 0.907813 0.452344 -0.125000 0.845313
7 0.521875 0.045312 0.896875 0.090625
