0 0.216406 0.712500 0.020313 0.021875
1 0.214062 0.742188 0.018750 0.025000
1 0.365625 0.676562 0.025000 0.025000
1 0.320312 0.196094 0.028125 0.023438
1 0.553125 0.188281 0.021875 0.029687
1 0.708594 0.351562 0.023438 0.025000
1 0.745313 0.246094 0.031250 0.026562
1 0.771875 0.176563 0.018750 0.021875
1 0.775781 0.128906 0.020313 0.023438
2 0.628906 0.496875 0.032813 0.056250
3 0.506250 0.357812 0.090625 0.109375
4 0.312500 0.235937 0.103125 0.118750
5 0.841406 0.459375 0.026562 0.053125
6 0.153125 0.412500 0.031250 -0.103125
7 0.146094 0.418750 0.082812 -0.750000
7 0.856250 0.468750 0.040625 0.771875
7 0.510938 0.091406 0.756250 0.089063
7 0.486719 0.789844 0.773438 0.104688
