0 0.485243 0.883333 0.485938 0.897917 0.493750 0.893750 0.496875 0.881250 0.493750 0.875000 0.487500 0.868750 0.481250 0.872917 0.475000 0.879167 0.475000 0.887500 0.478125 0.893750
1 0.134598 0.424405 0.129688 0.437500 0.142187 0.441667 0.150000 0.422917 0.140625 0.406250 0.129688 0.406250 0.123438 0.418750 0.126562 0.437500
1 0.261384 0.313690 0.256250 0.322917 0.267188 0.325000 0.273438 0.308333 0.267188 0.300000 0.256250 0.297917 0.251563 0.314583 0.257812 0.327083
1 0.402813 0.378333 0.404687 0.364583 0.392188 0.364583 0.393750 0.389583 0.409375 0.393750 0.414062 0.379167
1 0.578437 0.385000 0.581250 0.368750 0.565625 0.377083 0.568750 0.397917 0.587500 0.402083 0.589063 0.379167
1 0.782813 0.840625 0.771875 0.847917 0.789062 0.858333 0.796875 0.845833 0.790625 0.829167 0.778125 0.827083 0.770312 0.835417
1 0.165625 0.836250 0.160938 0.847917 0.171875 0.847917 0.179688 0.831250 0.164062 0.816667 0.151562 0.837500
2 0.452539 0.234635 0.440625 0.252083 0.464062 0.258333 0.471875 0.239583 0.476562 0.206250 0.448437 0.191667 0.440625 0.227083 0.440625 0.252083 0.437500 0.250000
3 0.592708 0.357986 0.546875 0.375000 0.590625 0.368750 0.590625 0.418750 0.610938 0.412500 0.604688 0.364583 0.643750 0.356250 0.639062 0.335417 0.596875 0.345833 0.593750 0.302083 0.575000 0.306250 0.578125 0.352083 0.542188 0.358333
4 0.251427 0.285960 0.270313 0.327083 0.281250 0.318750 0.275000 0.293750 0.246875 0.293750 0.245312 0.312500 0.251563 0.335417 0.242188 0.341667 0.234375 0.320833 0.232813 0.297917 0.221875 0.279167 0.207813 0.285417 0.201563 0.275000 0.189062 0.270833 0.189062 0.235417 0.210938 0.227083 0.281250 0.222917 0.293750 0.216667 0.303125 0.254167 0.287500 0.266667 0.276562 0.275000 0.281250 0.293750 0.282813 0.304167 0.276562 0.329167
5 0.889375 0.494167 0.878125 0.454167 0.903125 0.450000 0.904687 0.545833 0.882812 0.558333 0.878125 0.462500
6 0.087188 0.482917 0.092188 0.433333 0.079687 0.450000 0.078125 0.539583 0.093750 0.554167 0.092188 0.437500
7 0.443056 0.292361 0.075000 0.450000 0.098437 0.427083 0.103125 0.120833 0.875000 0.125000 0.875000 0.435417 0.903125 0.437500 0.889062 0.110417 0.087500 0.102083 0.081250 0.422917
7 0.449716 0.742992 0.070312 0.543750 0.100000 0.564583 0.089063 0.889583 0.473438 0.900000 0.501563 0.902083 0.885938 0.895833 0.875000 0.568750 0.901563 0.554167 0.909375 0.908333 0.070312 0.897917 0.070312 0.547917
