0 0.400670 0.335714 0.395313 0.318750 0.390625 0.331250 0.392188 0.347917 0.400000 0.350000 0.409375 0.347917 0.410938 0.331250 0.406250 0.322917
1 0.286830 0.705655 0.278125 0.693750 0.273438 0.706250 0.278125 0.725000 0.290625 0.722917 0.300000 0.706250 0.296875 0.693750 0.290625 0.691667
1 0.447768 0.883036 0.434375 0.879167 0.439063 0.900000 0.450000 0.900000 0.457813 0.891667 0.459375 0.875000 0.450000 0.866667 0.443750 0.868750
1 0.642634 0.900298 0.637500 0.885417 0.631250 0.893750 0.631250 0.910417 0.642188 0.918750 0.653125 0.912500 0.653125 0.893750 0.650000 0.887500
1 0.889062 0.906548 0.885938 0.891667 0.881250 0.893750 0.878125 0.906250 0.881250 0.922917 0.898438 0.922917 0.900000 0.910417 0.898438 0.897917
1 0.929688 0.915179 0.918750 0.904167 0.918750 0.912500 0.923438 0.929167 0.932813 0.931250 0.940625 0.922917 0.940625 0.906250 0.932813 0.900000
1 0.946205 0.827679 0.940625 0.812500 0.934375 0.822917 0.937500 0.837500 0.950000 0.843750 0.956250 0.837500 0.954688 0.822917 0.950000 0.816667
1 0.893555 0.502865 0.892188 0.485417 0.884375 0.493750 0.884375 0.506250 0.887500 0.516667 0.893750 0.518750 0.901563 0.510417 0.903125 0.500000 0.901563 0.491667
1 0.648661 0.180357 0.643750 0.166667 0.637500 0.175000 0.637500 0.187500 0.648438 0.193750 0.656250 0.191667 0.659375 0.179167 0.657813 0.168750
2 0.521875 0.441042 0.500000 0.425000 0.509375 0.416667 0.528125 0.412500 0.543750 0.418750 0.548438 0.443750 0.543750 0.460417 0.532813 0.466667 0.512500 0.466667 0.503125 0.456250 0.496875 0.443750
3 0.491587 0.482051 0.496875 0.406250 0.496875 0.468750 0.543750 0.468750 0.543750 0.491667 0.540625 0.493750 0.496875 0.497917 0.496875 0.554167 0.478125 0.556250 0.478125 0.500000 0.431250 0.493750 0.431250 0.466667 0.478125 0.462500 0.478125 0.406250
4 0.393588 0.297342 0.359375 0.243750 0.356250 0.237500 0.337500 0.241667 0.335938 0.262500 0.337500 0.285417 0.343750 0.297917 0.350000 0.297917 0.365625 0.300000 0.368750 0.316667 0.375000 0.325000 0.371875 0.347917 0.376563 0.362500 0.384375 0.368750 0.400000 0.375000 0.412500 0.372917 0.418750 0.368750 0.426563 0.350000 0.426563 0.337500 0.421875 0.322917 0.425000 0.310417 0.425000 0.293750 0.437500 0.291667 0.460938 0.281250 0.454688 0.231250 0.437500 0.231250 0.431250 0.243750 0.410938 0.243750 0.393750 0.237500 0.368750 0.243750
5 0.952734 0.475521 0.943750 0.441667 0.960938 0.447917 0.960938 0.506250 0.945312 0.506250
6 0.032422 0.458854 0.042188 0.400000 0.028125 0.397917 0.021875 0.518750 0.037500 0.518750
7 0.493359 0.480208 0.939063 0.047917 0.953125 0.929167 0.020313 0.912500 0.060937 0.031250
