0 0.506801 0.336152 0.515625 0.331250 0.512500 0.325000 0.510938 0.325000 0.506250 0.322917 0.503125 0.322917 0.500000 0.325000 0.496875 0.331250 0.500000 0.329167 0.496875 0.337500 0.496875 0.343750 0.501563 0.347917 0.506250 0.350000 0.510938 0.350000 0.512500 0.350000 0.512500 0.343750 0.515625 0.341667 0.517188 0.337500
6 0.108750 0.449167 0.120313 0.404167 0.095312 0.410417 0.096875 0.508333 0.112500 0.516667 0.118750 0.406250
1 0.740885 0.045486 0.735938 0.054167 0.753125 0.056250 0.756250 0.031250 0.735938 0.029167 0.731250 0.045833 0.732812 0.056250
1 0.731641 0.113542 0.739062 0.108333 0.740625 0.125000 0.731250 0.129167 0.723437 0.129167 0.720313 0.116667 0.723437 0.102083 0.734375 0.093750 0.740625 0.104167
1 0.534896 0.392361 0.539062 0.381250 0.526563 0.385417 0.523438 0.397917 0.532813 0.404167 0.545312 0.400000 0.542188 0.385417
1 0.919687 0.484167 0.926562 0.472917 0.909375 0.477083 0.909375 0.497917 0.926562 0.495833 0.926562 0.477083
2 0.195703 0.204687 0.218750 0.193750 0.206250 0.172917 0.181250 0.175000 0.168750 0.202083 0.171875 0.225000 0.185938 0.241667 0.212500 0.229167 0.220312 0.197917
3 0.520182 0.364757 0.509375 0.372917 0.500000 0.418750 0.514062 0.431250 0.523438 0.381250 0.565625 0.391667 0.567187 0.366667 0.531250 0.354167 0.537500 0.310417 0.525000 0.302083 0.515625 0.352083 0.478125 0.337500 0.475000 0.358333
4 0.416815 0.447520 0.403125 0.483333 0.421875 0.514583 0.442188 0.510417 0.456250 0.485417 0.443750 0.460417 0.445312 0.447917 0.457813 0.435417 0.457813 0.425000 0.473438 0.408333 0.453125 0.375000 0.437500 0.379167 0.432812 0.393750 0.384375 0.422917 0.371875 0.414583 0.357812 0.422917 0.360938 0.452083 0.371875 0.466667 0.385937 0.468750 0.392188 0.475000 0.398438 0.470833 0.404687 0.485417
7 0.558333 0.471875 0.914062 0.504167 0.917188 0.866667 0.110937 0.860417 0.114062 0.518750 0.096875 0.512500 0.085938 0.875000 0.939063 0.883333 0.926562 0.070833 0.103125 0.062500 0.093750 0.400000 0.121875 0.400000 0.121875 0.085417 0.907813 0.097917 0.912500 0.439583 0.925000 0.447917 0.921875 0.466667 0.925000 0.491667 0.912500 0.510417
