0 0.254911 0.616071 0.251563 0.604167 0.259375 0.604167 0.265625 0.612500 0.262500 0.625000 0.254688 0.629167 0.246875 0.625000 0.243750 0.612500
1 0.202455 0.694345 0.200000 0.681250 0.209375 0.681250 0.212500 0.693750 0.207813 0.706250 0.200000 0.706250 0.193750 0.700000 0.193750 0.691667
1 0.385937 0.621429 0.381250 0.610417 0.387500 0.610417 0.395313 0.618750 0.393750 0.629167 0.387500 0.631250 0.379688 0.631250 0.376563 0.618750
1 0.673438 0.455556 0.668750 0.443750 0.679688 0.443750 0.682813 0.456250 0.678125 0.466667 0.668750 0.466667 0.662500 0.456250
1 0.708398 0.352344 0.706250 0.341667 0.714063 0.341667 0.718750 0.350000 0.715625 0.360417 0.709375 0.362500 0.703125 0.362500 0.700000 0.356250 0.700000 0.343750
1 0.719643 0.300595 0.712500 0.310417 0.709375 0.300000 0.714063 0.291667 0.721875 0.287500 0.729688 0.297917 0.729688 0.306250 0.720313 0.310417
1 0.749107 0.286905 0.740625 0.281250 0.746875 0.275000 0.753125 0.275000 0.759375 0.285417 0.756250 0.297917 0.746875 0.300000 0.740625 0.293750
1 0.773884 0.167857 0.776563 0.156250 0.784375 0.162500 0.782813 0.175000 0.776563 0.181250 0.767188 0.175000 0.762500 0.168750 0.767188 0.156250
1 0.501339 0.144345 0.500000 0.131250 0.506250 0.131250 0.510938 0.143750 0.506250 0.156250 0.500000 0.156250 0.493750 0.154167 0.492188 0.137500
2 0.589631 0.453220 0.606250 0.443750 0.609375 0.456250 0.606250 0.462500 0.596875 0.472917 0.584375 0.475000 0.571875 0.468750 0.568750 0.456250 0.568750 0.441667 0.579688 0.435417 0.593750 0.435417 0.600000 0.437500
3 0.505599 0.358854 0.501563 0.304167 0.515625 0.304167 0.512500 0.350000 0.550000 0.350000 0.550000 0.372917 0.512500 0.372917 0.512500 0.412500 0.493750 0.416667 0.496875 0.368750 0.462500 0.366667 0.462500 0.343750 0.496875 0.343750
4 0.314935 0.448304 0.275000 0.400000 0.278125 0.381250 0.306250 0.387500 0.309375 0.400000 0.309375 0.418750 0.321875 0.429167 0.337500 0.429167 0.350000 0.437500 0.350000 0.450000 0.343750 0.454167 0.340625 0.443750 0.334375 0.435417 0.325000 0.437500 0.321875 0.443750 0.318750 0.450000 0.318750 0.454167 0.321875 0.456250 0.321875 0.462500 0.332813 0.466667 0.340625 0.460417 0.340625 0.450000 0.345313 0.450000 0.346875 0.450000 0.346875 0.450000 0.350000 0.456250 0.348438 0.462500 0.345313 0.468750 0.335938 0.475000 0.321875 0.472917 0.314063 0.475000 0.306250 0.475000 0.303125 0.481250 0.300000 0.487500 0.298438 0.504167 0.267188 0.497917 0.268750 0.475000 0.278125 0.475000 0.278125 0.460417 0.273438 0.456250 0.275000 0.425000 0.281250 0.418750 0.284375 0.406250 0.275000 0.406250
