0 0.216964 0.705060 0.217188 0.718750 0.223438 0.712500 0.225000 0.704167 0.223438 0.693750 0.212500 0.693750 0.207813 0.700000 0.209375 0.712500
1 0.213281 0.740278 0.217188 0.729167 0.223438 0.737500 0.218750 0.750000 0.209375 0.750000 0.203125 0.743750 0.207813 0.731250
1 0.385417 0.621875 0.384375 0.610417 0.392188 0.612500 0.393750 0.625000 0.387500 0.635417 0.378125 0.631250 0.376563 0.616667
1 0.318750 0.195486 0.309375 0.200000 0.309375 0.193750 0.315625 0.187500 0.325000 0.187500 0.328125 0.197917 0.325000 0.206250
1 0.501116 0.144940 0.503125 0.131250 0.509375 0.137500 0.509375 0.147917 0.503125 0.154167 0.496875 0.156250 0.492188 0.150000 0.493750 0.137500
1 0.707552 0.352778 0.706250 0.341667 0.715625 0.343750 0.715625 0.356250 0.709375 0.362500 0.700000 0.362500 0.698438 0.350000
1 0.772321 0.174702 0.768750 0.166667 0.776563 0.162500 0.782813 0.168750 0.778125 0.181250 0.771875 0.187500 0.765625 0.181250 0.762500 0.175000
1 0.772321 0.129762 0.762500 0.131250 0.765625 0.125000 0.771875 0.118750 0.778125 0.122917 0.781250 0.131250 0.778125 0.137500 0.768750 0.141667
1 0.801562 0.131250 0.793750 0.125000 0.800000 0.122917 0.807813 0.122917 0.809375 0.129167 0.806250 0.137500 0.800000 0.143750 0.793750 0.137500
2 0.627995 0.500521 0.625000 0.475000 0.635938 0.475000 0.646875 0.491667 0.646875 0.510417 0.642188 0.522917 0.628125 0.525000 0.621875 0.522917 0.618750 0.518750 0.615625 0.504167 0.615625 0.493750 0.618750 0.485417 0.620313 0.481250
3 0.505729 0.358160 0.500000 0.300000 0.515625 0.304167 0.512500 0.347917 0.548438 0.350000 0.548438 0.372917 0.512500 0.368750 0.512500 0.412500 0.496875 0.416667 0.496875 0.368750 0.462500 0.368750 0.465625 0.343750 0.496875 0.343750
4 0.306500 0.239583 0.329688 0.206250 0.343750 0.218750 0.348438 0.210417 0.365625 0.216667 0.364063 0.237500 0.360938 0.250000 0.356250 0.250000 0.350000 0.250000 0.337500 0.247917 0.332813 0.243750 0.334375 0.254167 0.340625 0.266667 0.343750 0.287500 0.337500 0.297917 0.329688 0.293750 0.332813 0.281250 0.329688 0.266667 0.318750 0.268750 0.315625 0.262500 0.314063 0.262500 0.312500 0.254167 0.306250 0.254167 0.303125 0.260417 0.300000 0.254167 0.298438 0.254167 0.296875 0.254167 0.287500 0.254167 0.281250 0.262500 0.281250 0.275000 0.275000 0.275000 0.270313 0.262500 0.275000 0.247917 0.287500 0.241667 0.290625 0.237500 0.287500 0.231250 0.285938 0.229167 0.278125 0.225000 0.278125 0.225000 0.275000 0.222917 0.273438 0.222917 0.271875 0.218750 0.270313 0.216667 0.271875 0.210417 0.271875 0.200000 0.273438 0.193750 0.275000 0.187500 0.278125 0.181250 0.282813 0.175000 0.300000 0.185417 0.300000 0.193750
6 0.154297 0.411979 0.153125 0.368750 0.160938 0.368750 0.154688 0.456250 0.148438 0.454167
5 0.841406 0.456250 0.837500 0.431250 0.845313 0.435417 0.845313 0.479167 0.837500 0.479167
7 0.497656 0.440625 0.843750 0.125000 0.831250 0.800000 0.140625 0.743750 0.175000 0.093750
