1 0.525000 0.182812 0.018750 0.025000
1 0.329688 0.592187 0.018750 0.025000
1 0.638281 0.575781 0.020313 0.023438
1 0.580469 0.628906 0.023438 0.023438
1 0.589063 0.660937 0.018750 0.028125
1 0.645312 0.682031 0.018750 0.023438
1 0.686719 0.801562 0.020313 0.025000
0 0.675781 0.763281 0.020313 0.026562
2 0.686719 0.707812 0.042188 0.046875
3 0.607812 0.410938 0.087500 0.112500
4 0.767969 0.413281 0.104688 0.132812
5 0.827344 0.499219 0.029687 0.054688
6 0.135937 0.456250 0.025000 0.096875
7 0.126562 0.457813 0.078125 -0.750000
7 0.470313 0.831250 0.768750 0.115625
7 0.497656 0.131250 0.754687 0.093750
7 0.842187 0.503906 0.065625 -0.767188
