0 0.582031 0.306250 0.579688 0.291667 0.575000 0.295833 0.573438 0.314583 0.581250 0.320833 0.590625 0.316667 0.592187 0.297917
1 0.281875 0.374583 0.287500 0.364583 0.278125 0.362500 0.271875 0.377083 0.281250 0.389583 0.290625 0.379167
1 0.189583 0.338542 0.198437 0.335417 0.193750 0.327083 0.184375 0.329167 0.179688 0.337500 0.185938 0.352083 0.195312 0.350000
1 0.111250 0.494167 0.112500 0.481250 0.103125 0.489583 0.104688 0.504167 0.114062 0.506250 0.121875 0.489583
1 0.267708 0.606597 0.275000 0.595833 0.267188 0.593750 0.257812 0.602083 0.260937 0.618750 0.268750 0.616667 0.276562 0.612500
1 0.120573 0.632292 0.128125 0.620833 0.118750 0.620833 0.110937 0.629167 0.114062 0.645833 0.120313 0.643750 0.131250 0.633333
1 0.128385 0.836458 0.131250 0.822917 0.121875 0.825000 0.118750 0.841667 0.125000 0.852083 0.134375 0.845833 0.139063 0.831250
1 0.435677 0.468750 0.432812 0.456250 0.426563 0.464583 0.429688 0.477083 0.435937 0.481250 0.443750 0.475000 0.445312 0.458333
1 0.310937 0.137153 0.307812 0.125000 0.301563 0.133333 0.304688 0.145833 0.312500 0.150000 0.320312 0.141667 0.318750 0.127083
2 0.140799 0.559722 0.139063 0.535417 0.129688 0.537500 0.123438 0.547917 0.121875 0.564583 0.131250 0.581250 0.150000 0.589583 0.159375 0.581250 0.160938 0.558333 0.151562 0.541667
3 0.435156 0.396528 0.428125 0.412500 0.437500 0.454167 0.453125 0.452083 0.446875 0.406250 0.478125 0.395833 0.479687 0.372917 0.442188 0.385417 0.432812 0.337500 0.418750 0.337500 0.423438 0.383333 0.390625 0.397917 0.390625 0.422917
4 0.661298 0.289103 0.662500 0.235417 0.650000 0.218750 0.629687 0.254167 0.637500 0.275000 0.614062 0.277083 0.603125 0.295833 0.664062 0.364583 0.676562 0.343750 0.673438 0.325000 0.696875 0.333333 0.720313 0.304167 0.693750 0.281250 0.675000 0.250000
5 0.859375 0.472396 0.845313 0.447917 0.870313 0.445833 0.871875 0.500000 0.850000 0.495833
6 0.100781 0.485938 0.114062 0.437500 0.089063 0.435417 0.089063 0.537500 0.110937 0.533333
7 0.100521 0.490625 0.098437 0.081250 0.104688 0.079167 0.121875 0.100000 0.107813 0.887500 0.090625 0.900000 0.079687 0.895833
7 0.479427 0.115625 0.081250 0.104167 0.078125 0.116667 0.100000 0.139583 0.854688 0.131250 0.881250 0.106250 0.881250 0.095833
7 0.860156 0.478472 0.839063 0.093750 0.854688 0.075000 0.862500 0.075000 0.881250 0.879167 0.873437 0.883333 0.850000 0.864583
7 0.480729 0.853125 0.865625 0.827083 0.898438 0.845833 0.898438 0.858333 0.064062 0.879167 0.064062 0.862500 0.093750 0.845833
