0 0.182031 0.139063 0.023438 0.025000
1 0.206250 0.287500 0.021875 0.025000
1 0.526563 0.183594 0.021875 0.023438
1 0.788281 0.392188 0.023438 0.028125
1 0.640625 0.578906 0.018750 0.026562
1 0.576562 0.622656 0.018750 0.029687
1 0.570312 0.722656 0.018750 0.020313
1 0.644531 0.684375 0.020313 0.025000
1 0.685156 0.800781 0.020313 0.023438
2 0.703906 0.702344 0.048438 0.051562
3 0.607031 0.409375 0.089063 0.109375
4 0.722656 0.421875 0.101562 0.134375
5 0.829688 0.497656 0.021875 0.042188
6 0.137500 0.461719 0.034375 0.114062
7 0.128125 0.460156 0.087500 -0.748437
7 0.493750 0.137500 0.734375 0.100000
7 0.833594 0.503906 0.045312 -0.776563
7 0.468750 0.833594 0.765625 0.114062
