0 0.513715 0.502778 0.521875 0.516667 0.509375 0.518750 0.503125 0.510417 0.500000 0.500000 0.503125 0.493750 0.510938 0.487500 0.521875 0.487500 0.526563 0.500000 0.526563 0.510417
1 0.326786 0.678274 0.318750 0.693750 0.334375 0.693750 0.340625 0.681250 0.337500 0.662500 0.321875 0.656250 0.318750 0.672917 0.315625 0.687500
1 0.135268 0.818750 0.121875 0.831250 0.140625 0.841667 0.153125 0.825000 0.150000 0.804167 0.134375 0.800000 0.125000 0.806250 0.121875 0.822917
1 0.844420 0.638988 0.834375 0.654167 0.846875 0.660417 0.859375 0.650000 0.856250 0.631250 0.846875 0.616667 0.835938 0.618750 0.831250 0.641667
1 0.137500 0.117262 0.129688 0.131250 0.140625 0.137500 0.154688 0.125000 0.150000 0.104167 0.137500 0.100000 0.125000 0.104167 0.125000 0.118750
2 0.656597 0.605787 0.650000 0.629167 0.668750 0.629167 0.682813 0.618750 0.681250 0.593750 0.667188 0.579167 0.648438 0.579167 0.631250 0.585417 0.635938 0.612500 0.643750 0.625000
4 0.847917 0.155671 0.853125 0.235417 0.896875 0.222917 0.893750 0.193750 0.893750 0.168750 0.896875 0.135417 0.896875 0.106250 0.887500 0.085417 0.862500 0.087500 0.850000 0.097917 0.829688 0.100000 0.815625 0.100000 0.807813 0.106250 0.804688 0.129167 0.804688 0.154167 0.806250 0.193750 0.809375 0.218750 0.818750 0.231250 0.834375 0.235417
3 0.495312 0.480729 0.485938 0.418750 0.503125 0.418750 0.503125 0.468750 0.543750 0.466667 0.543750 0.487500 0.506250 0.493750 0.503125 0.543750 0.487500 0.543750 0.487500 0.493750 0.446875 0.493750 0.446875 0.472917 0.485938 0.466667
5 0.892188 0.459375 0.887500 0.437500 0.887500 0.481250 0.896875 0.481250 0.896875 0.437500
6 0.126562 0.477083 0.131250 0.429167 0.131250 0.525000 0.121875 0.525000 0.121875 0.429167
7 0.508594 0.470833 0.881250 0.093750 0.892188 0.831250 0.129688 0.847917 0.131250 0.110417
