3 0.522786 0.462674 0.517188 0.393750 0.515625 0.447917 0.475000 0.437500 0.471875 0.468750 0.506250 0.475000 0.501563 0.529167 0.526563 0.531250 0.531250 0.475000 0.571875 0.485417 0.578125 0.456250 0.534375 0.454167 0.543750 0.397917
5 0.889062 0.450000 0.884375 0.422917 0.903125 0.422917 0.893750 0.479167 0.875000 0.475000
6 0.135156 0.373958 0.143750 0.322917 0.129688 0.318750 0.123438 0.425000 0.143750 0.429167
0 0.169792 0.028935 0.165625 0.010417 0.176563 0.012500 0.181250 0.022917 0.181250 0.031250 0.178125 0.043750 0.170313 0.047917 0.162500 0.043750 0.156250 0.031250 0.156250 0.016667
1 0.445898 0.061198 0.443750 0.041667 0.431250 0.043750 0.429688 0.062500 0.434375 0.075000 0.446875 0.081250 0.459375 0.079167 0.465625 0.062500 0.456250 0.043750
1 0.510156 0.163542 0.510938 0.143750 0.496875 0.150000 0.493750 0.162500 0.496875 0.175000 0.510938 0.185417 0.521875 0.179167 0.528125 0.162500 0.521875 0.150000
1 0.728906 0.269010 0.731250 0.243750 0.714063 0.254167 0.710938 0.268750 0.715625 0.287500 0.731250 0.293750 0.740625 0.285417 0.746875 0.268750 0.740625 0.250000
1 0.843555 0.553906 0.843750 0.535417 0.829688 0.541667 0.825000 0.560417 0.835938 0.575000 0.850000 0.575000 0.860938 0.562500 0.856250 0.543750 0.846875 0.537500
2 0.775426 0.494318 0.762500 0.456250 0.753125 0.472917 0.750000 0.491667 0.756250 0.506250 0.762500 0.516667 0.778125 0.525000 0.790625 0.525000 0.800000 0.512500 0.804688 0.493750 0.793750 0.475000 0.778125 0.462500
1 0.639509 0.697619 0.637500 0.675000 0.628125 0.685417 0.621875 0.706250 0.631250 0.716667 0.648438 0.718750 0.657813 0.700000 0.651563 0.681250
1 0.512305 0.533073 0.512500 0.510417 0.496875 0.518750 0.496875 0.537500 0.506250 0.550000 0.517188 0.554167 0.525000 0.547917 0.525000 0.529167 0.518750 0.516667
1 0.351786 0.485119 0.356250 0.466667 0.345313 0.468750 0.337500 0.479167 0.337500 0.497917 0.353125 0.504167 0.364063 0.497917 0.368750 0.481250
1 0.337891 0.567187 0.345313 0.550000 0.332813 0.550000 0.321875 0.556250 0.321875 0.572917 0.332813 0.587500 0.345313 0.585417 0.353125 0.575000 0.350000 0.560417
4 0.339560 0.525189 0.273438 0.531250 0.298438 0.550000 0.303125 0.541667 0.306250 0.547917 0.325000 0.556250 0.334375 0.550000 0.346875 0.550000 0.353125 0.560417 0.350000 0.572917 0.343750 0.587500 0.362500 0.600000 0.387500 0.550000 0.371875 0.531250 0.368750 0.512500 0.381250 0.493750 0.379688 0.475000 0.362500 0.456250 0.345313 0.454167 0.329688 0.475000 0.331250 0.491667 0.321875 0.487500 0.293750 0.479167
7 0.512109 0.413021 0.156250 0.016667 0.118750 0.731250 0.856250 0.822917 0.917188 0.081250
