0 0.491016 0.850260 0.492188 0.835417 0.503125 0.843750 0.501563 0.860417 0.493750 0.868750 0.481250 0.866667 0.478125 0.850000 0.485938 0.841667 0.492188 0.835417
1 0.264509 0.743155 0.267188 0.754167 0.275000 0.743750 0.275000 0.731250 0.262500 0.725000 0.253125 0.737500 0.256250 0.750000 0.262500 0.760417
1 0.508203 0.495052 0.515625 0.481250 0.506250 0.475000 0.496875 0.487500 0.496875 0.500000 0.503125 0.510417 0.510938 0.506250 0.518750 0.493750 0.517188 0.506250
1 0.504375 0.395833 0.493750 0.400000 0.506250 0.406250 0.518750 0.393750 0.506250 0.381250 0.496875 0.397917
1 0.425312 0.234583 0.434375 0.225000 0.421875 0.222917 0.412500 0.237500 0.423438 0.250000 0.434375 0.237500
1 0.643750 0.239583 0.634375 0.250000 0.642188 0.254167 0.653125 0.243750 0.656250 0.231250 0.648438 0.225000 0.637500 0.229167 0.634375 0.243750
2 0.437674 0.516204 0.426563 0.531250 0.442188 0.537500 0.453125 0.510417 0.457813 0.491667 0.437500 0.479167 0.423438 0.497917 0.425000 0.518750 0.429688 0.537500 0.443750 0.541667
3 0.140264 0.197917 0.131250 0.210417 0.129688 0.254167 0.145313 0.260417 0.148438 0.206250 0.187500 0.212500 0.190625 0.193750 0.145313 0.187500 0.154688 0.143750 0.137500 0.137500 0.134375 0.181250 0.093750 0.179167 0.096875 0.200000 0.128125 0.206250
4 0.374721 0.572470 0.348438 0.647917 0.367188 0.637500 0.368750 0.625000 0.418750 0.606250 0.440625 0.597917 0.431250 0.560417 0.415625 0.562500 0.407813 0.550000 0.415625 0.535417 0.415625 0.510417 0.407813 0.506250 0.403125 0.510417 0.406250 0.525000 0.406250 0.537500 0.400000 0.537500 0.387500 0.543750 0.350000 0.566667 0.340625 0.568750 0.337500 0.560417 0.337500 0.550000 0.329688 0.550000 0.331250 0.568750 0.334375 0.581250 0.332813 0.587500 0.332813 0.606250 0.340625 0.616667 0.337500 0.631250 0.346875 0.647917
6 0.889844 0.504687 0.892188 0.454167 0.896875 0.554167 0.885938 0.554167 0.884375 0.456250
6 0.087500 0.500521 0.093750 0.452083 0.092188 0.550000 0.081250 0.547917 0.082812 0.452083
7 0.488281 0.511458 0.103125 0.127083 0.875000 0.127083 0.890625 0.895833 0.084375 0.895833
