2 0.361384 0.535714 0.356250 0.566667 0.345313 0.547917 0.340625 0.518750 0.359375 0.500000 0.378125 0.510417 0.378125 0.543750 0.371875 0.562500
1 0.288802 0.349306 0.290625 0.362500 0.282813 0.362500 0.275000 0.343750 0.285938 0.335417 0.298438 0.337500 0.300000 0.354167
1 0.307292 0.576042 0.309375 0.591667 0.318750 0.579167 0.314063 0.562500 0.304688 0.562500 0.296875 0.572917 0.300000 0.587500
1 0.324479 0.562153 0.321875 0.575000 0.314063 0.566667 0.315625 0.550000 0.325000 0.547917 0.337500 0.560417 0.332813 0.572917
1 0.338542 0.549653 0.340625 0.562500 0.332813 0.556250 0.329688 0.543750 0.337500 0.535417 0.345313 0.543750 0.345313 0.556250
1 0.371615 0.496875 0.371875 0.510417 0.362500 0.506250 0.360938 0.491667 0.371875 0.481250 0.381250 0.491667 0.381250 0.500000
0 0.325260 0.591667 0.325000 0.606250 0.314063 0.604167 0.315625 0.585417 0.325000 0.575000 0.337500 0.581250 0.334375 0.597917
4 0.503454 0.337061 0.496875 0.406250 0.523438 0.400000 0.528125 0.372917 0.534375 0.354167 0.559375 0.347917 0.565625 0.310417 0.557813 0.293750 0.540625 0.293750 0.510938 0.287500 0.493750 0.285417 0.475000 0.275000 0.460938 0.285417 0.457813 0.310417 0.459375 0.329167 0.475000 0.335417 0.478125 0.347917 0.478125 0.375000 0.481250 0.393750 0.489063 0.400000
3 0.277995 0.322396 0.281250 0.256250 0.300000 0.264583 0.292187 0.314583 0.326562 0.329167 0.323437 0.352083 0.287500 0.339583 0.275000 0.387500 0.256250 0.381250 0.264062 0.331250 0.228125 0.314583 0.232813 0.293750 0.268750 0.304167
5 0.890625 0.460417 0.885938 0.437500 0.895312 0.437500 0.895312 0.483333 0.885938 0.483333
6 0.124609 0.471354 0.120313 0.422917 0.128125 0.425000 0.128125 0.518750 0.121875 0.518750
7 0.507812 0.470833 0.129688 0.108333 0.878125 0.100000 0.893750 0.831250 0.129688 0.843750
