0 0.851215 0.818287 0.845313 0.806250 0.850000 0.806250 0.856250 0.806250 0.862500 0.816667 0.860938 0.829167 0.854688 0.831250 0.846875 0.829167 0.843750 0.822917 0.840625 0.816667
1 0.674219 0.614062 0.667188 0.612500 0.668750 0.606250 0.675000 0.604167 0.679688 0.606250 0.682813 0.616667 0.678125 0.622917 0.673438 0.625000 0.668750 0.618750
1 0.804167 0.497222 0.800000 0.510417 0.793750 0.500000 0.793750 0.493750 0.798438 0.487500 0.806250 0.485417 0.812500 0.487500 0.814063 0.493750 0.812500 0.506250 0.806250 0.510417
1 0.514410 0.497685 0.506250 0.487500 0.512500 0.485417 0.518750 0.487500 0.525000 0.493750 0.523438 0.506250 0.517188 0.510417 0.510938 0.510417 0.506250 0.504167 0.509375 0.493750
1 0.217411 0.216964 0.221875 0.206250 0.228125 0.216667 0.223438 0.229167 0.212500 0.229167 0.210938 0.218750 0.209375 0.212500 0.215625 0.206250
1 0.277902 0.260714 0.271875 0.250000 0.281250 0.247917 0.287500 0.254167 0.287500 0.266667 0.278125 0.275000 0.270313 0.268750 0.268750 0.262500
1 0.148214 0.760119 0.145313 0.747917 0.154688 0.747917 0.159375 0.756250 0.156250 0.768750 0.145313 0.775000 0.139063 0.768750 0.137500 0.756250
1 0.453348 0.652976 0.450000 0.641667 0.457813 0.643750 0.462500 0.650000 0.459375 0.660417 0.453125 0.662500 0.446875 0.662500 0.443750 0.650000
3 0.477604 0.298958 0.470313 0.237500 0.485938 0.237500 0.485938 0.287500 0.521875 0.287500 0.521875 0.312500 0.487500 0.312500 0.487500 0.356250 0.470313 0.360417 0.468750 0.312500 0.431250 0.310417 0.431250 0.287500 0.468750 0.285417
4 0.438807 0.638733 0.431250 0.550000 0.456250 0.575000 0.450000 0.585417 0.456250 0.604167 0.450000 0.618750 0.453125 0.625000 0.460938 0.631250 0.465625 0.631250 0.471875 0.641667 0.471875 0.650000 0.470313 0.660417 0.465625 0.662500 0.462500 0.660417 0.462500 0.654167 0.462500 0.643750 0.457813 0.637500 0.453125 0.635417 0.446875 0.635417 0.446875 0.637500 0.443750 0.643750 0.442188 0.643750 0.439063 0.650000 0.442188 0.662500 0.442188 0.662500 0.446875 0.668750 0.450000 0.668750 0.457813 0.666667 0.459375 0.662500 0.462500 0.662500 0.462500 0.668750 0.456250 0.675000 0.443750 0.675000 0.437500 0.668750 0.431250 0.660417 0.426563 0.656250 0.418750 0.668750 0.407813 0.675000 0.400000 0.672917 0.393750 0.675000 0.379688 0.662500 0.371875 0.647917 0.384375 0.631250 0.392188 0.637500 0.392188 0.625000 0.415625 0.587500 0.426563 0.585417 0.426563 0.575000 0.421875 0.568750 0.431250 0.550000
2 0.831094 0.135417 0.806250 0.131250 0.806250 0.150000 0.818750 0.162500 0.837500 0.156250 0.850000 0.147917 0.853125 0.131250 0.853125 0.118750 0.840625 0.112500 0.829688 0.118750 0.815625 0.125000
5 0.853125 0.475000 0.846875 0.447917 0.857812 0.447917 0.859375 0.502083 0.848437 0.502083
6 0.107813 0.483854 0.104688 0.435417 0.112500 0.437500 0.110937 0.531250 0.103125 0.531250
7 0.480859 0.484896 0.118750 0.131250 0.840625 0.122917 0.857812 0.835417 0.106250 0.850000
