0 0.716797 0.782552 0.715625 0.768750 0.721875 0.772917 0.728125 0.781250 0.725000 0.791667 0.718750 0.793750 0.712500 0.791667 0.706250 0.785417 0.706250 0.775000
1 0.827148 0.790625 0.829688 0.779167 0.834375 0.785417 0.837500 0.793750 0.834375 0.800000 0.828125 0.800000 0.818750 0.797917 0.815625 0.787500 0.818750 0.781250
1 0.830469 0.546250 0.825000 0.531250 0.831250 0.535417 0.839063 0.537500 0.840625 0.543750 0.839063 0.554167 0.835938 0.556250 0.828125 0.556250 0.825000 0.556250 0.818750 0.550000 0.821875 0.541667
1 0.782986 0.364352 0.784375 0.354167 0.787500 0.356250 0.792188 0.362500 0.792188 0.368750 0.784375 0.375000 0.778125 0.375000 0.776563 0.368750 0.773438 0.362500 0.778125 0.356250
1 0.708594 0.353125 0.714063 0.343750 0.715625 0.350000 0.715625 0.356250 0.712500 0.362500 0.704688 0.362500 0.700000 0.356250 0.700000 0.350000 0.706250 0.343750
1 0.773633 0.175000 0.771875 0.162500 0.778125 0.162500 0.782813 0.168750 0.782813 0.181250 0.776563 0.185417 0.768750 0.185417 0.762500 0.181250 0.765625 0.172917
1 0.775000 0.132143 0.778125 0.118750 0.784375 0.125000 0.784375 0.137500 0.776563 0.143750 0.768750 0.141667 0.765625 0.135417 0.767188 0.122917
1 0.320982 0.191964 0.309375 0.193750 0.312500 0.187500 0.318750 0.185417 0.325000 0.187500 0.328125 0.191667 0.328125 0.197917 0.325000 0.200000
2 0.651953 0.499826 0.637500 0.516667 0.631250 0.506250 0.634375 0.493750 0.637500 0.487500 0.646875 0.481250 0.653125 0.481250 0.665625 0.485417 0.671875 0.487500 0.673438 0.504167 0.668750 0.516667 0.656250 0.518750 0.646875 0.518750
3 0.506120 0.359375 0.503125 0.304167 0.515625 0.304167 0.512500 0.350000 0.546875 0.350000 0.546875 0.372917 0.512500 0.368750 0.510938 0.412500 0.496875 0.416667 0.496875 0.368750 0.465625 0.368750 0.465625 0.347917 0.500000 0.347917
4 0.313325 0.244155 0.304688 0.193750 0.301563 0.191667 0.300000 0.187500 0.285938 0.179167 0.271875 0.200000 0.273438 0.222917 0.287500 0.237500 0.278125 0.243750 0.273438 0.262500 0.275000 0.275000 0.282813 0.272917 0.278125 0.260417 0.287500 0.250000 0.293750 0.250000 0.301563 0.254167 0.306250 0.254167 0.309375 0.254167 0.314063 0.262500 0.321875 0.266667 0.328125 0.266667 0.334375 0.268750 0.335938 0.285417 0.331250 0.293750 0.337500 0.300000 0.340625 0.291667 0.340625 0.268750 0.332813 0.254167 0.331250 0.243750 0.337500 0.243750 0.345313 0.250000 0.353125 0.254167 0.365625 0.218750 0.350000 0.212500 0.343750 0.218750 0.325000 0.206250 0.300000 0.193750
1 0.214509 0.739583 0.212500 0.729167 0.218750 0.731250 0.225000 0.737500 0.221875 0.750000 0.209375 0.750000 0.206250 0.743750 0.207813 0.735417
6 0.153906 0.412500 0.153125 0.370833 0.159375 0.372917 0.156250 0.454167 0.146875 0.452083
5 0.841016 0.457292 0.837500 0.435417 0.846875 0.435417 0.843750 0.479167 0.835938 0.479167
