0 0.502344 0.520833 0.512500 0.529167 0.500000 0.537500 0.489063 0.525000 0.493750 0.510417 0.506250 0.506250 0.512500 0.516667
1 0.596615 0.417361 0.600000 0.406250 0.589063 0.406250 0.585938 0.418750 0.593750 0.431250 0.606250 0.429167 0.604688 0.412500
1 0.589844 0.391319 0.587500 0.406250 0.600000 0.400000 0.600000 0.381250 0.589063 0.379167 0.581250 0.381250 0.581250 0.400000
1 0.638281 0.359375 0.631250 0.368750 0.642188 0.375000 0.650000 0.360417 0.643750 0.347917 0.634375 0.347917 0.628125 0.356250
1 0.863281 0.194444 0.850000 0.197917 0.854688 0.212500 0.878125 0.206250 0.881250 0.187500 0.865625 0.175000 0.850000 0.187500
2 0.501786 0.575298 0.484375 0.593750 0.506250 0.600000 0.523438 0.581250 0.526563 0.556250 0.503125 0.550000 0.487500 0.566667 0.481250 0.579167
3 0.520937 0.541528 0.523438 0.600000 0.525000 0.568750 0.512500 0.547917 0.489063 0.556250 0.478125 0.560417 0.481250 0.543750 0.503125 0.525000 0.500000 0.479167 0.518750 0.468750 0.528125 0.510417 0.565625 0.504167 0.571875 0.525000 0.537500 0.547917 0.546875 0.585417 0.532813 0.600000
5 0.889844 0.459375 0.884375 0.437500 0.893750 0.437500 0.893750 0.481250 0.887500 0.481250
6 0.125391 0.470833 0.120313 0.422917 0.129688 0.422917 0.131250 0.518750 0.120313 0.518750
7 0.507031 0.469792 0.131250 0.106250 0.876563 0.100000 0.892188 0.831250 0.128125 0.841667
