0 0.169531 0.028125 0.029687 0.034375
1 0.185156 0.176563 0.023438 0.028125
1 0.146875 0.268750 0.025000 0.028125
1 0.353125 0.481250 0.015625 0.021875
1 0.338281 0.568750 0.020313 0.028125
1 0.442188 0.588281 0.025000 0.032813
1 0.512500 0.534375 0.025000 0.028125
1 0.257031 0.588281 0.029687 0.032813
1 0.239844 0.688281 0.023438 0.023438
2 0.153125 0.210938 0.053125 0.056250
3 0.526563 0.459375 0.103125 0.128125
4 0.333594 0.517969 0.117188 0.151562
5 0.878906 0.450781 -0.026562 0.073438
6 0.123438 0.382031 -0.034375 0.117188
7 0.111719 0.393750 0.098437 -0.787500
7 0.556250 0.043750 0.790625 0.084375
7 0.885938 0.452344 -0.131250 0.860938
7 0.483594 0.798438 -0.839063 -0.162500
