3 0.526693 0.465104 0.518750 0.400000 0.517188 0.447917 0.478125 0.443750 0.478125 0.468750 0.512500 0.479167 0.506250 0.516667 0.531250 0.525000 0.537500 0.487500 0.575000 0.493750 0.575000 0.460417 0.542188 0.454167 0.548438 0.404167
<<<<<<< HEAD
4 0.341372 0.523098 0.278125 0.525000 0.293750 0.541667 0.306250 0.537500 0.328125 0.556250 0.337500 0.543750 0.353125 0.554167 0.356250 0.562500 0.353125 0.575000 0.360938 0.587500 0.378125 0.575000 0.392188 0.550000 0.381250 0.541667 0.368750 0.531250 0.365625 0.518750 0.378125 0.493750 0.376563 0.466667 0.356250 0.454167 0.337500 0.462500 0.334375 0.481250 0.325000 0.493750 0.309375 0.481250 0.293750 0.491667 0.287500 0.506250
5 0.873437 0.411979 0.865625 0.381250 0.884375 0.381250 0.881250 0.443750 0.862500 0.441667
6 0.117969 0.372917 0.125000 0.325000 0.112500 0.318750 0.109375 0.422917 0.125000 0.425000
7 0.498828 0.390625 0.125000 0.012500 0.120313 0.737500 0.862500 0.787500 0.887500 0.025000
=======
5 0.873437 0.411979 0.865625 0.381250 0.884375 0.381250 0.881250 0.443750 0.862500 0.441667
6 0.117969 0.372917 0.125000 0.325000 0.112500 0.318750 0.109375 0.422917 0.125000 0.425000
1 0.469271 0.062963 0.468750 0.043750 0.459375 0.050000 0.454688 0.060417 0.456250 0.075000 0.465625 0.081250 0.478125 0.081250 0.484375 0.068750 0.481250 0.056250 0.475000 0.050000
1 0.525391 0.152865 0.523438 0.131250 0.512500 0.141667 0.506250 0.156250 0.517188 0.168750 0.531250 0.175000 0.537500 0.162500 0.540625 0.150000 0.534375 0.137500
1 0.735742 0.273177 0.735938 0.254167 0.721875 0.254167 0.715625 0.275000 0.725000 0.293750 0.737500 0.293750 0.750000 0.285417 0.753125 0.268750 0.746875 0.260417
1 0.847768 0.566071 0.846875 0.543750 0.834375 0.550000 0.831250 0.575000 0.840625 0.587500 0.859375 0.585417 0.862500 0.572917 0.859375 0.547917
1 0.723828 0.688281 0.721875 0.666667 0.706250 0.675000 0.706250 0.693750 0.715625 0.712500 0.728125 0.710417 0.740625 0.697917 0.740625 0.681250 0.731250 0.668750
2 0.781534 0.502083 0.768750 0.462500 0.753125 0.475000 0.750000 0.500000 0.759375 0.518750 0.775000 0.537500 0.787500 0.541667 0.803125 0.535417 0.812500 0.518750 0.809375 0.491667 0.793750 0.475000 0.784375 0.466667
1 0.354492 0.483594 0.359375 0.460417 0.348438 0.466667 0.340625 0.475000 0.340625 0.493750 0.350000 0.504167 0.359375 0.500000 0.368750 0.493750 0.368750 0.475000
1 0.340625 0.565885 0.346875 0.547917 0.335938 0.547917 0.325000 0.556250 0.325000 0.572917 0.335938 0.585417 0.346875 0.585417 0.356250 0.575000 0.353125 0.556250
1 0.516016 0.536458 0.518750 0.518750 0.506250 0.518750 0.496875 0.531250 0.503125 0.550000 0.515625 0.556250 0.526563 0.554167 0.532813 0.537500 0.528125 0.525000
4 0.341984 0.521920 0.278125 0.525000 0.300000 0.550000 0.306250 0.537500 0.309375 0.543750 0.325000 0.556250 0.335938 0.547917 0.348438 0.547917 0.353125 0.556250 0.356250 0.568750 0.348438 0.585417 0.367188 0.604167 0.393750 0.550000 0.375000 0.531250 0.371875 0.510417 0.384375 0.493750 0.384375 0.468750 0.368750 0.450000 0.346875 0.456250 0.335938 0.475000 0.332813 0.485417 0.325000 0.487500 0.318750 0.493750 0.300000 0.479167
0 0.176563 0.026157 0.176563 0.010417 0.170313 0.012500 0.162500 0.018750 0.162500 0.029167 0.168750 0.037500 0.178125 0.043750 0.187500 0.037500 0.192188 0.029167 0.190625 0.016667
7 0.496875 0.391146 0.123438 0.012500 0.123438 0.729167 0.862500 0.781250 0.878125 0.041667
>>>>>>> fa1e3e13606695b2d61f2b748828eea26e66a508
