0 0.166146 0.027431 0.162500 0.012500 0.156250 0.025000 0.160938 0.035417 0.165625 0.041667 0.176563 0.031250 0.175000 0.018750
1 0.497917 0.279861 0.489063 0.287500 0.496875 0.293750 0.503125 0.287500 0.506250 0.275000 0.500000 0.266667 0.492188 0.268750
1 0.673214 0.636012 0.671875 0.650000 0.679688 0.643750 0.687500 0.635417 0.679688 0.625000 0.668750 0.625000 0.662500 0.631250 0.662500 0.641667
1 0.710938 0.769643 0.704688 0.756250 0.700000 0.766667 0.703125 0.775000 0.710938 0.785417 0.720313 0.781250 0.721875 0.766667 0.715625 0.756250
1 0.587500 0.681845 0.590625 0.693750 0.596875 0.687500 0.596875 0.679167 0.590625 0.668750 0.581250 0.668750 0.575000 0.681250 0.581250 0.693750
1 0.340430 0.567448 0.345313 0.556250 0.337500 0.556250 0.331250 0.562500 0.329688 0.572917 0.335938 0.579167 0.343750 0.581250 0.350000 0.568750 0.350000 0.562500
1 0.255078 0.590104 0.259375 0.579167 0.251563 0.581250 0.243750 0.587500 0.243750 0.593750 0.248438 0.600000 0.259375 0.600000 0.267188 0.593750 0.267188 0.585417
1 0.237674 0.685880 0.239063 0.675000 0.232813 0.675000 0.228125 0.681250 0.228125 0.691667 0.231250 0.697917 0.239063 0.697917 0.246875 0.693750 0.250000 0.685417 0.243750 0.675000
1 0.148611 0.542824 0.148438 0.531250 0.143750 0.531250 0.137500 0.537500 0.137500 0.550000 0.145313 0.556250 0.150000 0.556250 0.160938 0.550000 0.159375 0.541667 0.154688 0.531250
2 0.438920 0.736553 0.446875 0.718750 0.434375 0.712500 0.425000 0.718750 0.418750 0.729167 0.418750 0.737500 0.425000 0.750000 0.431250 0.756250 0.446875 0.760417 0.460938 0.756250 0.462500 0.737500 0.457813 0.725000
3 0.637620 0.335577 0.625000 0.279167 0.642188 0.275000 0.646875 0.329167 0.684375 0.325000 0.687500 0.343750 0.648438 0.350000 0.651563 0.400000 0.634375 0.404167 0.631250 0.354167 0.593750 0.356250 0.590625 0.337500 0.628125 0.329167 0.625000 0.279167
4 0.511936 0.243981 0.475000 0.206250 0.528125 0.187500 0.531250 0.175000 0.543750 0.168750 0.557813 0.212500 0.550000 0.212500 0.543750 0.218750 0.531250 0.231250 0.534375 0.237500 0.550000 0.237500 0.559375 0.250000 0.562500 0.262500 0.556250 0.266667 0.553125 0.254167 0.546875 0.243750 0.532813 0.243750 0.528125 0.254167 0.518750 0.254167 0.512500 0.254167 0.509375 0.262500 0.503125 0.266667 0.496875 0.266667 0.485938 0.275000 0.485938 0.287500 0.493750 0.300000 0.490625 0.306250 0.481250 0.297917 0.478125 0.279167 0.492188 0.260417 0.485938 0.250000 0.475000 0.247917 0.468750 0.250000 0.462500 0.250000 0.454688 0.206250 0.471875 0.200000 0.478125 0.206250
5 0.882188 0.445000 0.871875 0.422917 0.901563 0.425000 0.893750 0.479167 0.871875 0.479167 0.871875 0.418750
6 0.115937 0.367917 0.107813 0.325000 0.131250 0.331250 0.128125 0.429167 0.103125 0.422917 0.109375 0.331250
7 0.889375 0.370000 0.903125 0.068750 0.846875 0.818750 0.868750 0.837500 0.925000 0.056250 0.903125 0.068750
7 0.551250 0.794583 0.845313 0.822917 0.112500 0.737500 0.090625 0.756250 0.862500 0.837500 0.845313 0.818750
7 0.123438 0.303333 0.146875 0.012500 0.112500 0.735417 0.089063 0.747917 0.123438 0.004167 0.145313 0.016667
7 0.453125 0.028333 0.148438 0.016667 0.903125 0.075000 0.909375 0.050000 0.179688 0.000000 0.125000 0.000000
