0 0.840000 0.392083 0.845313 0.381250 0.834375 0.381250 0.829688 0.393750 0.840625 0.406250 0.850000 0.397917
1 0.315625 0.308333 0.312500 0.297917 0.321875 0.293750 0.325000 0.312500 0.318750 0.322917 0.309375 0.316667 0.306250 0.306250
1 0.161161 0.270238 0.156250 0.254167 0.165625 0.254167 0.171875 0.268750 0.168750 0.281250 0.160938 0.285417 0.154688 0.279167 0.150000 0.268750
1 0.346094 0.164583 0.343750 0.150000 0.335938 0.160417 0.337500 0.172917 0.346875 0.179167 0.356250 0.168750 0.356250 0.156250
1 0.624554 0.130952 0.617188 0.118750 0.615625 0.131250 0.618750 0.143750 0.625000 0.143750 0.634375 0.137500 0.634375 0.122917 0.626563 0.118750
1 0.817969 0.414583 0.815625 0.400000 0.812500 0.406250 0.809375 0.418750 0.815625 0.431250 0.825000 0.425000 0.829688 0.406250
1 0.848661 0.668750 0.845313 0.656250 0.839063 0.662500 0.839063 0.672917 0.845313 0.679167 0.856250 0.681250 0.859375 0.672917 0.856250 0.656250
1 0.714732 0.828571 0.712500 0.816667 0.706250 0.818750 0.706250 0.831250 0.712500 0.841667 0.718750 0.843750 0.725000 0.829167 0.721875 0.818750
1 0.668527 0.823810 0.662500 0.812500 0.659375 0.818750 0.659375 0.831250 0.668750 0.837500 0.675000 0.835417 0.679688 0.818750 0.675000 0.812500
2 0.837153 0.291667 0.825000 0.266667 0.818750 0.281250 0.821875 0.297917 0.829688 0.312500 0.835938 0.318750 0.850000 0.316667 0.854688 0.293750 0.854688 0.275000 0.843750 0.262500
3 0.462891 0.545312 0.421875 0.516667 0.457813 0.531250 0.468750 0.485417 0.484375 0.491667 0.473438 0.537500 0.506250 0.556250 0.503125 0.572917 0.470313 0.560417 0.456250 0.600000 0.440625 0.600000 0.453125 0.556250 0.418750 0.535417
4 0.146546 0.621711 0.139063 0.593750 0.156250 0.593750 0.165625 0.579167 0.184375 0.575000 0.193750 0.587500 0.193750 0.660417 0.184375 0.668750 0.170313 0.672917 0.156250 0.656250 0.143750 0.660417 0.140625 0.681250 0.123438 0.693750 0.100000 0.687500 0.100000 0.612500 0.106250 0.606250 0.107813 0.556250 0.143750 0.560417 0.140625 0.581250 0.134375 0.585417
5 0.851172 0.469792 0.843750 0.443750 0.845313 0.493750 0.857812 0.493750 0.857812 0.447917
6 0.107031 0.481771 0.114062 0.435417 0.100000 0.433333 0.101562 0.529167 0.112500 0.529167
7 0.482031 0.484375 0.120313 0.131250 0.107813 0.847917 0.856250 0.835417 0.843750 0.122917
