0 0.950937 0.453750 0.950000 0.443750 0.946875 0.450000 0.948438 0.462500 0.954688 0.462500 0.954688 0.450000
1 0.952344 0.489063 0.946875 0.487500 0.953125 0.500000 0.954688 0.487500 0.954688 0.481250
1 0.939844 0.744444 0.932813 0.750000 0.940625 0.756250 0.950000 0.750000 0.948438 0.737500 0.937500 0.731250 0.929688 0.741667
1 0.770312 0.916667 0.768750 0.929167 0.775000 0.929167 0.781250 0.918750 0.775000 0.900000 0.762500 0.904167 0.759375 0.918750
1 0.760417 0.652778 0.762500 0.666667 0.768750 0.656250 0.768750 0.643750 0.756250 0.637500 0.753125 0.650000 0.753125 0.662500
1 0.366071 0.911905 0.359375 0.925000 0.365625 0.925000 0.375000 0.916667 0.375000 0.906250 0.368750 0.900000 0.362500 0.900000 0.356250 0.910417
1 0.220089 0.741964 0.210938 0.747917 0.217188 0.754167 0.228125 0.750000 0.228125 0.743750 0.225000 0.731250 0.218750 0.731250 0.212500 0.735417
1 0.836458 0.079861 0.828125 0.081250 0.831250 0.093750 0.840625 0.087500 0.846875 0.079167 0.840625 0.068750 0.831250 0.068750
1 0.054688 0.074740 0.053125 0.087500 0.062500 0.081250 0.062500 0.075000 0.059375 0.068750 0.056250 0.066667 0.050000 0.068750 0.046875 0.068750 0.046875 0.081250
2 0.059531 0.929167 0.043750 0.954167 0.062500 0.950000 0.078125 0.943750 0.087500 0.931250 0.084375 0.916667 0.073438 0.906250 0.056250 0.904167 0.042188 0.912500 0.032813 0.929167 0.034375 0.943750
3 0.302995 0.458854 0.306250 0.531250 0.312500 0.472917 0.356250 0.481250 0.360938 0.456250 0.315625 0.443750 0.321875 0.393750 0.306250 0.387500 0.293750 0.443750 0.248438 0.435417 0.242188 0.462500 0.287500 0.466667 0.284375 0.531250
4 0.430563 0.298833 0.489063 0.268750 0.471875 0.225000 0.453125 0.241667 0.453125 0.254167 0.442188 0.250000 0.398438 0.262500 0.395313 0.275000 0.384375 0.268750 0.365625 0.275000 0.376563 0.318750 0.387500 0.325000 0.381250 0.341667 0.381250 0.356250 0.387500 0.356250 0.392188 0.341667 0.403125 0.325000 0.415625 0.329167 0.426563 0.337500 0.457813 0.325000 0.462500 0.306250 0.481250 0.293750 0.493750 0.312500 0.496875 0.306250 0.492188 0.287500 0.475000 0.287500
6 0.027734 0.492188 0.032813 0.550000 0.020313 0.550000 0.023438 0.437500 0.034375 0.431250
7 0.490625 0.506250 0.048438 0.060417 0.931250 0.070833 0.954688 0.947917 0.028125 0.945833
