0 0.168750 0.026562 0.028125 0.031250
1 0.186719 0.177344 0.026562 0.029687
1 0.148438 0.271875 0.031250 0.028125
1 0.353125 0.483594 0.018750 0.026562
1 0.339062 0.570312 0.021875 0.028125
1 0.257031 0.589844 0.023438 0.029687
1 0.237500 0.686719 0.021875 0.026562
1 0.445312 0.589844 0.021875 0.023438
1 0.512500 0.535156 0.025000 0.026562
2 0.155469 0.206250 0.054688 0.056250
3 0.528906 0.457813 0.098437 0.134375
4 0.331250 0.520312 -0.115625 0.137500
5 0.878125 0.449219 -0.028125 0.076563
6 0.123438 0.382812 -0.028125 0.121875
7 0.104688 0.398438 -0.096875 0.787500
7 0.475781 0.800781 -0.835938 -0.148438
7 0.896875 0.446875 -0.118750 0.856250
7 0.532031 0.042188 -0.839063 -0.078125
