0 0.292535 0.570602 0.290625 0.587500 0.298438 0.581250 0.304688 0.572917 0.303125 0.562500 0.293750 0.556250 0.287500 0.554167 0.282813 0.560417 0.281250 0.572917 0.290625 0.587500
1 0.056641 0.080990 0.054688 0.093750 0.065625 0.093750 0.068750 0.087500 0.065625 0.075000 0.056250 0.068750 0.048438 0.068750 0.043750 0.072917 0.050000 0.087500
1 0.450446 0.084524 0.443750 0.097917 0.454688 0.097917 0.459375 0.091667 0.459375 0.079167 0.453125 0.068750 0.443750 0.068750 0.439063 0.087500
1 0.192188 0.790476 0.192188 0.806250 0.200000 0.797917 0.203125 0.779167 0.196875 0.772917 0.187500 0.781250 0.181250 0.791667 0.184375 0.804167
1 0.367448 0.914583 0.359375 0.925000 0.364063 0.931250 0.371875 0.925000 0.381250 0.906250 0.368750 0.893750 0.359375 0.906250
1 0.939648 0.745313 0.925000 0.741667 0.928125 0.754167 0.937500 0.756250 0.950000 0.760417 0.950000 0.750000 0.948438 0.737500 0.943750 0.731250 0.934375 0.731250
2 0.901250 0.889792 0.878125 0.887500 0.881250 0.862500 0.903125 0.850000 0.917188 0.854167 0.923438 0.875000 0.918750 0.906250 0.912500 0.916667 0.903125 0.922917 0.893750 0.916667 0.881250 0.906250
1 0.359063 0.607917 0.362500 0.622917 0.365625 0.606250 0.364063 0.593750 0.350000 0.600000 0.353125 0.616667
1 0.392708 0.528819 0.387500 0.543750 0.400000 0.537500 0.400000 0.529167 0.396875 0.518750 0.387500 0.518750 0.384375 0.525000
3 0.373047 0.576042 0.378125 0.650000 0.393750 0.643750 0.381250 0.587500 0.431250 0.562500 0.423438 0.550000 0.378125 0.566667 0.368750 0.506250 0.353125 0.510417 0.360938 0.562500 0.317188 0.587500 0.321875 0.600000 0.368750 0.585417
4 0.572000 0.533167 0.512500 0.516667 0.509375 0.468750 0.531250 0.472917 0.534375 0.479167 0.600000 0.475000 0.600000 0.462500 0.625000 0.456250 0.631250 0.504167 0.625000 0.510417 0.621875 0.525000 0.618750 0.537500 0.600000 0.541667 0.590625 0.554167 0.596875 0.566667 0.593750 0.591667 0.579688 0.597917 0.571875 0.597917 0.559375 0.600000 0.550000 0.593750 0.548438 0.575000 0.548438 0.568750 0.548438 0.547917 0.540625 0.537500 0.534375 0.531250 0.528125 0.516667
6 0.962891 0.500521 0.948438 0.562500 0.978125 0.560417 0.978125 0.437500 0.946875 0.441667
6 0.020313 0.492708 0.032813 0.547917 0.037500 0.437500 0.009375 0.435417 0.001563 0.550000
7 0.959710 0.501786 0.953125 0.950000 0.953125 0.785417 0.953125 0.672917 0.950000 0.575000 0.939063 0.312500 0.934375 0.093750 0.934375 0.029167 0.956250 0.018750 0.971875 0.131250 0.968750 0.300000 0.975000 0.447917 0.981250 0.731250 0.984375 0.979167 0.981250 0.997917
7 0.500911 0.965104 0.993750 0.981250 0.765625 0.987500 0.501563 0.987500 0.262500 0.981250 0.062500 0.981250 0.003125 0.979167 0.028125 0.931250 0.217188 0.950000 0.484375 0.950000 0.746875 0.954167 0.953125 0.947917 0.992188 0.950000
7 0.026215 0.408796 0.025000 0.922917 0.031250 0.625000 0.025000 0.625000 0.018750 0.606250 0.025000 0.575000 0.028125 0.575000 0.037500 0.410417 0.037500 0.254167 0.048438 0.106250 0.040625 0.091667 0.037500 0.068750 0.050000 0.054167 0.031250 0.000000 0.018750 0.091667 0.009375 0.272917 0.006250 0.425000 0.001563 0.675000 0.000000 0.979167
7 0.479036 0.050521 0.050000 0.056250 0.256250 0.062500 0.429688 0.062500 0.557813 0.066667 0.807813 0.068750 0.932813 0.075000 0.981250 0.043750 0.831250 0.025000 0.568750 0.029167 0.309375 0.029167 0.006250 0.031250 0.017188 0.056250
