1 0.112847 0.044907 0.106250 0.031250 0.100000 0.037500 0.100000 0.050000 0.106250 0.056250 0.115625 0.062500 0.125000 0.056250 0.125000 0.043750 0.121875 0.035417 0.115625 0.031250
1 0.085069 0.103704 0.085938 0.087500 0.078125 0.087500 0.073438 0.097917 0.073438 0.106250 0.078125 0.116667 0.085938 0.118750 0.093750 0.118750 0.100000 0.106250 0.096875 0.093750
1 0.174716 0.221591 0.171875 0.206250 0.165625 0.210417 0.162500 0.218750 0.162500 0.225000 0.165625 0.235417 0.171875 0.237500 0.181250 0.237500 0.185938 0.231250 0.187500 0.218750 0.185938 0.210417 0.181250 0.206250
0 0.068750 0.051326 0.062500 0.035417 0.057813 0.041667 0.056250 0.054167 0.059375 0.062500 0.065625 0.068750 0.073438 0.068750 0.078125 0.062500 0.081250 0.054167 0.078125 0.043750 0.075000 0.037500 0.068750 0.035417
1 0.072031 0.344375 0.065625 0.329167 0.059375 0.335417 0.059375 0.347917 0.062500 0.356250 0.071875 0.362500 0.078125 0.360417 0.085938 0.350000 0.085938 0.341667 0.078125 0.331250 0.073438 0.329167
1 0.461111 0.472917 0.453125 0.456250 0.450000 0.468750 0.450000 0.481250 0.454688 0.487500 0.462500 0.487500 0.470313 0.485417 0.475000 0.472917 0.471875 0.460417 0.462500 0.456250
1 0.154297 0.556250 0.145313 0.541667 0.140625 0.556250 0.145313 0.572917 0.156250 0.575000 0.165625 0.566667 0.165625 0.550000 0.162500 0.543750 0.153125 0.543750
1 0.946875 0.847917 0.943750 0.835417 0.937500 0.837500 0.937500 0.850000 0.940625 0.862500 0.953125 0.862500 0.959375 0.850000 0.956250 0.837500
1 0.890234 0.905469 0.881250 0.891667 0.878125 0.904167 0.881250 0.916667 0.887500 0.925000 0.900000 0.918750 0.903125 0.906250 0.900000 0.893750 0.890625 0.887500
3 0.894043 0.113151 0.881250 0.131250 0.881250 0.185417 0.896875 0.191667 0.906250 0.179167 0.907813 0.131250 0.943750 0.137500 0.950000 0.118750 0.950000 0.100000 0.909375 0.093750 0.909375 0.041667 0.887500 0.037500 0.881250 0.047917 0.881250 0.093750 0.845313 0.091667 0.835938 0.104167 0.837500 0.125000
4 0.380787 0.299151 0.343750 0.335417 0.335938 0.335417 0.329688 0.362500 0.340625 0.372917 0.362500 0.375000 0.371875 0.372917 0.375000 0.350000 0.378125 0.343750 0.387500 0.343750 0.393750 0.362500 0.407813 0.372917 0.421875 0.375000 0.431250 0.366667 0.439063 0.260417 0.437500 0.254167 0.426563 0.250000 0.412500 0.250000 0.403125 0.262500 0.395313 0.250000 0.395313 0.229167 0.384375 0.212500 0.362500 0.206250 0.350000 0.212500 0.346875 0.225000 0.350000 0.241667 0.350000 0.260417 0.348438 0.293750
5 0.952734 0.472917 0.943750 0.443750 0.943750 0.504167 0.962500 0.502083 0.960938 0.441667
6 0.032031 0.459375 0.042188 0.402083 0.028125 0.395833 0.023438 0.518750 0.034375 0.520833
7 0.492969 0.478125 0.940625 0.043750 0.951562 0.927083 0.021875 0.912500 0.057813 0.029167
