0 0.411719 0.397917 0.409375 0.385417 0.403125 0.387500 0.403125 0.400000 0.406250 0.410417 0.415625 0.412500 0.418750 0.406250 0.421875 0.393750 0.415625 0.387500
1 0.602679 0.911905 0.595313 0.906250 0.593750 0.918750 0.600000 0.925000 0.610938 0.922917 0.612500 0.912500 0.606250 0.900000 0.600000 0.897917
1 0.364732 0.908036 0.359375 0.918750 0.365625 0.918750 0.371875 0.912500 0.371875 0.904167 0.368750 0.893750 0.359375 0.897917 0.356250 0.910417
1 0.839648 0.075781 0.834375 0.087500 0.845313 0.087500 0.846875 0.081250 0.846875 0.075000 0.845313 0.068750 0.839063 0.062500 0.831250 0.068750 0.828125 0.075000
1 0.424777 0.541667 0.421875 0.550000 0.429688 0.550000 0.431250 0.547917 0.431250 0.535417 0.425000 0.531250 0.418750 0.535417 0.415625 0.541667
1 0.095759 0.578571 0.096875 0.591667 0.104688 0.585417 0.104688 0.575000 0.096875 0.568750 0.092188 0.568750 0.087500 0.575000 0.087500 0.585417
1 0.110491 0.388393 0.109375 0.400000 0.118750 0.397917 0.121875 0.387500 0.117188 0.381250 0.106250 0.375000 0.100000 0.385417 0.100000 0.391667
1 0.320703 0.163281 0.318750 0.172917 0.321875 0.172917 0.325000 0.172917 0.328125 0.160417 0.321875 0.150000 0.318750 0.150000 0.315625 0.160417 0.315625 0.166667
2 0.098698 0.877604 0.104688 0.912500 0.112500 0.900000 0.117188 0.891667 0.115625 0.875000 0.112500 0.860417 0.106250 0.854167 0.096875 0.854167 0.089063 0.854167 0.081250 0.860417 0.078125 0.875000 0.081250 0.887500 0.089063 0.906250
3 0.101042 0.122917 0.090625 0.193750 0.109375 0.150000 0.146875 0.160417 0.156250 0.141667 0.112500 0.116667 0.134375 0.066667 0.115625 0.050000 0.093750 0.100000 0.050000 0.087500 0.050000 0.104167 0.084375 0.125000 0.068750 0.179167
4 0.432077 0.378799 0.437500 0.406250 0.443750 0.406250 0.450000 0.416667 0.454688 0.418750 0.462500 0.422917 0.473438 0.441667 0.503125 0.418750 0.496875 0.393750 0.492188 0.393750 0.460938 0.316667 0.465625 0.306250 0.456250 0.281250 0.425000 0.293750 0.425000 0.304167 0.412500 0.316667 0.421875 0.354167 0.421875 0.362500 0.406250 0.362500 0.398438 0.362500 0.387500 0.375000 0.387500 0.393750 0.392188 0.400000 0.396875 0.397917 0.395313 0.385417 0.400000 0.375000 0.412500 0.368750 0.418750 0.372917 0.426563 0.381250 0.428125 0.391667 0.423438 0.400000 0.418750 0.412500 0.418750 0.422917 0.434375 0.406250 0.442188 0.416667
