1 0.183438 0.176667 0.181250 0.160417 0.170313 0.175000 0.178125 0.193750 0.193750 0.191667 0.193750 0.162500
1 0.148438 0.265833 0.143750 0.250000 0.139063 0.266667 0.143750 0.287500 0.159375 0.275000 0.156250 0.250000
2 0.153646 0.201389 0.128125 0.197917 0.139063 0.222917 0.162500 0.225000 0.178125 0.206250 0.168750 0.181250 0.145313 0.175000
1 0.240937 0.683333 0.239063 0.672917 0.231250 0.681250 0.234375 0.693750 0.250000 0.693750 0.250000 0.675000
1 0.253516 0.591667 0.250000 0.579167 0.242188 0.600000 0.259375 0.606250 0.262500 0.581250
1 0.350000 0.482812 0.353125 0.468750 0.340625 0.479167 0.346875 0.491667 0.359375 0.491667
1 0.337109 0.568750 0.335938 0.556250 0.331250 0.568750 0.335938 0.581250 0.345313 0.568750
1 0.512188 0.534583 0.512500 0.518750 0.503125 0.525000 0.503125 0.550000 0.517188 0.547917 0.525000 0.531250
1 0.441563 0.586250 0.439063 0.575000 0.431250 0.587500 0.437500 0.600000 0.450000 0.593750 0.450000 0.575000
3 0.523307 0.461806 0.518750 0.400000 0.515625 0.447917 0.475000 0.435417 0.473438 0.468750 0.506250 0.475000 0.501563 0.518750 0.532813 0.525000 0.534375 0.481250 0.568750 0.485417 0.575000 0.454167 0.534375 0.450000 0.543750 0.400000
4 0.337336 0.524342 0.275000 0.529167 0.293750 0.543750 0.304688 0.537500 0.304688 0.541667 0.328125 0.556250 0.337500 0.550000 0.353125 0.562500 0.345313 0.581250 0.359375 0.587500 0.384375 0.560417 0.368750 0.537500 0.362500 0.516667 0.376563 0.493750 0.378125 0.468750 0.353125 0.454167 0.332813 0.472917 0.332813 0.487500 0.321875 0.500000 0.296875 0.481250
0 0.167969 0.027604 0.162500 0.012500 0.156250 0.031250 0.171875 0.037500 0.181250 0.029167
5 0.879297 0.446354 0.871875 0.412500 0.892188 0.416667 0.884375 0.481250 0.868750 0.475000
6 0.128819 0.372222 0.137500 0.325000 0.123438 0.318750 0.117188 0.422917 0.131250 0.425000 0.131250 0.385417 0.128125 0.379167 0.125000 0.368750 0.131250 0.362500 0.134375 0.362500
7 0.504687 0.405208 0.153125 0.006250 0.096875 0.731250 0.853125 0.816667 0.915625 0.066667
