0 0.670833 0.132986 0.668750 0.118750 0.659375 0.129167 0.659375 0.143750 0.675000 0.147917 0.681250 0.135417 0.681250 0.122917
1 0.793229 0.163542 0.796875 0.154167 0.787500 0.150000 0.784375 0.166667 0.787500 0.175000 0.800000 0.175000 0.803125 0.160417
1 0.619792 0.501042 0.617188 0.487500 0.612500 0.493750 0.612500 0.506250 0.620313 0.516667 0.628125 0.510417 0.628125 0.491667
1 0.849062 0.728333 0.850000 0.712500 0.839063 0.718750 0.840625 0.737500 0.853125 0.743750 0.862500 0.729167
1 0.831510 0.809722 0.835938 0.800000 0.825000 0.800000 0.823438 0.810417 0.825000 0.818750 0.839063 0.818750 0.840625 0.810417
1 0.268229 0.600000 0.271875 0.587500 0.262500 0.587500 0.259375 0.600000 0.262500 0.612500 0.275000 0.612500 0.278125 0.600000
1 0.118490 0.639236 0.123438 0.625000 0.131250 0.637500 0.128125 0.647917 0.112500 0.654167 0.107813 0.641667 0.107813 0.629167
1 0.216667 0.177431 0.221875 0.168750 0.215625 0.162500 0.207813 0.168750 0.210938 0.187500 0.218750 0.191667 0.225000 0.185417
1 0.127679 0.834226 0.134375 0.825000 0.128125 0.816667 0.120313 0.825000 0.117188 0.837500 0.125000 0.850000 0.131250 0.847917 0.137500 0.837500
3 0.306490 0.513301 0.312500 0.525000 0.300000 0.568750 0.293750 0.572917 0.282813 0.562500 0.293750 0.518750 0.262500 0.493750 0.267188 0.475000 0.300000 0.491667 0.315625 0.447917 0.331250 0.456250 0.321875 0.500000 0.353125 0.522917 0.350000 0.537500
4 0.501451 0.434673 0.437500 0.462500 0.534375 0.493750 0.537500 0.472917 0.531250 0.462500 0.543750 0.460417 0.550000 0.416667 0.532813 0.412500 0.531250 0.425000 0.523438 0.418750 0.478125 0.404167 0.475000 0.391667 0.459375 0.391667 0.446875 0.431250 0.439063 0.441667
5 0.852344 0.476042 0.846875 0.450000 0.856250 0.454167 0.859375 0.500000 0.846875 0.500000
6 0.107813 0.477604 0.112500 0.429167 0.103125 0.431250 0.103125 0.525000 0.112500 0.525000
7 0.480078 0.485417 0.118750 0.125000 0.840625 0.125000 0.856250 0.843750 0.104688 0.847917
