0 0.950000 0.451736 0.953125 0.437500 0.956250 0.450000 0.953125 0.462500 0.946875 0.462500 0.943750 0.454167 0.946875 0.443750
1 0.951302 0.485069 0.954688 0.500000 0.954688 0.487500 0.954688 0.475000 0.946875 0.472917 0.946875 0.481250 0.950000 0.493750
1 0.423661 0.090774 0.415625 0.100000 0.425000 0.106250 0.431250 0.100000 0.431250 0.087500 0.428125 0.079167 0.418750 0.075000 0.415625 0.087500
1 0.762109 0.650521 0.753125 0.662500 0.767188 0.668750 0.771875 0.660417 0.771875 0.650000 0.767188 0.637500 0.760938 0.637500 0.753125 0.637500 0.751563 0.650000
1 0.772396 0.915278 0.771875 0.931250 0.782813 0.925000 0.782813 0.912500 0.776563 0.900000 0.760938 0.904167 0.759375 0.918750
1 0.367411 0.911905 0.364063 0.925000 0.375000 0.922917 0.379688 0.912500 0.371875 0.900000 0.365625 0.897917 0.356250 0.906250 0.359375 0.918750
1 0.256473 0.830952 0.256250 0.843750 0.262500 0.837500 0.267188 0.825000 0.262500 0.818750 0.253125 0.818750 0.243750 0.829167 0.250000 0.843750
1 0.234115 0.843403 0.234375 0.856250 0.243750 0.850000 0.242188 0.841667 0.234375 0.829167 0.225000 0.835417 0.225000 0.847917
2 0.058053 0.926923 0.048438 0.954167 0.062500 0.950000 0.081250 0.941667 0.085938 0.925000 0.085938 0.918750 0.078125 0.906250 0.065625 0.904167 0.057813 0.904167 0.048438 0.906250 0.037500 0.912500 0.032813 0.931250 0.032813 0.941667 0.037500 0.954167
3 0.909245 0.887153 0.906250 0.910417 0.934375 0.954167 0.946875 0.943750 0.923438 0.891667 0.959375 0.850000 0.948438 0.835417 0.912500 0.868750 0.884375 0.822917 0.865625 0.831250 0.893750 0.881250 0.860938 0.918750 0.875000 0.937500
4 0.719271 0.256771 0.745313 0.272917 0.765625 0.287500 0.787500 0.250000 0.768750 0.235417 0.765625 0.237500 0.756250 0.231250 0.756250 0.222917 0.725000 0.200000 0.721875 0.206250 0.706250 0.200000 0.706250 0.187500 0.689063 0.175000 0.667188 0.216667 0.684375 0.235417 0.682813 0.250000 0.684375 0.275000 0.671875 0.293750 0.675000 0.325000 0.690625 0.331250 0.698438 0.335417 0.715625 0.325000 0.720313 0.300000 0.731250 0.293750 0.746875 0.275000
6 0.029687 0.491146 0.034375 0.550000 0.021875 0.547917 0.025000 0.435417 0.037500 0.431250
7 0.491016 0.505729 0.025000 0.937500 0.053125 0.062500 0.931250 0.072917 0.954688 0.950000
1 0.839720 0.078728 0.828125 0.087500 0.831250 0.091667 0.831250 0.093750 0.837500 0.093750 0.843750 0.093750 0.846875 0.091667 0.846875 0.087500 0.850000 0.085417 0.850000 0.081250 0.850000 0.075000 0.850000 0.068750 0.846875 0.068750 0.846875 0.062500 0.840625 0.062500 0.835938 0.062500 0.834375 0.066667 0.829688 0.068750 0.829688 0.072917 0.825000 0.081250
