0 0.099740 0.939583 0.106250 0.945833 0.106250 0.937500 0.101562 0.929167 0.092188 0.931250 0.090625 0.943750 0.101562 0.950000
1 0.062054 0.821726 0.056250 0.831250 0.062500 0.831250 0.065625 0.831250 0.073438 0.820833 0.065625 0.810417 0.057813 0.810417 0.053125 0.816667
1 0.029514 0.906019 0.028125 0.918750 0.034375 0.916667 0.037500 0.906250 0.035937 0.900000 0.034375 0.897917 0.028125 0.895833 0.021875 0.897917 0.020313 0.906250 0.025000 0.914583
1 0.048884 0.935714 0.056250 0.939583 0.054688 0.931250 0.051562 0.925000 0.043750 0.929167 0.040625 0.937500 0.045312 0.943750 0.050000 0.943750
1 0.071875 0.936111 0.076563 0.931250 0.070312 0.927083 0.065625 0.931250 0.067187 0.945833 0.075000 0.945833 0.076563 0.935417
1 0.087500 0.905208 0.093750 0.897917 0.087500 0.897917 0.082812 0.900000 0.078125 0.906250 0.082812 0.910417 0.089063 0.912500 0.092188 0.912500 0.093750 0.904167
1 0.094336 0.872917 0.096875 0.860417 0.089063 0.864583 0.089063 0.875000 0.089063 0.883333 0.095312 0.887500 0.100000 0.879167 0.100000 0.868750 0.095312 0.864583
1 0.371484 0.849219 0.379688 0.860417 0.382812 0.845833 0.373437 0.837500 0.365625 0.839583 0.357812 0.845833 0.364063 0.856250 0.371875 0.856250 0.376563 0.852083
2 0.184115 0.893576 0.160938 0.885417 0.167187 0.900000 0.175000 0.918750 0.192188 0.925000 0.200000 0.918750 0.206250 0.904167 0.201563 0.893750 0.195312 0.883333 0.190625 0.875000 0.182812 0.872917 0.173437 0.870833 0.164062 0.875000
3 0.532422 0.547743 0.543750 0.616667 0.540625 0.560417 0.587500 0.558333 0.587500 0.535417 0.542188 0.537500 0.539062 0.477083 0.523438 0.475000 0.520312 0.533333 0.478125 0.539583 0.478125 0.554167 0.525000 0.562500 0.523438 0.622917
4 0.399038 0.840785 0.457813 0.931250 0.457813 0.895833 0.451562 0.887500 0.451562 0.806250 0.457813 0.800000 0.456250 0.762500 0.421875 0.764583 0.418750 0.787500 0.404687 0.797917 0.398438 0.804167 0.375000 0.795833 0.360938 0.804167 0.351562 0.820833 0.360938 0.829167 0.371875 0.808333 0.382812 0.806250 0.395313 0.825000 0.395313 0.850000 0.385937 0.879167 0.375000 0.872917 0.365625 0.870833 0.354687 0.864583 0.356250 0.875000 0.382812 0.879167 0.387500 0.904167 0.396875 0.937500
6 0.961328 0.500521 0.950000 0.558333 0.978125 0.562500 0.970313 0.437500 0.946875 0.443750
6 0.018359 0.487500 0.032813 0.547917 0.004687 0.539583 0.003125 0.427083 0.032813 0.435417
7 0.959943 0.543182 0.954688 0.950000 0.942187 0.412500 0.935937 0.075000 0.935937 0.031250 0.957812 0.008333 0.975000 0.281250 0.975000 0.539583 0.981250 0.722917 0.979688 0.993750 0.968750 0.987500 0.953125 0.972917
7 0.341146 0.967857 0.996875 0.970833 0.981250 0.950000 0.625000 0.954167 0.354687 0.954167 0.195312 0.954167 0.121875 0.952083 0.104688 0.962500 0.096875 0.962500 0.085938 0.960417 0.070312 0.962500 0.060937 0.960417 0.042188 0.964583 0.026562 0.947917 0.009375 0.966667 0.006250 0.981250 0.115625 0.987500 0.289062 0.985417 0.525000 0.989583 0.639062 0.987500 0.821875 0.985417 0.995313 0.985417
7 0.023854 0.547083 0.021875 0.950000 0.017188 0.929167 0.012500 0.910417 0.014063 0.879167 0.025000 0.862500 0.026562 0.743750 0.031250 0.585417 0.043750 0.358333 0.045312 0.208333 0.046875 0.060417 0.031250 0.006250 0.020313 0.064583 0.012500 0.243750 0.006250 0.418750 0.003125 0.985417
7 0.429545 0.049621 0.015625 0.060417 0.195312 0.062500 0.437500 0.064583 0.714063 0.066667 0.960938 0.075000 0.978125 0.041667 0.770312 0.033333 0.432812 0.029167 0.214062 0.029167 0.004687 0.029167 0.001563 0.054167
