1 0.137500 0.088281 0.021875 0.032813
1 0.335156 0.103125 0.020313 0.031250
1 0.180469 0.253125 0.023438 0.031250
1 0.072656 0.414844 0.026562 0.032813
1 0.060937 0.495312 0.021875 0.028125
1 0.476562 0.471875 0.021875 0.034375
1 0.837500 0.535937 0.028125 0.031250
1 0.682813 0.925000 0.025000 0.037500
2 0.948438 0.571875 0.043750 0.068750
3 0.453125 0.514844 0.125000 0.154688
4 0.480469 0.740625 -0.132812 0.153125
5 0.976562 0.560156 0.040625 0.085938
6 0.054688 0.453906 -0.056250 0.117188
7 0.541406 0.075000 0.926562 0.128125
7 0.061719 0.470313 -0.145313 0.906250
7 0.348438 0.962500 0.696875 0.168750
7 0.978906 0.553906 0.051562 0.960938
