0 0.425000 0.294271 0.415625 0.287500 0.431250 0.279167 0.431250 0.300000 0.421875 0.310417
1 0.123438 0.366667 0.117188 0.356250 0.129688 0.360417 0.129688 0.375000 0.117188 0.375000
1 0.455469 0.332292 0.446875 0.325000 0.459375 0.322917 0.462500 0.343750 0.453125 0.337500
1 0.325781 0.724479 0.318750 0.712500 0.321875 0.737500 0.332813 0.729167 0.329688 0.718750
1 0.715938 0.867500 0.706250 0.856250 0.712500 0.879167 0.725000 0.879167 0.721875 0.862500 0.714063 0.860417
1 0.780859 0.661458 0.771875 0.650000 0.776563 0.672917 0.787500 0.668750 0.787500 0.654167
1 0.546484 0.532292 0.537500 0.525000 0.542188 0.543750 0.556250 0.537500 0.550000 0.522917
1 0.775781 0.459896 0.767188 0.450000 0.771875 0.472917 0.782813 0.462500 0.781250 0.454167
2 0.207813 0.572222 0.187500 0.560417 0.193750 0.581250 0.209375 0.593750 0.223438 0.587500 0.225000 0.562500 0.207813 0.547917
3 0.439323 0.505556 0.396875 0.500000 0.431250 0.516667 0.421875 0.556250 0.440625 0.562500 0.443750 0.518750 0.478125 0.531250 0.484375 0.510417 0.446875 0.500000 0.454688 0.450000 0.443750 0.447917 0.431250 0.487500 0.398438 0.485417
4 0.485517 0.307212 0.450000 0.243750 0.442188 0.275000 0.465625 0.297917 0.465625 0.306250 0.446875 0.306250 0.439063 0.322917 0.440625 0.337500 0.443750 0.325000 0.446875 0.316667 0.456250 0.312500 0.473438 0.325000 0.503125 0.331250 0.506250 0.337500 0.509375 0.350000 0.521875 0.356250 0.523438 0.337500 0.512500 0.322917 0.510938 0.318750 0.515625 0.312500 0.528125 0.316667 0.526563 0.310417 0.537500 0.279167 0.517188 0.272917 0.506250 0.268750 0.471875 0.254167 0.462500 0.250000
5 0.796094 0.572917 0.787500 0.547917 0.809375 0.550000 0.803125 0.600000 0.784375 0.593750
6 0.081250 0.458333 0.078125 0.406250 0.100000 0.416667 0.084375 0.510417 0.062500 0.500000
7 0.082422 0.468750 0.125000 0.093750 0.140625 0.100000 0.043750 0.843750 0.020313 0.837500
7 0.401562 0.882292 0.003125 0.806250 0.790625 0.937500 0.796875 0.962500 0.015625 0.822917
7 0.803516 0.584896 0.829688 0.197917 0.760938 0.968750 0.778125 0.981250 0.845313 0.191667
7 0.481250 0.173958 0.104688 0.110417 0.860938 0.212500 0.846875 0.241667 0.112500 0.131250
1 0.484375 0.583631 0.475000 0.572917 0.473438 0.587500 0.478125 0.597917 0.489063 0.597917 0.496875 0.587500 0.493750 0.572917 0.484375 0.568750
