1 0.488021 0.705903 0.481250 0.718750 0.493750 0.718750 0.500000 0.706250 0.493750 0.691667 0.481250 0.693750 0.478125 0.706250
1 0.420312 0.501667 0.418750 0.518750 0.431250 0.504167 0.428125 0.487500 0.412500 0.487500 0.410938 0.510417
1 0.559688 0.492917 0.554688 0.506250 0.568750 0.500000 0.568750 0.485417 0.556250 0.481250 0.550000 0.491667
1 0.665000 0.389167 0.659375 0.400000 0.675000 0.397917 0.675000 0.381250 0.662500 0.379167 0.653125 0.387500
2 0.457031 0.316146 0.446875 0.335417 0.457813 0.347917 0.475000 0.341667 0.475000 0.318750 0.465625 0.291667 0.454688 0.285417 0.442188 0.291667 0.439063 0.316667
3 0.537500 0.475868 0.537500 0.541667 0.528125 0.493750 0.493750 0.506250 0.489063 0.479167 0.525000 0.466667 0.515625 0.412500 0.534375 0.410417 0.543750 0.456250 0.584375 0.450000 0.589063 0.468750 0.550000 0.487500 0.559375 0.537500
4 0.672122 0.354057 0.653125 0.431250 0.684375 0.429167 0.696875 0.391667 0.700000 0.381250 0.725000 0.375000 0.737500 0.350000 0.735938 0.325000 0.706250 0.316667 0.706250 0.325000 0.668750 0.310417 0.665625 0.293750 0.643750 0.281250 0.635938 0.287500 0.625000 0.312500 0.628125 0.343750 0.637500 0.360417 0.635938 0.381250 0.640625 0.412500 0.643750 0.418750
5 0.892188 0.461458 0.887500 0.437500 0.889062 0.487500 0.896875 0.483333 0.895312 0.437500
6 0.127344 0.477083 0.131250 0.429167 0.131250 0.525000 0.123438 0.525000 0.123438 0.429167
7 0.508984 0.472917 0.134375 0.112500 0.881250 0.097917 0.892188 0.831250 0.128125 0.850000
