0 0.311719 0.596875 0.023438 0.025000
1 0.222656 0.707812 0.020313 0.025000
1 0.406250 0.651563 0.021875 0.025000
1 0.539062 0.185938 0.018750 0.021875
1 0.700000 0.507812 0.018750 0.028125
1 0.737500 0.406250 0.025000 0.028125
1 0.758594 0.356250 0.020313 0.028125
1 0.778906 0.348438 0.020313 0.025000
1 0.824219 0.218750 0.020313 0.028125
2 0.615625 0.495312 0.040625 0.037500
3 0.535156 0.394531 0.085938 0.110937
4 0.333594 0.464062 0.089063 -0.125000
5 0.828906 0.450000 0.026562 0.053125
6 0.142187 0.399219 0.040625 -0.107813
7 0.471094 0.780469 -0.779687 -0.123438
7 0.131250 0.410156 0.096875 -0.729688
7 0.504687 0.089063 -0.743750 -0.087500
7 0.842187 0.459375 0.053125 -0.765625
