6 0.106250 0.448333 0.115625 0.412500 0.095312 0.404167 0.095312 0.506250 0.109375 0.514583 0.115625 0.404167
5 0.918437 0.459583 0.910937 0.439583 0.928125 0.435417 0.931250 0.487500 0.914062 0.495833 0.907813 0.439583
1 0.743750 0.039583 0.737500 0.050000 0.750000 0.052083 0.753125 0.025000 0.734375 0.031250
1 0.352813 0.472917 0.345313 0.479167 0.359375 0.487500 0.367188 0.466667 0.348438 0.454167 0.343750 0.477083
1 0.347812 0.623333 0.337500 0.639583 0.354687 0.637500 0.357812 0.616667 0.351562 0.608333 0.337500 0.614583
1 0.657813 0.737500 0.654687 0.718750 0.670312 0.729167 0.664062 0.750000 0.664062 0.750000 0.650000 0.747917 0.643750 0.729167
3 0.369591 0.595353 0.325000 0.568750 0.367188 0.581250 0.381250 0.533333 0.395313 0.537500 0.387500 0.591667 0.418750 0.602083 0.417187 0.622917 0.378125 0.614583 0.368750 0.660417 0.351562 0.656250 0.362500 0.602083 0.321875 0.595833 0.329688 0.572917
4 0.669853 0.516054 0.685937 0.527083 0.718750 0.520833 0.717187 0.481250 0.714063 0.454167 0.692187 0.456250 0.631250 0.479167 0.632812 0.472917 0.610938 0.472917 0.615625 0.516667 0.635938 0.516667 0.645312 0.541667 0.648438 0.562500 0.660937 0.577083 0.681250 0.577083 0.693750 0.558333 0.687500 0.533333 0.715625 0.525000
7 0.466667 0.226852 0.101562 0.062500 0.090625 0.400000 0.115625 0.410417 0.117188 0.085417 0.906250 0.089583 0.910937 0.433333 0.931250 0.431250 0.925000 0.068750 0.101562 0.060417
7 0.579948 0.715451 0.095312 0.510417 0.112500 0.520833 0.109375 0.858333 0.901563 0.868750 0.921875 0.872917 0.925000 0.845833 0.917188 0.841667 0.910937 0.504167 0.939063 0.497917 0.935937 0.877083 0.092188 0.875000 0.098437 0.512500
