0 0.832812 0.555417 0.831250 0.541667 0.823438 0.550000 0.828125 0.568750 0.840625 0.568750 0.840625 0.547917
1 0.426042 0.440972 0.426563 0.429167 0.418750 0.431250 0.415625 0.447917 0.423438 0.454167 0.434375 0.447917 0.437500 0.435417
1 0.236250 0.623333 0.240625 0.610417 0.228125 0.612500 0.228125 0.631250 0.237500 0.637500 0.246875 0.625000
1 0.128438 0.833750 0.131250 0.822917 0.120313 0.825000 0.120313 0.841667 0.131250 0.847917 0.139063 0.831250
1 0.112187 0.494583 0.115625 0.481250 0.103125 0.487500 0.103125 0.504167 0.115625 0.506250 0.123438 0.493750
1 0.310625 0.137500 0.315625 0.122917 0.303125 0.125000 0.303125 0.141667 0.312500 0.154167 0.318750 0.143750
1 0.848177 0.667708 0.850000 0.656250 0.840625 0.656250 0.837500 0.666667 0.843750 0.679167 0.856250 0.679167 0.860938 0.668750
4 0.727604 0.496181 0.706250 0.431250 0.706250 0.481250 0.710938 0.556250 0.737500 0.562500 0.753125 0.504167 0.751563 0.441667
3 0.725130 0.654514 0.721875 0.600000 0.718750 0.637500 0.678125 0.637500 0.675000 0.666667 0.715625 0.675000 0.712500 0.718750 0.731250 0.718750 0.737500 0.668750 0.768750 0.668750 0.767188 0.631250 0.737500 0.631250 0.737500 0.600000
5 0.851172 0.472917 0.845313 0.450000 0.856250 0.450000 0.856250 0.493750 0.846875 0.497917
6 0.107031 0.481771 0.112500 0.435417 0.103125 0.431250 0.100000 0.531250 0.112500 0.529167
7 0.481641 0.483333 0.120313 0.125000 0.106250 0.847917 0.856250 0.835417 0.843750 0.125000
