0 0.478906 0.870139 0.478125 0.856250 0.471875 0.864583 0.471875 0.877083 0.478125 0.883333 0.485938 0.877083 0.487500 0.862500
1 0.699219 0.864583 0.701562 0.856250 0.696875 0.856250 0.692187 0.856250 0.693750 0.870833 0.701562 0.879167 0.709375 0.868750
1 0.703646 0.783333 0.701562 0.770833 0.692187 0.777083 0.698438 0.789583 0.704688 0.793750 0.712500 0.789583 0.712500 0.779167
1 0.601823 0.626389 0.607812 0.620833 0.604688 0.616667 0.593750 0.622917 0.595313 0.629167 0.601562 0.635417 0.607812 0.633333
1 0.643164 0.602344 0.640625 0.593750 0.637500 0.597917 0.637500 0.602083 0.639062 0.610417 0.643750 0.610417 0.648438 0.610417 0.650000 0.600000 0.648438 0.593750
1 0.642188 0.574306 0.643750 0.564583 0.639062 0.566667 0.637500 0.572917 0.640625 0.583333 0.643750 0.583333 0.648438 0.575000
2 0.364844 0.388715 0.342187 0.389583 0.345313 0.402083 0.356250 0.406250 0.371875 0.412500 0.381250 0.404167 0.381250 0.389583 0.381250 0.379167 0.375000 0.377083 0.370312 0.372917 0.365625 0.372917 0.356250 0.377083 0.351562 0.381250
3 0.509495 0.499679 0.500000 0.558333 0.500000 0.504167 0.460938 0.495833 0.462500 0.475000 0.503125 0.479167 0.507812 0.431250 0.521875 0.435417 0.518750 0.487500 0.557813 0.495833 0.554688 0.514583 0.517188 0.504167 0.512500 0.554167 0.506250 0.560417
4 0.676107 0.557118 0.648438 0.545833 0.650000 0.533333 0.634375 0.531250 0.643750 0.495833 0.664062 0.500000 0.665625 0.520833 0.715625 0.531250 0.723437 0.514583 0.745313 0.531250 0.737500 0.566667 0.731250 0.587500 0.723437 0.608333 0.717187 0.612500 0.715625 0.602083 0.707812 0.587500 0.679688 0.579167 0.660937 0.581250 0.653125 0.564583 0.639062 0.558333 0.632812 0.568750 0.623437 0.589583 0.628125 0.566667 0.637500 0.547917 0.648438 0.545833
6 0.897266 0.506250 0.885938 0.556250 0.909375 0.556250 0.907813 0.460417 0.885938 0.452083
6 0.082812 0.503646 0.093750 0.552083 0.073438 0.560417 0.071875 0.447917 0.092188 0.454167
7 0.899023 0.510156 0.896875 0.897917 0.876563 0.129167 0.873437 0.087500 0.898438 0.075000 0.907813 0.314583 0.917188 0.695833 0.917188 0.943750 0.904687 0.937500
7 0.414531 0.114167 0.103125 0.122917 0.429688 0.127083 0.712500 0.127083 0.903125 0.135417 0.921875 0.104167 0.620313 0.095833 0.262500 0.097917 0.059375 0.093750 0.060937 0.114583 0.071875 0.122917
7 0.079219 0.487292 0.106250 0.089583 0.084375 0.895833 0.084375 0.935417 0.057813 0.952083 0.064062 0.760417 0.065625 0.558333 0.070312 0.362500 0.075000 0.164583 0.078125 0.070833 0.106250 0.083333
7 0.475312 0.909583 0.056250 0.902083 0.409375 0.900000 0.676562 0.895833 0.901563 0.908333 0.917188 0.900000 0.934375 0.916667 0.518750 0.922917 0.246875 0.922917 0.040625 0.925000 0.051562 0.902083
