0 0.817788 0.095192 0.806250 0.091667 0.806250 0.100000 0.809375 0.110417 0.815625 0.112500 0.823438 0.110417 0.825000 0.106250 0.829688 0.097917 0.831250 0.087500 0.825000 0.085417 0.821875 0.081250 0.815625 0.081250 0.814063 0.085417 0.807813 0.087500
1 0.911250 0.402500 0.917188 0.389583 0.898438 0.387500 0.898438 0.420833 0.920312 0.418750 0.921875 0.395833
1 0.745313 0.040625 0.735938 0.054167 0.754687 0.054167 0.756250 0.027083 0.734375 0.027083
1 0.835938 0.574583 0.834375 0.562500 0.821875 0.570833 0.834375 0.595833 0.851562 0.581250 0.837500 0.562500
2 0.478571 0.109226 0.462500 0.091667 0.459375 0.112500 0.470313 0.135417 0.498437 0.137500 0.506250 0.108333 0.490625 0.091667 0.462500 0.087500
3 0.591587 0.528045 0.545312 0.550000 0.550000 0.562500 0.593750 0.547917 0.604688 0.583333 0.623437 0.579167 0.603125 0.533333 0.646875 0.510417 0.639062 0.489583 0.598437 0.508333 0.582812 0.466667 0.570312 0.470833 0.585938 0.516667 0.546875 0.545833
4 0.502344 0.421354 0.518750 0.456250 0.554688 0.456250 0.556250 0.406250 0.523438 0.400000 0.525000 0.362500 0.506250 0.360417 0.509375 0.345833 0.471875 0.347917 0.467187 0.375000 0.484375 0.387500 0.473438 0.462500 0.462500 0.462500 0.467187 0.489583 0.495312 0.489583 0.500000 0.475000 0.521875 0.464583
5 0.919063 0.469583 0.914062 0.445833 0.928125 0.447917 0.931250 0.500000 0.910937 0.504167 0.910937 0.450000
6 0.106875 0.452083 0.117188 0.410417 0.096875 0.410417 0.092188 0.510417 0.112500 0.516667 0.115625 0.412500
7 0.574880 0.280449 0.098437 0.404167 0.120313 0.408333 0.118750 0.083333 0.481250 0.085417 0.907813 0.095833 0.912500 0.377083 0.923438 0.381250 0.925000 0.412500 0.912500 0.427083 0.940625 0.437500 0.926562 0.077083 0.106250 0.062500 0.100000 0.393750
7 0.466493 0.673380 0.096875 0.514583 0.110937 0.522917 0.109375 0.854167 0.914062 0.866667 0.909375 0.518750 0.932813 0.514583 0.935937 0.875000 0.090625 0.875000 0.098437 0.518750
