0 0.373125 0.518333 0.368750 0.506250 0.362500 0.518750 0.371875 0.535417 0.384375 0.525000 0.378125 0.506250
1 0.356250 0.529167 0.359375 0.510417 0.348438 0.518750 0.346875 0.537500 0.360938 0.547917 0.365625 0.531250
1 0.344687 0.489583 0.348438 0.504167 0.337500 0.500000 0.337500 0.481250 0.346875 0.475000 0.353125 0.487500
1 0.377188 0.444167 0.375000 0.460417 0.387500 0.450000 0.384375 0.431250 0.371875 0.431250 0.367188 0.447917
1 0.398750 0.499167 0.392188 0.516667 0.410938 0.510417 0.406250 0.487500 0.396875 0.481250 0.387500 0.500000
1 0.666875 0.387083 0.659375 0.400000 0.675000 0.397917 0.675000 0.381250 0.667188 0.375000 0.657813 0.381250
3 0.513021 0.514757 0.493750 0.575000 0.518750 0.581250 0.523438 0.531250 0.559375 0.531250 0.562500 0.510417 0.526563 0.504167 0.528125 0.450000 0.509375 0.447917 0.503125 0.497917 0.465625 0.493750 0.465625 0.525000 0.500000 0.529167
4 0.675411 0.351535 0.650000 0.425000 0.668750 0.429167 0.689063 0.406250 0.693750 0.381250 0.714063 0.379167 0.731250 0.368750 0.735938 0.331250 0.728125 0.318750 0.714063 0.316667 0.700000 0.318750 0.684375 0.312500 0.665625 0.304167 0.653125 0.291667 0.634375 0.293750 0.621875 0.325000 0.628125 0.337500 0.637500 0.354167 0.640625 0.379167 0.642188 0.406250
2 0.369531 0.483333 0.359375 0.456250 0.368750 0.456250 0.381250 0.462500 0.384375 0.487500 0.381250 0.506250 0.371875 0.510417 0.359375 0.506250 0.350000 0.481250
5 0.890234 0.458854 0.885938 0.437500 0.893750 0.435417 0.893750 0.481250 0.887500 0.481250
6 0.126953 0.477604 0.131250 0.431250 0.131250 0.525000 0.121875 0.525000 0.123438 0.429167
7 0.508203 0.472917 0.131250 0.112500 0.881250 0.100000 0.892188 0.831250 0.128125 0.847917
