0 0.949740 0.454861 0.943750 0.460417 0.950000 0.466667 0.954688 0.466667 0.956250 0.450000 0.950000 0.443750 0.943750 0.441667
1 0.950937 0.485417 0.956250 0.497917 0.956250 0.475000 0.948438 0.475000 0.943750 0.485417 0.950000 0.493750
1 0.947396 0.748958 0.934375 0.743750 0.940625 0.756250 0.946875 0.762500 0.956250 0.756250 0.956250 0.743750 0.950000 0.731250
1 0.838616 0.078571 0.834375 0.093750 0.840625 0.091667 0.846875 0.081250 0.846875 0.072917 0.840625 0.066667 0.831250 0.068750 0.829688 0.075000
1 0.761458 0.651389 0.751563 0.643750 0.753125 0.656250 0.760938 0.662500 0.768750 0.656250 0.771875 0.647917 0.762500 0.641667
1 0.772222 0.914120 0.765625 0.925000 0.773438 0.929167 0.781250 0.925000 0.784375 0.918750 0.778125 0.910417 0.775000 0.900000 0.767188 0.900000 0.762500 0.906250 0.762500 0.912500
1 0.368164 0.910156 0.364063 0.925000 0.376563 0.918750 0.378125 0.912500 0.376563 0.900000 0.368750 0.897917 0.365625 0.904167 0.359375 0.906250 0.356250 0.916667
1 0.221289 0.740885 0.209375 0.747917 0.212500 0.750000 0.221875 0.750000 0.228125 0.750000 0.234375 0.737500 0.228125 0.731250 0.223438 0.729167 0.212500 0.731250
1 0.055804 0.077381 0.059375 0.087500 0.065625 0.085417 0.062500 0.072917 0.056250 0.066667 0.048438 0.068750 0.043750 0.075000 0.054688 0.085417
2 0.058817 0.927976 0.040625 0.954167 0.050000 0.950000 0.068750 0.950000 0.081250 0.943750 0.085938 0.935417 0.089063 0.922917 0.081250 0.916667 0.071875 0.910417 0.062500 0.906250 0.050000 0.904167 0.042188 0.910417 0.034375 0.918750 0.032813 0.931250 0.032813 0.937500
3 0.910547 0.885417 0.871875 0.937500 0.907813 0.906250 0.934375 0.954167 0.948438 0.943750 0.925000 0.887500 0.960938 0.847917 0.950000 0.835417 0.921875 0.868750 0.885938 0.816667 0.867188 0.829167 0.896875 0.885417 0.856250 0.912500
4 0.709673 0.259226 0.682813 0.329167 0.696875 0.335417 0.712500 0.325000 0.720313 0.300000 0.745313 0.275000 0.765625 0.293750 0.787500 0.250000 0.767188 0.235417 0.753125 0.229167 0.725000 0.200000 0.721875 0.212500 0.709375 0.200000 0.703125 0.187500 0.689063 0.179167 0.665625 0.218750 0.681250 0.231250 0.681250 0.254167 0.682813 0.272917 0.675000 0.285417 0.668750 0.306250 0.668750 0.322917
6 0.028125 0.491667 0.032813 0.550000 0.021875 0.550000 0.023438 0.433333 0.034375 0.433333
7 0.491016 0.505729 0.048438 0.058333 0.932813 0.070833 0.956250 0.950000 0.026562 0.943750
