0 0.134115 0.140625 0.125000 0.141667 0.134375 0.156250 0.145313 0.147917 0.143750 0.131250 0.131250 0.131250 0.125000 0.135417
1 0.308594 0.579514 0.309375 0.597917 0.318750 0.587500 0.318750 0.572917 0.306250 0.562500 0.300000 0.568750 0.298438 0.587500
1 0.325313 0.563333 0.317188 0.572917 0.329688 0.575000 0.335938 0.562500 0.328125 0.550000 0.315625 0.556250
1 0.338542 0.549306 0.334375 0.560417 0.345313 0.562500 0.348438 0.550000 0.343750 0.535417 0.331250 0.537500 0.328125 0.550000
1 0.369531 0.497569 0.367188 0.510417 0.379688 0.506250 0.381250 0.491667 0.368750 0.481250 0.360938 0.491667 0.359375 0.504167
1 0.379427 0.475347 0.376563 0.487500 0.390625 0.487500 0.390625 0.466667 0.381250 0.462500 0.368750 0.468750 0.368750 0.479167
2 0.358594 0.535677 0.348438 0.560417 0.359375 0.566667 0.371875 0.556250 0.379688 0.525000 0.375000 0.510417 0.350000 0.504167 0.340625 0.518750 0.343750 0.543750
3 0.607943 0.376042 0.564063 0.406250 0.575000 0.425000 0.604688 0.397917 0.628125 0.435417 0.646875 0.418750 0.621875 0.379167 0.653125 0.347917 0.640625 0.325000 0.610938 0.354167 0.587500 0.318750 0.571875 0.331250 0.590625 0.372917
4 0.255312 0.156500 0.200000 0.116667 0.207813 0.100000 0.218750 0.093750 0.242188 0.085417 0.254688 0.110417 0.265625 0.118750 0.281250 0.104167 0.293750 0.104167 0.306250 0.118750 0.314063 0.143750 0.309375 0.168750 0.287500 0.175000 0.281250 0.181250 0.278125 0.197917 0.278125 0.212500 0.275000 0.225000 0.259375 0.231250 0.246875 0.229167 0.239063 0.216667 0.239063 0.193750 0.239063 0.187500 0.228125 0.166667 0.223438 0.156250 0.212500 0.143750 0.201563 0.131250
5 0.890625 0.460417 0.885938 0.439583 0.895312 0.437500 0.895312 0.481250 0.885938 0.483333
6 0.124609 0.470833 0.128125 0.518750 0.128125 0.422917 0.121875 0.422917 0.120313 0.518750
7 0.507031 0.470313 0.129688 0.108333 0.876563 0.100000 0.892188 0.831250 0.129688 0.841667
