0 0.061523 0.052604 0.068750 0.041667 0.073438 0.050000 0.071875 0.062500 0.065625 0.068750 0.056250 0.062500 0.050000 0.056250 0.050000 0.043750 0.056250 0.035417
1 0.057422 0.213802 0.053125 0.197917 0.046875 0.204167 0.046875 0.212500 0.053125 0.229167 0.059375 0.229167 0.065625 0.225000 0.068750 0.212500 0.065625 0.200000
1 0.071181 0.342824 0.073438 0.329167 0.065625 0.329167 0.059375 0.335417 0.059375 0.343750 0.062500 0.356250 0.071875 0.360417 0.081250 0.356250 0.085938 0.343750 0.081250 0.331250
1 0.390234 0.350521 0.381250 0.343750 0.379688 0.356250 0.384375 0.362500 0.393750 0.366667 0.400000 0.356250 0.400000 0.343750 0.395313 0.337500 0.387500 0.337500
1 0.410243 0.337500 0.403125 0.325000 0.400000 0.335417 0.403125 0.341667 0.403125 0.350000 0.410938 0.350000 0.418750 0.350000 0.421875 0.337500 0.418750 0.325000 0.412500 0.322917
1 0.153646 0.557639 0.146875 0.543750 0.140625 0.556250 0.146875 0.572917 0.159375 0.572917 0.165625 0.556250 0.162500 0.543750
1 0.431696 0.753869 0.431250 0.737500 0.421875 0.743750 0.418750 0.760417 0.426563 0.768750 0.437500 0.768750 0.443750 0.756250 0.442188 0.741667
1 0.888839 0.905655 0.887500 0.887500 0.881250 0.893750 0.878125 0.906250 0.881250 0.918750 0.893750 0.922917 0.901563 0.912500 0.898438 0.897917
1 0.947545 0.850000 0.937500 0.850000 0.940625 0.862500 0.950000 0.862500 0.959375 0.856250 0.956250 0.843750 0.948438 0.837500 0.940625 0.837500
2 0.930114 0.496212 0.954688 0.475000 0.956250 0.487500 0.950000 0.506250 0.939063 0.518750 0.928125 0.525000 0.918750 0.529167 0.907813 0.518750 0.903125 0.497917 0.912500 0.475000 0.923438 0.462500 0.937500 0.462500
3 0.894727 0.112370 0.881250 0.129167 0.881250 0.187500 0.893750 0.191667 0.906250 0.179167 0.909375 0.131250 0.946875 0.135417 0.953125 0.118750 0.950000 0.100000 0.909375 0.093750 0.907813 0.037500 0.890625 0.037500 0.884375 0.043750 0.881250 0.093750 0.845313 0.093750 0.837500 0.100000 0.837500 0.125000
4 0.394922 0.295015 0.356250 0.250000 0.353125 0.241667 0.337500 0.237500 0.335938 0.262500 0.337500 0.287500 0.346875 0.297917 0.359375 0.300000 0.368750 0.306250 0.368750 0.316667 0.371875 0.337500 0.368750 0.356250 0.375000 0.368750 0.390625 0.375000 0.418750 0.375000 0.428125 0.360417 0.431250 0.343750 0.429688 0.329167 0.425000 0.318750 0.426563 0.300000 0.421875 0.291667 0.437500 0.287500 0.457813 0.285417 0.454688 0.231250 0.434375 0.231250 0.434375 0.243750 0.415625 0.243750 0.403125 0.237500 0.368750 0.243750
5 0.955469 0.477083 0.946875 0.447917 0.962500 0.447917 0.962500 0.506250 0.950000 0.506250
6 0.031250 0.459896 0.040625 0.402083 0.026562 0.400000 0.021875 0.518750 0.035937 0.518750
7 0.494531 0.480729 0.059375 0.029167 0.943750 0.052083 0.953125 0.931250 0.021875 0.910417
