1 0.138281 0.087500 0.020313 0.028125
1 0.215625 0.269531 0.028125 0.029687
1 0.330469 0.113281 0.026562 0.032813
1 0.073438 0.417187 0.028125 0.031250
1 0.060937 0.493750 0.028125 0.028125
1 0.477344 0.474219 0.023438 0.032813
1 0.887500 0.541406 0.028125 0.032813
1 0.681250 0.926562 0.031250 0.034375
2 0.949219 0.570312 0.045312 0.075000
3 0.453125 0.518750 0.118750 0.153125
4 0.478125 0.740625 -0.125000 0.146875
5 0.977344 0.563281 0.042188 0.092188
6 0.059375 0.457031 0.053125 0.132812
7 0.541406 0.078125 0.926562 0.134375
7 0.057813 0.469531 -0.156250 0.904687
7 0.976562 0.548438 0.050000 0.959375
7 0.360938 0.940625 0.721875 0.165625
