0 0.851953 0.818490 0.845313 0.806250 0.853125 0.806250 0.859375 0.810417 0.862500 0.818750 0.859375 0.831250 0.850000 0.831250 0.845313 0.825000 0.840625 0.818750
1 0.675893 0.616964 0.668750 0.610417 0.668750 0.618750 0.671875 0.625000 0.678125 0.629167 0.682813 0.618750 0.682813 0.612500 0.678125 0.604167
1 0.761161 0.478571 0.753125 0.475000 0.753125 0.485417 0.762500 0.487500 0.767188 0.485417 0.767188 0.479167 0.765625 0.468750 0.759375 0.468750
1 0.799107 0.487500 0.793750 0.485417 0.792188 0.493750 0.796875 0.497917 0.803125 0.493750 0.804688 0.487500 0.803125 0.479167 0.800000 0.475000
1 0.516406 0.498698 0.512500 0.510417 0.521875 0.510417 0.526563 0.506250 0.526563 0.493750 0.521875 0.487500 0.512500 0.485417 0.506250 0.491667 0.503125 0.504167
1 0.452148 0.653385 0.456250 0.641667 0.450000 0.641667 0.443750 0.647917 0.443750 0.656250 0.446875 0.662500 0.454688 0.666667 0.460938 0.660417 0.460938 0.650000
1 0.398214 0.686310 0.392188 0.675000 0.387500 0.685417 0.392188 0.693750 0.400000 0.697917 0.403125 0.691667 0.409375 0.685417 0.403125 0.675000
1 0.146429 0.762202 0.150000 0.750000 0.140625 0.750000 0.139063 0.756250 0.139063 0.766667 0.143750 0.772917 0.153125 0.772917 0.159375 0.766667
2 0.500260 0.265278 0.487500 0.287500 0.493750 0.293750 0.506250 0.287500 0.515625 0.275000 0.518750 0.262500 0.517188 0.250000 0.510938 0.243750 0.501563 0.237500 0.492188 0.243750 0.487500 0.254167 0.485938 0.266667 0.485938 0.281250
3 0.476823 0.301910 0.470313 0.241667 0.485938 0.241667 0.484375 0.291667 0.523438 0.293750 0.521875 0.312500 0.484375 0.316667 0.485938 0.362500 0.468750 0.362500 0.465625 0.312500 0.431250 0.312500 0.431250 0.287500 0.468750 0.287500
4 0.435065 0.639293 0.423438 0.575000 0.418750 0.562500 0.429688 0.550000 0.456250 0.575000 0.450000 0.587500 0.453125 0.600000 0.450000 0.612500 0.453125 0.622917 0.465625 0.631250 0.473438 0.650000 0.465625 0.662500 0.462500 0.662500 0.462500 0.654167 0.462500 0.643750 0.459375 0.637500 0.453125 0.635417 0.446875 0.635417 0.442188 0.637500 0.442188 0.641667 0.440625 0.643750 0.439063 0.650000 0.439063 0.656250 0.439063 0.662500 0.450000 0.666667 0.456250 0.668750 0.460938 0.666667 0.459375 0.675000 0.446875 0.675000 0.434375 0.668750 0.429688 0.662500 0.425000 0.662500 0.418750 0.672917 0.412500 0.675000 0.409375 0.675000 0.403125 0.672917 0.396875 0.668750 0.390625 0.668750 0.371875 0.650000 0.384375 0.631250 0.392188 0.635417 0.393750 0.629167 0.418750 0.587500 0.425000 0.587500
