0 0.200000 0.239323 0.193750 0.218750 0.185938 0.229167 0.184375 0.247917 0.193750 0.254167 0.207813 0.254167 0.212500 0.250000 0.215625 0.235417 0.206250 0.225000
1 0.217969 0.230990 0.217188 0.206250 0.207813 0.218750 0.203125 0.231250 0.206250 0.243750 0.218750 0.254167 0.228125 0.250000 0.234375 0.231250 0.228125 0.212500
1 0.210938 0.364583 0.209375 0.343750 0.200000 0.350000 0.193750 0.368750 0.196875 0.381250 0.215625 0.385417 0.225000 0.379167 0.228125 0.360417 0.218750 0.347917
1 0.570312 0.250781 0.568750 0.231250 0.556250 0.237500 0.554688 0.254167 0.562500 0.272917 0.575000 0.272917 0.581250 0.262500 0.585938 0.243750 0.578125 0.231250
1 0.780859 0.596615 0.778125 0.575000 0.767188 0.587500 0.765625 0.600000 0.776563 0.618750 0.787500 0.616667 0.793750 0.606250 0.793750 0.587500 0.784375 0.581250
1 0.737674 0.731250 0.737500 0.710417 0.725000 0.716667 0.720313 0.729167 0.725000 0.747917 0.737500 0.754167 0.746875 0.747917 0.753125 0.735417 0.750000 0.722917 0.743750 0.716667
1 0.064931 0.773148 0.065625 0.754167 0.054688 0.756250 0.050000 0.768750 0.050000 0.781250 0.059375 0.791667 0.068750 0.797917 0.081250 0.785417 0.081250 0.766667 0.073438 0.756250
1 0.148438 0.735185 0.145313 0.712500 0.131250 0.718750 0.125000 0.743750 0.139063 0.756250 0.148438 0.760417 0.160938 0.750000 0.165625 0.737500 0.165625 0.725000 0.154688 0.712500
1 0.166406 0.526823 0.160938 0.510417 0.150000 0.518750 0.150000 0.537500 0.162500 0.550000 0.178125 0.543750 0.181250 0.531250 0.179688 0.516667 0.168750 0.506250
2 0.297585 0.622348 0.296875 0.587500 0.284375 0.593750 0.275000 0.612500 0.275000 0.631250 0.278125 0.650000 0.290625 0.662500 0.309375 0.656250 0.317188 0.641667 0.321875 0.618750 0.318750 0.600000 0.306250 0.591667
3 0.438411 0.505729 0.434375 0.441667 0.426563 0.481250 0.396875 0.472917 0.387500 0.510417 0.418750 0.518750 0.412500 0.562500 0.440625 0.575000 0.450000 0.525000 0.484375 0.537500 0.492188 0.504167 0.454688 0.491667 0.462500 0.447917
4 0.362311 0.396023 0.360938 0.312500 0.345313 0.335417 0.353125 0.343750 0.345313 0.347917 0.321875 0.375000 0.318750 0.391667 0.312500 0.381250 0.298438 0.406250 0.328125 0.441667 0.340625 0.425000 0.345313 0.425000 0.340625 0.437500 0.345313 0.456250 0.356250 0.462500 0.367188 0.460417 0.362500 0.447917 0.353125 0.443750 0.353125 0.435417 0.360938 0.429167 0.367188 0.422917 0.371875 0.412500 0.375000 0.406250 0.381250 0.400000 0.387500 0.393750 0.390625 0.381250 0.384375 0.375000 0.392188 0.372917 0.400000 0.375000 0.409375 0.375000 0.407813 0.360417 0.398438 0.350000 0.387500 0.350000 0.393750 0.335417
5 0.793359 0.478125 0.787500 0.450000 0.800000 0.450000 0.798438 0.506250 0.787500 0.506250
6 0.085547 0.438021 0.096875 0.391667 0.081250 0.385417 0.071875 0.487500 0.092188 0.487500
7 0.442188 0.470313 0.121875 0.118750 0.059375 0.785417 0.784375 0.835417 0.803125 0.141667
