0 0.216406 0.703906 0.023438 0.026562
1 0.196094 0.740625 0.023438 0.021875
1 0.385156 0.621875 0.017188 0.025000
1 0.707812 0.355469 0.021875 0.026562
1 0.500781 0.142969 0.023438 0.026562
1 0.776563 0.175781 0.018750 0.023438
1 0.769531 0.100781 0.023438 0.026562
1 0.788281 0.102344 0.020313 0.026562
1 0.318750 0.197656 0.018750 0.023438
2 0.631250 0.500000 0.034375 0.056250
3 0.503906 0.358594 0.098437 0.117188
4 0.315625 0.240625 0.112500 0.115625
5 0.806250 0.385937 0.031250 0.062500
6 0.117969 0.421094 0.039062 0.095312
7 0.107031 0.429688 0.048438 0.737500
7 0.473438 0.759375 -0.775000 0.081250
7 0.460938 0.060156 -0.750000 0.101562
7 0.817187 0.392188 0.081250 0.756250
