0 0.369531 0.661979 0.360938 0.656250 0.368750 0.675000 0.379688 0.662500 0.368750 0.654167
1 0.064453 0.769792 0.053125 0.768750 0.062500 0.781250 0.076563 0.768750 0.065625 0.760417
1 0.108203 0.713021 0.096875 0.710417 0.109375 0.725000 0.117188 0.712500 0.109375 0.704167
1 0.148438 0.722917 0.140625 0.712500 0.143750 0.735417 0.156250 0.731250 0.153125 0.712500
1 0.735156 0.729688 0.725000 0.725000 0.731250 0.743750 0.746875 0.731250 0.737500 0.718750
1 0.751953 0.638021 0.743750 0.635417 0.751563 0.650000 0.760938 0.641667 0.751563 0.625000
1 0.153906 0.331250 0.145313 0.322917 0.145313 0.341667 0.162500 0.337500 0.162500 0.322917
1 0.528516 0.236458 0.518750 0.235417 0.526563 0.250000 0.537500 0.235417 0.531250 0.225000
2 0.726562 0.193155 0.731250 0.168750 0.715625 0.179167 0.710938 0.193750 0.715625 0.218750 0.731250 0.212500 0.740625 0.200000 0.740625 0.179167
3 0.446615 0.414583 0.443750 0.356250 0.437500 0.400000 0.409375 0.393750 0.403125 0.412500 0.434375 0.425000 0.426563 0.466667 0.446875 0.475000 0.454688 0.429167 0.487500 0.437500 0.492188 0.418750 0.457813 0.404167 0.465625 0.356250
1 0.210547 0.361979 0.203125 0.356250 0.209375 0.375000 0.218750 0.362500 0.210938 0.354167
4 0.263542 0.429365 0.239063 0.362500 0.234375 0.387500 0.243750 0.387500 0.240625 0.400000 0.234375 0.406250 0.232813 0.441667 0.240625 0.447917 0.239063 0.462500 0.228125 0.462500 0.225000 0.481250 0.270313 0.493750 0.270313 0.462500 0.282813 0.462500 0.282813 0.454167 0.300000 0.460417 0.314063 0.447917 0.318750 0.425000 0.304688 0.400000 0.285938 0.404167 0.273438 0.397917 0.273438 0.368750
5 0.793359 0.475000 0.792188 0.450000 0.798438 0.450000 0.798438 0.500000 0.784375 0.500000
6 0.084766 0.438021 0.093750 0.397917 0.081250 0.391667 0.076563 0.481250 0.087500 0.481250
7 0.439453 0.468229 0.120313 0.112500 0.050000 0.787500 0.781250 0.837500 0.806250 0.135417
