0 0.135000 0.138333 0.134375 0.125000 0.125000 0.131250 0.129688 0.147917 0.140625 0.150000 0.145313 0.137500
1 0.128438 0.185833 0.128125 0.172917 0.118750 0.181250 0.121875 0.193750 0.134375 0.200000 0.139063 0.181250
1 0.154375 0.184167 0.153125 0.172917 0.145313 0.181250 0.150000 0.193750 0.160938 0.193750 0.162500 0.179167
1 0.212500 0.364583 0.210938 0.350000 0.203125 0.362500 0.207813 0.379167 0.218750 0.375000 0.221875 0.356250
4 0.361830 0.398289 0.356250 0.312500 0.350000 0.331250 0.350000 0.341667 0.318750 0.387500 0.312500 0.385417 0.300000 0.406250 0.332813 0.437500 0.340625 0.425000 0.343750 0.435417 0.343750 0.450000 0.350000 0.460417 0.356250 0.462500 0.364063 0.456250 0.356250 0.447917 0.353125 0.437500 0.356250 0.429167 0.368750 0.425000 0.368750 0.406250 0.379688 0.410417 0.384375 0.393750 0.381250 0.381250 0.387500 0.372917 0.393750 0.368750 0.400000 0.375000 0.406250 0.368750 0.395313 0.354167 0.387500 0.354167 0.393750 0.335417
3 0.437760 0.504340 0.434375 0.443750 0.428125 0.485417 0.398438 0.475000 0.387500 0.504167 0.423438 0.510417 0.412500 0.560417 0.442188 0.568750 0.446875 0.525000 0.478125 0.537500 0.487500 0.504167 0.453125 0.493750 0.460938 0.443750
2 0.297098 0.621726 0.298438 0.587500 0.282813 0.604167 0.278125 0.631250 0.290625 0.650000 0.304688 0.650000 0.315625 0.629167 0.309375 0.600000
1 0.507031 0.233333 0.506250 0.218750 0.500000 0.235417 0.506250 0.247917 0.515625 0.231250
1 0.735313 0.719583 0.737500 0.700000 0.729688 0.710417 0.725000 0.725000 0.737500 0.737500 0.746875 0.725000
1 0.213438 0.750417 0.210938 0.737500 0.201563 0.754167 0.210938 0.768750 0.225000 0.754167 0.218750 0.737500
1 0.107813 0.760938 0.107813 0.743750 0.100000 0.762500 0.106250 0.775000 0.117188 0.762500
1 0.778516 0.609375 0.778125 0.593750 0.767188 0.610417 0.778125 0.622917 0.790625 0.610417
5 0.792188 0.475000 0.806250 0.433333 0.778125 0.431250 0.779687 0.516667 0.804688 0.518750
6 0.078125 0.434375 0.070312 0.370833 0.096875 0.379167 0.087500 0.500000 0.057813 0.487500
7 0.075391 0.443229 0.089063 0.066667 0.018750 0.822917 0.068750 0.825000 0.125000 0.058333
7 0.420312 0.825521 0.007812 0.781250 0.826562 0.833333 0.823438 0.877083 0.023438 0.810417
7 0.804688 0.490104 0.803125 0.091667 0.771875 0.881250 0.807813 0.897917 0.835938 0.089583
7 0.462109 0.104167 0.845313 0.087500 0.845313 0.145833 0.078125 0.112500 0.079687 0.070833
