3 0.447005 0.416319 0.443750 0.356250 0.439063 0.400000 0.407813 0.391667 0.403125 0.418750 0.431250 0.429167 0.429688 0.466667 0.446875 0.475000 0.453125 0.431250 0.489063 0.443750 0.493750 0.418750 0.457813 0.404167 0.468750 0.360417
4 0.266984 0.429620 0.239063 0.368750 0.239063 0.387500 0.243750 0.387500 0.242188 0.404167 0.234375 0.406250 0.232813 0.437500 0.239063 0.443750 0.239063 0.460417 0.228125 0.462500 0.228125 0.487500 0.270313 0.493750 0.271875 0.472917 0.282813 0.462500 0.285938 0.456250 0.303125 0.456250 0.315625 0.447917 0.317188 0.435417 0.314063 0.416667 0.303125 0.406250 0.285938 0.412500 0.278125 0.406250 0.271875 0.400000 0.275000 0.368750
5 0.792188 0.475000 0.787500 0.450000 0.800000 0.450000 0.796875 0.500000 0.784375 0.500000
6 0.083594 0.439063 0.096875 0.393750 0.078125 0.391667 0.071875 0.485417 0.087500 0.485417
0 0.427734 0.698698 0.428125 0.679167 0.417187 0.685417 0.412500 0.700000 0.417187 0.714583 0.428125 0.720833 0.437500 0.710417 0.443750 0.695833 0.437500 0.683333
1 0.212695 0.365365 0.212500 0.345833 0.201563 0.354167 0.196875 0.368750 0.203125 0.381250 0.215625 0.381250 0.223438 0.377083 0.228125 0.364583 0.220312 0.350000
1 0.174219 0.425260 0.171875 0.408333 0.160938 0.414583 0.157812 0.431250 0.167187 0.443750 0.179688 0.443750 0.187500 0.433333 0.187500 0.416667 0.181250 0.410417
1 0.111133 0.713542 0.110937 0.691667 0.098437 0.700000 0.092188 0.718750 0.098437 0.731250 0.115625 0.733333 0.125000 0.725000 0.128125 0.710417 0.120313 0.697917
1 0.151042 0.721759 0.150000 0.700000 0.137500 0.704167 0.131250 0.716667 0.135937 0.737500 0.148438 0.747917 0.159375 0.741667 0.167187 0.729167 0.168750 0.714583 0.160938 0.704167
1 0.066493 0.775463 0.067187 0.756250 0.053125 0.760417 0.050000 0.775000 0.053125 0.789583 0.062500 0.793750 0.075000 0.793750 0.081250 0.783333 0.081250 0.766667 0.075000 0.760417
1 0.751758 0.635938 0.751563 0.614583 0.737500 0.620833 0.735938 0.639583 0.742188 0.654167 0.754687 0.656250 0.762500 0.650000 0.768750 0.633333 0.760938 0.618750
1 0.737054 0.730655 0.732812 0.708333 0.720313 0.722917 0.721875 0.741667 0.737500 0.752083 0.748437 0.745833 0.753125 0.731250 0.745313 0.712500
1 0.532366 0.237798 0.531250 0.218750 0.518750 0.227083 0.515625 0.243750 0.526563 0.256250 0.540625 0.254167 0.550000 0.241667 0.543750 0.222917
2 0.725260 0.198437 0.729688 0.162500 0.714063 0.168750 0.706250 0.183333 0.701562 0.200000 0.701562 0.216667 0.709375 0.227083 0.725000 0.235417 0.735938 0.227083 0.743750 0.214583 0.750000 0.197917 0.746875 0.181250 0.739062 0.166667
7 0.441016 0.471354 0.117188 0.118750 0.056250 0.789583 0.785937 0.839583 0.804688 0.137500
