1 0.167813 0.378750 0.165625 0.366667 0.159375 0.372917 0.160938 0.385417 0.171875 0.387500 0.181250 0.381250
1 0.158073 0.436458 0.160938 0.425000 0.148438 0.429167 0.148438 0.443750 0.156250 0.447917 0.165625 0.443750 0.168750 0.429167
1 0.236563 0.622917 0.242188 0.610417 0.231250 0.612500 0.228125 0.625000 0.234375 0.635417 0.246875 0.631250
1 0.242188 0.772569 0.242188 0.760417 0.232813 0.766667 0.232813 0.781250 0.243750 0.785417 0.250000 0.775000 0.251563 0.766667
1 0.128125 0.836667 0.131250 0.822917 0.120313 0.825000 0.121875 0.847917 0.128125 0.850000 0.139063 0.837500
1 0.425781 0.442361 0.429688 0.431250 0.421875 0.431250 0.415625 0.443750 0.421875 0.456250 0.431250 0.450000 0.434375 0.441667
1 0.847813 0.667917 0.853125 0.660417 0.843750 0.656250 0.839063 0.668750 0.846875 0.679167 0.856250 0.675000
1 0.310937 0.137500 0.306250 0.125000 0.303125 0.129167 0.304688 0.143750 0.314063 0.150000 0.318750 0.147917 0.318750 0.129167
2 0.300000 0.211458 0.293750 0.185417 0.285938 0.191667 0.282813 0.206250 0.290625 0.229167 0.304688 0.243750 0.315625 0.237500 0.317188 0.206250 0.309375 0.191667
3 0.492548 0.471795 0.478125 0.422917 0.485938 0.462500 0.450000 0.472917 0.450000 0.491667 0.484375 0.491667 0.492188 0.537500 0.506250 0.537500 0.503125 0.485417 0.537500 0.479167 0.534375 0.460417 0.503125 0.462500 0.496875 0.412500 0.481250 0.416667
4 0.727679 0.509226 0.715625 0.441667 0.721875 0.493750 0.714063 0.537500 0.714063 0.556250 0.734375 0.560417 0.746875 0.531250 0.746875 0.443750
5 0.852734 0.471875 0.848437 0.447917 0.856250 0.445833 0.857812 0.495833 0.848437 0.497917
6 0.107813 0.481771 0.112500 0.435417 0.110937 0.529167 0.103125 0.529167 0.104688 0.433333
7 0.480859 0.486458 0.118750 0.131250 0.106250 0.852083 0.857812 0.837500 0.840625 0.125000
