0 0.266406 0.582031 0.023438 0.026562
1 0.210938 0.689844 0.018750 0.026562
1 0.385937 0.621094 0.021875 0.026562
1 0.500781 0.143750 0.020313 0.018750
1 0.673438 0.455469 0.025000 0.026562
1 0.708594 0.353125 0.023438 0.031250
1 0.725781 0.298438 0.023438 0.028125
1 0.746875 0.289062 0.021875 0.028125
1 0.777344 0.134375 0.020313 0.028125
2 0.589844 0.454688 0.042188 0.043750
3 0.505469 0.357031 0.101562 0.114062
4 0.307812 0.440625 0.084375 -0.121875
5 0.800000 0.387500 0.025000 0.059375
6 0.110156 0.386719 0.039062 0.104688
7 0.098437 0.394531 0.062500 -0.735938
7 0.460156 0.046094 -0.751563 0.057813
7 0.459375 0.745313 -0.778125 -0.056250
7 0.806250 0.400000 0.034375 0.756250
