0 0.365625 0.145486 0.360938 0.135417 0.356250 0.143750 0.360938 0.160417 0.371875 0.156250 0.375000 0.141667 0.368750 0.135417
1 0.160938 0.266667 0.154688 0.254167 0.150000 0.268750 0.156250 0.281250 0.168750 0.279167 0.170313 0.262500 0.165625 0.254167
1 0.619062 0.222500 0.612500 0.210417 0.610938 0.225000 0.618750 0.235417 0.626563 0.229167 0.626563 0.212500
1 0.624219 0.131597 0.621875 0.118750 0.615625 0.125000 0.617188 0.137500 0.625000 0.147917 0.634375 0.135417 0.631250 0.125000
1 0.716562 0.279167 0.714063 0.266667 0.706250 0.275000 0.712500 0.293750 0.725000 0.287500 0.725000 0.272917
1 0.848437 0.667500 0.846875 0.656250 0.839063 0.662500 0.843750 0.681250 0.856250 0.681250 0.856250 0.656250
1 0.252500 0.770417 0.253125 0.756250 0.243750 0.766667 0.246875 0.781250 0.256250 0.781250 0.262500 0.766667
1 0.126562 0.827778 0.125000 0.818750 0.118750 0.818750 0.118750 0.835417 0.128125 0.843750 0.134375 0.831250 0.134375 0.818750
2 0.841602 0.804427 0.859375 0.831250 0.862500 0.806250 0.850000 0.787500 0.840625 0.779167 0.828125 0.785417 0.825000 0.800000 0.828125 0.816667 0.839063 0.829167
3 0.461458 0.542882 0.473438 0.537500 0.481250 0.491667 0.470313 0.481250 0.456250 0.525000 0.423438 0.510417 0.415625 0.535417 0.450000 0.550000 0.440625 0.593750 0.453125 0.606250 0.465625 0.556250 0.501563 0.572917 0.506250 0.554167
4 0.588569 0.323794 0.548438 0.372917 0.554688 0.381250 0.571875 0.381250 0.581250 0.368750 0.596875 0.360417 0.609375 0.375000 0.621875 0.375000 0.628125 0.362500 0.635938 0.310417 0.631250 0.300000 0.609375 0.287500 0.609375 0.262500 0.596875 0.262500 0.581250 0.254167 0.565625 0.254167 0.562500 0.279167 0.565625 0.287500 0.559375 0.335417 0.553125 0.341667
1 0.333482 0.162798 0.329688 0.150000 0.325000 0.160417 0.325000 0.168750 0.332813 0.175000 0.337500 0.172917 0.343750 0.162500 0.340625 0.150000
5 0.858984 0.470833 0.870313 0.443750 0.846875 0.447917 0.846875 0.493750 0.871875 0.497917
6 0.100391 0.482292 0.112500 0.435417 0.089063 0.431250 0.087500 0.531250 0.112500 0.531250
7 0.099062 0.574167 0.096875 0.081250 0.081250 0.900000 0.092188 0.900000 0.106250 0.891667 0.118750 0.097917
7 0.478646 0.114931 0.078125 0.104167 0.078125 0.112500 0.104688 0.137500 0.854688 0.131250 0.878125 0.106250 0.878125 0.097917
7 0.858073 0.479514 0.834375 0.093750 0.854688 0.075000 0.862500 0.075000 0.881250 0.881250 0.871875 0.885417 0.843750 0.866667
7 0.483073 0.852083 0.065625 0.875000 0.065625 0.860417 0.100000 0.843750 0.871875 0.829167 0.896875 0.847917 0.898438 0.856250
