0 0.480990 0.886979 0.471875 0.893750 0.470313 0.881250 0.478125 0.872917 0.473438 0.875000 0.484375 0.872917 0.490625 0.875000 0.493750 0.885417 0.492188 0.893750 0.487500 0.900000 0.481250 0.900000 0.475000 0.900000 0.473438 0.893750
1 0.101367 0.560677 0.100000 0.575000 0.112500 0.575000 0.117188 0.556250 0.109375 0.543750 0.096875 0.543750 0.092188 0.550000 0.092188 0.568750 0.090625 0.572917
1 0.221615 0.459722 0.218750 0.475000 0.234375 0.466667 0.228125 0.447917 0.217188 0.437500 0.212500 0.456250 0.218750 0.475000
1 0.471562 0.406667 0.462500 0.410417 0.473438 0.422917 0.484375 0.406250 0.475000 0.393750 0.462500 0.400000
1 0.418490 0.240278 0.410938 0.243750 0.418750 0.254167 0.428125 0.250000 0.428125 0.231250 0.415625 0.225000 0.409375 0.237500
1 0.468490 0.504167 0.465625 0.516667 0.478125 0.510417 0.478125 0.493750 0.465625 0.487500 0.457813 0.500000 0.465625 0.516667
2 0.439844 0.230556 0.431250 0.210417 0.426563 0.231250 0.428125 0.262500 0.457813 0.262500 0.454688 0.216667 0.440625 0.200000
3 0.466106 0.363782 0.453125 0.362500 0.429688 0.391667 0.440625 0.418750 0.465625 0.379167 0.490625 0.412500 0.506250 0.393750 0.478125 0.366667 0.506250 0.331250 0.496875 0.316667 0.462500 0.350000 0.442188 0.318750 0.434375 0.331250 0.453125 0.356250
4 0.379147 0.570192 0.345313 0.647917 0.365625 0.643750 0.367188 0.629167 0.418750 0.600000 0.439063 0.600000 0.431250 0.556250 0.415625 0.562500 0.407813 0.550000 0.415625 0.531250 0.415625 0.518750 0.409375 0.506250 0.403125 0.510417 0.409375 0.529167 0.406250 0.541667 0.400000 0.543750 0.395313 0.543750 0.375000 0.554167 0.348438 0.566667 0.337500 0.562500 0.340625 0.554167 0.332813 0.550000 0.329688 0.568750 0.335938 0.575000 0.335938 0.606250 0.335938 0.629167 0.340625 0.643750
5 0.890000 0.489583 0.881250 0.450000 0.900000 0.443750 0.903125 0.550000 0.884375 0.550000 0.881250 0.454167
6 0.086875 0.487917 0.093750 0.447917 0.078125 0.443750 0.073438 0.547917 0.092188 0.550000 0.096875 0.450000
1 0.631250 0.610833 0.621875 0.606250 0.621875 0.618750 0.637500 0.625000 0.643750 0.606250 0.631250 0.597917
7 0.403299 0.555787 0.106250 0.129167 0.107813 0.129167 0.881250 0.131250 0.892188 0.893750 0.500000 0.893750 0.478125 0.900000 0.470313 0.900000 0.085938 0.900000 0.107813 0.125000
