0 0.181250 0.143403 0.175000 0.150000 0.181250 0.154167 0.190625 0.147917 0.190625 0.135417 0.178125 0.131250 0.171875 0.141667
1 0.201786 0.281845 0.206250 0.268750 0.196875 0.268750 0.193750 0.279167 0.193750 0.287500 0.201563 0.293750 0.209375 0.293750 0.210938 0.281250
1 0.477455 0.356250 0.484375 0.347917 0.475000 0.343750 0.470313 0.350000 0.470313 0.362500 0.475000 0.366667 0.481250 0.366667 0.485938 0.356250
1 0.685069 0.803241 0.678125 0.812500 0.684375 0.816667 0.690625 0.812500 0.693750 0.810417 0.693750 0.800000 0.690625 0.791667 0.684375 0.787500 0.675000 0.793750 0.675000 0.804167
1 0.643750 0.683594 0.646875 0.693750 0.651563 0.691667 0.653125 0.681250 0.648438 0.675000 0.642188 0.672917 0.635938 0.675000 0.634375 0.685417 0.637500 0.693750
1 0.566602 0.721875 0.571875 0.712500 0.565625 0.710417 0.559375 0.716667 0.557813 0.725000 0.562500 0.731250 0.565625 0.731250 0.575000 0.729167 0.575000 0.718750
1 0.339258 0.620052 0.346875 0.612500 0.340625 0.610417 0.334375 0.610417 0.329688 0.618750 0.331250 0.625000 0.337500 0.631250 0.345313 0.629167 0.348438 0.622917
1 0.307986 0.677546 0.306250 0.666667 0.301563 0.668750 0.300000 0.675000 0.300000 0.685417 0.304688 0.691667 0.312500 0.687500 0.317188 0.681250 0.317188 0.672917 0.312500 0.668750
1 0.257118 0.646759 0.262500 0.635417 0.254688 0.635417 0.250000 0.641667 0.248438 0.647917 0.250000 0.654167 0.254688 0.656250 0.259375 0.656250 0.267188 0.650000 0.267188 0.643750
2 0.429688 0.778365 0.429688 0.760417 0.421875 0.760417 0.415625 0.762500 0.410938 0.768750 0.410938 0.781250 0.415625 0.793750 0.425000 0.800000 0.434375 0.800000 0.443750 0.800000 0.446875 0.787500 0.450000 0.775000 0.443750 0.766667 0.437500 0.762500
3 0.605048 0.403045 0.593750 0.354167 0.606250 0.350000 0.612500 0.393750 0.648438 0.391667 0.650000 0.410417 0.612500 0.416667 0.618750 0.462500 0.604688 0.462500 0.600000 0.418750 0.565625 0.425000 0.562500 0.404167 0.596875 0.393750 0.593750 0.356250
4 0.491090 0.324043 0.459375 0.293750 0.506250 0.275000 0.506250 0.262500 0.518750 0.254167 0.528125 0.291667 0.523438 0.297917 0.518750 0.306250 0.506250 0.310417 0.512500 0.318750 0.526563 0.316667 0.534375 0.329167 0.534375 0.343750 0.528125 0.343750 0.528125 0.331250 0.523438 0.325000 0.510938 0.325000 0.506250 0.331250 0.503125 0.337500 0.493750 0.331250 0.492188 0.337500 0.489063 0.337500 0.481250 0.341667 0.478125 0.343750 0.470313 0.350000 0.468750 0.362500 0.475000 0.375000 0.470313 0.375000 0.462500 0.368750 0.462500 0.354167 0.475000 0.335417 0.470313 0.329167 0.459375 0.325000 0.450000 0.329167 0.443750 0.325000 0.439063 0.293750 0.453125 0.287500 0.460938 0.293750
5 0.827500 0.495417 0.818750 0.475000 0.840625 0.481250 0.840625 0.522917 0.818750 0.518750 0.818750 0.479167
6 0.129688 0.442500 0.125000 0.404167 0.146875 0.412500 0.140625 0.500000 0.115625 0.491667 0.120313 0.404167
7 0.831875 0.435000 0.831250 0.166667 0.812500 0.841667 0.831250 0.856250 0.853125 0.143750 0.831250 0.166667
7 0.466406 0.825000 0.815625 0.843750 0.117188 0.787500 0.103125 0.806250 0.829688 0.862500
7 0.125625 0.522917 0.120313 0.785417 0.162500 0.131250 0.140625 0.100000 0.100000 0.791667 0.104688 0.806250
7 0.495312 0.139063 0.162500 0.137500 0.829688 0.168750 0.840625 0.143750 0.148438 0.106250
