0 0.500000 0.522135 0.503125 0.506250 0.509375 0.510417 0.510938 0.525000 0.506250 0.537500 0.496875 0.537500 0.490625 0.531250 0.489063 0.518750 0.493750 0.510417
1 0.538839 0.556845 0.534375 0.541667 0.543750 0.543750 0.550000 0.554167 0.546875 0.566667 0.537500 0.568750 0.531250 0.568750 0.528125 0.554167
1 0.583705 0.395238 0.595313 0.387500 0.595313 0.400000 0.589063 0.406250 0.579688 0.406250 0.573438 0.400000 0.571875 0.387500 0.581250 0.379167
1 0.638477 0.360156 0.643750 0.375000 0.648438 0.362500 0.648438 0.354167 0.643750 0.347917 0.634375 0.343750 0.628125 0.354167 0.626563 0.368750 0.634375 0.375000
1 0.868304 0.196726 0.876563 0.206250 0.881250 0.193750 0.876563 0.185417 0.865625 0.181250 0.856250 0.191667 0.856250 0.206250 0.865625 0.212500
2 0.140483 0.128598 0.150000 0.100000 0.154688 0.112500 0.156250 0.125000 0.156250 0.137500 0.153125 0.150000 0.145313 0.156250 0.131250 0.156250 0.121875 0.143750 0.120313 0.129167 0.121875 0.110417 0.134375 0.093750
3 0.517448 0.539236 0.500000 0.481250 0.515625 0.475000 0.525000 0.525000 0.559375 0.516667 0.565625 0.537500 0.528125 0.550000 0.534375 0.593750 0.518750 0.600000 0.512500 0.554167 0.473438 0.562500 0.470313 0.543750 0.506250 0.531250
5 0.889844 0.460417 0.884375 0.437500 0.893750 0.437500 0.893750 0.481250 0.887500 0.485417
6 0.125391 0.470833 0.121875 0.422917 0.128125 0.422917 0.129688 0.518750 0.121875 0.518750
7 0.506641 0.470313 0.128125 0.106250 0.876563 0.100000 0.893750 0.831250 0.128125 0.843750
