0 0.061133 0.053646 0.062500 0.072917 0.075000 0.062500 0.073438 0.041667 0.062500 0.035417 0.054688 0.037500 0.050000 0.047917 0.053125 0.062500 0.057813 0.068750
1 0.093945 0.234115 0.089063 0.222917 0.081250 0.225000 0.084375 0.237500 0.089063 0.250000 0.096875 0.250000 0.104688 0.243750 0.106250 0.225000 0.100000 0.218750
1 0.072098 0.345833 0.062500 0.335417 0.059375 0.343750 0.065625 0.356250 0.075000 0.360417 0.081250 0.356250 0.084375 0.337500 0.076563 0.331250
1 0.152902 0.556250 0.140625 0.566667 0.150000 0.575000 0.162500 0.568750 0.165625 0.550000 0.160938 0.541667 0.150000 0.541667 0.140625 0.550000
1 0.642634 0.898214 0.643750 0.885417 0.631250 0.887500 0.631250 0.904167 0.637500 0.912500 0.648438 0.912500 0.653125 0.897917 0.653125 0.887500
1 0.890179 0.904762 0.887500 0.887500 0.878125 0.900000 0.878125 0.916667 0.890625 0.918750 0.900000 0.918750 0.900000 0.900000 0.896875 0.891667
1 0.946652 0.849107 0.940625 0.835417 0.934375 0.843750 0.937500 0.856250 0.943750 0.862500 0.954688 0.862500 0.960938 0.847917 0.954688 0.835417
2 0.523864 0.437689 0.548438 0.429167 0.542188 0.416667 0.526563 0.412500 0.510938 0.412500 0.501563 0.422917 0.496875 0.431250 0.500000 0.450000 0.512500 0.460417 0.531250 0.466667 0.543750 0.462500 0.548438 0.450000
3 0.492746 0.486310 0.496875 0.406250 0.500000 0.468750 0.543750 0.468750 0.543750 0.487500 0.542188 0.497917 0.500000 0.493750 0.496875 0.550000 0.493750 0.556250 0.478125 0.556250 0.478125 0.493750 0.434375 0.493750 0.431250 0.466667 0.478125 0.462500 0.481250 0.406250
1 0.389286 0.350893 0.392188 0.337500 0.381250 0.337500 0.379688 0.350000 0.381250 0.362500 0.390625 0.362500 0.400000 0.362500 0.400000 0.343750
1 0.408929 0.338988 0.409375 0.325000 0.400000 0.329167 0.400000 0.341667 0.403125 0.350000 0.412500 0.354167 0.418750 0.343750 0.418750 0.329167
4 0.396467 0.295290 0.371875 0.322917 0.368750 0.347917 0.371875 0.366667 0.381250 0.375000 0.393750 0.379167 0.425000 0.372917 0.431250 0.350000 0.431250 0.341667 0.428125 0.325000 0.426563 0.293750 0.457813 0.285417 0.456250 0.241667 0.454688 0.231250 0.431250 0.231250 0.431250 0.243750 0.409375 0.243750 0.368750 0.243750 0.356250 0.250000 0.356250 0.237500 0.337500 0.241667 0.335938 0.272917 0.337500 0.293750 0.356250 0.300000
5 0.954688 0.476562 0.945312 0.447917 0.962500 0.450000 0.962500 0.504167 0.948438 0.504167
6 0.032422 0.459375 0.042188 0.402083 0.026562 0.400000 0.023438 0.516667 0.037500 0.518750
7 0.493359 0.480208 0.939063 0.047917 0.953125 0.929167 0.023438 0.910417 0.057813 0.033333
