0 0.088086 0.935677 0.078125 0.937500 0.081250 0.943750 0.090625 0.950000 0.093750 0.943750 0.096875 0.935417 0.093750 0.925000 0.089063 0.918750 0.081250 0.931250
1 0.065430 0.928906 0.057813 0.925000 0.056250 0.935417 0.062500 0.943750 0.068750 0.937500 0.073438 0.931250 0.073438 0.922917 0.068750 0.916667 0.062500 0.918750
1 0.078348 0.900000 0.078125 0.887500 0.073438 0.893750 0.068750 0.900000 0.076563 0.912500 0.081250 0.912500 0.085938 0.900000 0.084375 0.893750
1 0.028516 0.907813 0.032813 0.893750 0.025000 0.897917 0.020313 0.906250 0.021875 0.912500 0.025000 0.916667 0.031250 0.918750 0.034375 0.912500 0.037500 0.904167
1 0.273177 0.934722 0.270313 0.929167 0.259375 0.937500 0.268750 0.943750 0.281250 0.943750 0.284375 0.929167 0.275000 0.925000
1 0.158750 0.920833 0.156250 0.910417 0.154688 0.922917 0.156250 0.925000 0.165625 0.929167 0.160938 0.916667
1 0.112500 0.632292 0.115625 0.625000 0.109375 0.618750 0.100000 0.631250 0.107813 0.641667 0.120313 0.641667 0.121875 0.635417
1 0.304688 0.616667 0.314063 0.612500 0.304688 0.604167 0.293750 0.616667 0.301563 0.625000 0.309375 0.625000
1 0.817187 0.782552 0.821875 0.768750 0.812500 0.766667 0.804688 0.775000 0.809375 0.787500 0.814063 0.791667 0.821875 0.793750 0.825000 0.791667 0.828125 0.785417
2 0.184896 0.893403 0.162500 0.893750 0.168750 0.912500 0.175000 0.916667 0.184375 0.925000 0.193750 0.925000 0.196875 0.918750 0.203125 0.912500 0.203125 0.906250 0.203125 0.900000 0.201563 0.893750 0.201563 0.881250 0.193750 0.872917 0.190625 0.872917 0.185938 0.868750 0.176563 0.866667 0.165625 0.866667 0.160938 0.868750 0.160938 0.879167
3 0.276042 0.689410 0.290625 0.756250 0.285938 0.700000 0.332813 0.697917 0.334375 0.675000 0.285938 0.675000 0.282813 0.616667 0.262500 0.616667 0.265625 0.679167 0.218750 0.681250 0.221875 0.706250 0.262500 0.706250 0.268750 0.762500
4 0.404241 0.845139 0.403125 0.931250 0.453125 0.935417 0.454688 0.900000 0.443750 0.887500 0.450000 0.800000 0.460938 0.800000 0.457813 0.768750 0.423438 0.762500 0.421875 0.787500 0.403125 0.800000 0.392188 0.812500 0.381250 0.800000 0.368750 0.810417 0.356250 0.818750 0.356250 0.825000 0.356250 0.860417 0.365625 0.868750 0.375000 0.875000 0.384375 0.872917 0.387500 0.906250 0.393750 0.925000
