0 0.627148 0.575781 0.620313 0.581250 0.621875 0.587500 0.631250 0.587500 0.632812 0.579167 0.635938 0.568750 0.629687 0.566667 0.625000 0.564583 0.620313 0.570833
1 0.698047 0.577865 0.696875 0.566667 0.692187 0.572917 0.692187 0.579167 0.693750 0.583333 0.696875 0.585417 0.701562 0.585417 0.706250 0.581250 0.704688 0.568750
1 0.613672 0.781250 0.614062 0.791667 0.617188 0.789583 0.621875 0.785417 0.621875 0.775000 0.614062 0.770833 0.607812 0.770833 0.606250 0.779167 0.606250 0.787500
1 0.152930 0.751042 0.142187 0.754167 0.148438 0.762500 0.157812 0.758333 0.160938 0.756250 0.159375 0.747917 0.156250 0.741667 0.151562 0.741667 0.146875 0.745833
1 0.161250 0.140833 0.159375 0.131250 0.153125 0.137500 0.159375 0.147917 0.167187 0.147917 0.167187 0.139583
1 0.552232 0.524405 0.546875 0.516667 0.546875 0.522917 0.548438 0.529167 0.551562 0.531250 0.556250 0.531250 0.559375 0.525000 0.556250 0.514583
2 0.629687 0.450463 0.629687 0.429167 0.621875 0.433333 0.612500 0.454167 0.610938 0.468750 0.620313 0.475000 0.635938 0.466667 0.643750 0.454167 0.648438 0.443750 0.643750 0.429167
3 0.511719 0.496181 0.514062 0.560417 0.517188 0.508333 0.562500 0.508333 0.559375 0.491667 0.518750 0.485417 0.523438 0.431250 0.507812 0.433333 0.504687 0.487500 0.464062 0.483333 0.462500 0.500000 0.504687 0.508333 0.501563 0.556250
4 0.652951 0.540972 0.610938 0.537500 0.606250 0.502083 0.628125 0.506250 0.635938 0.512500 0.692187 0.506250 0.687500 0.497917 0.707812 0.491667 0.717187 0.527083 0.712500 0.545833 0.712500 0.562500 0.682813 0.562500 0.653125 0.568750 0.634375 0.558333 0.617188 0.566667 0.614062 0.581250 0.609375 0.583333 0.610938 0.572917 0.620313 0.554167
6 0.896094 0.502604 0.884375 0.552083 0.907813 0.554167 0.909375 0.450000 0.882812 0.454167
6 0.078906 0.500000 0.090625 0.552083 0.067187 0.550000 0.067187 0.450000 0.090625 0.447917
7 0.899132 0.517593 0.895312 0.895833 0.889062 0.616667 0.882812 0.289583 0.878125 0.091667 0.900000 0.075000 0.906250 0.235417 0.912500 0.564583 0.921875 0.945833 0.906250 0.943750
7 0.451705 0.907576 0.914062 0.887500 0.935937 0.925000 0.770312 0.927083 0.403125 0.925000 0.039062 0.922917 0.043750 0.910417 0.059375 0.895833 0.131250 0.895833 0.323437 0.900000 0.523438 0.897917 0.825000 0.895833
7 0.080649 0.514904 0.076563 0.931250 0.087500 0.764583 0.093750 0.568750 0.095312 0.360417 0.104688 0.179167 0.104688 0.095833 0.087500 0.070833 0.078125 0.070833 0.071875 0.293750 0.064062 0.589583 0.057813 0.875000 0.057813 0.945833 0.068750 0.947917
7 0.512969 0.113125 0.073438 0.125000 0.225000 0.122917 0.529687 0.127083 0.818750 0.127083 0.893750 0.135417 0.918750 0.104167 0.917188 0.097917 0.503125 0.097917 0.189062 0.093750 0.060937 0.100000
