0 0.220312 0.719531 0.018750 0.023438
1 0.206250 0.701562 0.021875 0.028125
1 0.385156 0.621875 0.023438 0.025000
1 0.702344 0.475000 0.026562 0.025000
1 0.709375 0.353125 0.018750 0.025000
1 0.738281 0.300781 0.020313 0.026562
1 0.773438 0.122656 0.018750 0.023438
1 0.502344 0.143750 0.020313 0.025000
1 0.320312 0.196875 0.018750 0.021875
2 0.630469 0.498437 0.032813 0.053125
3 0.507031 0.360938 0.089063 0.109375
4 0.315625 0.241406 0.100000 0.123438
5 0.817187 0.428125 0.028125 0.056250
6 0.126562 0.432031 0.037500 0.107813
7 0.113281 0.435156 0.060937 -0.742188
7 0.475781 0.085938 -0.748437 0.062500
7 0.827344 0.435937 0.067187 0.753125
7 0.470313 0.779687 -0.775000 0.040625
