0 0.875893 0.130952 0.867188 0.141667 0.876563 0.150000 0.887500 0.137500 0.887500 0.125000 0.878125 0.118750 0.868750 0.118750 0.865625 0.125000
1 0.640625 0.859028 0.634375 0.872917 0.646875 0.872917 0.653125 0.860417 0.646875 0.843750 0.631250 0.843750 0.631250 0.860417
1 0.932552 0.694792 0.934375 0.712500 0.948438 0.700000 0.940625 0.681250 0.929688 0.681250 0.918750 0.687500 0.923438 0.706250
1 0.440000 0.062500 0.437500 0.075000 0.450000 0.068750 0.446875 0.056250 0.434375 0.050000 0.431250 0.062500
1 0.259896 0.815625 0.259375 0.825000 0.268750 0.818750 0.268750 0.804167 0.256250 0.804167 0.251563 0.816667 0.254688 0.825000
1 0.928125 0.833681 0.921875 0.843750 0.932813 0.850000 0.939063 0.837500 0.934375 0.822917 0.921875 0.818750 0.918750 0.829167
1 0.091667 0.717361 0.090625 0.731250 0.103125 0.725000 0.100000 0.712500 0.093750 0.706250 0.084375 0.706250 0.078125 0.722917
1 0.032813 0.504167 0.034375 0.516667 0.042188 0.506250 0.037500 0.491667 0.025000 0.487500 0.025000 0.518750
2 0.550938 0.151458 0.543750 0.179167 0.565625 0.175000 0.575000 0.162500 0.575000 0.143750 0.565625 0.131250 0.553125 0.125000 0.537500 0.125000 0.531250 0.137500 0.528125 0.162500 0.534375 0.172917
3 0.080134 0.826786 0.089063 0.893750 0.089063 0.837500 0.129688 0.835417 0.139063 0.825000 0.134375 0.806250 0.087500 0.806250 0.089063 0.750000 0.062500 0.743750 0.062500 0.806250 0.021875 0.806250 0.020313 0.831250 0.059375 0.837500 0.059375 0.897917 0.078125 0.897917
4 0.865833 0.408611 0.850000 0.366667 0.831250 0.366667 0.825000 0.354167 0.800000 0.347917 0.793750 0.368750 0.796875 0.391667 0.815625 0.400000 0.812500 0.412500 0.815625 0.425000 0.831250 0.425000 0.840625 0.431250 0.846875 0.443750 0.840625 0.454167 0.843750 0.475000 0.850000 0.481250 0.878125 0.481250 0.885938 0.462500 0.884375 0.443750 0.893750 0.431250 0.907813 0.431250 0.923438 0.431250 0.928125 0.429167 0.943750 0.425000 0.950000 0.393750 0.939063 0.356250 0.925000 0.362500 0.896875 0.362500 0.885938 0.375000 0.878125 0.362500 0.860938 0.366667
5 0.959375 0.476042 0.940625 0.506250 0.978125 0.506250 0.975000 0.443750 0.943750 0.447917
7 0.601953 0.931771 0.023438 0.912500 0.921875 0.925000 0.934375 0.931250 0.962500 0.937500 0.981250 0.931250 0.987500 0.956250 0.003125 0.947917 0.001563 0.912500
7 0.962500 0.390833 0.943750 0.029167 0.965625 0.943750 0.987500 0.956250 0.968750 0.012500 0.946875 0.012500
7 0.525977 0.024349 0.968750 0.050000 0.821875 0.041667 0.621875 0.037500 0.465625 0.031250 0.328125 0.031250 0.206250 0.031250 0.121875 0.029167 0.054688 0.035417 0.017188 0.012500 0.014063 0.000000 0.384375 0.000000 0.621875 0.000000 0.853125 0.006250 0.979688 0.022917 0.981250 0.016667 0.975000 0.043750
7 0.032422 0.251563 0.057813 0.031250 0.037500 0.479167 0.006250 0.472917 0.028125 0.022917
7 0.013494 0.721970 0.003125 0.475000 0.001563 0.631250 0.000000 0.910417 0.001563 0.968750 0.017188 0.960417 0.020313 0.850000 0.012500 0.812500 0.023438 0.797917 0.032813 0.529167 0.017188 0.525000 0.018750 0.481250
