0 0.621615 0.529340 0.617188 0.537500 0.621875 0.543750 0.628125 0.537500 0.626563 0.541667 0.631250 0.531250 0.631250 0.525000 0.628125 0.518750 0.621875 0.516667 0.617188 0.516667 0.612500 0.518750 0.610938 0.529167 0.612500 0.535417
1 0.741875 0.047083 0.734375 0.056250 0.754687 0.056250 0.753125 0.031250 0.734375 0.031250 0.732812 0.060417
1 0.908125 0.399583 0.903125 0.414583 0.921875 0.408333 0.918750 0.381250 0.896875 0.383333 0.900000 0.410417
1 0.840000 0.576667 0.842187 0.562500 0.851562 0.587500 0.837500 0.600000 0.823438 0.575000 0.845313 0.558333
1 0.588672 0.548958 0.593750 0.535417 0.575000 0.541667 0.584375 0.566667 0.601562 0.552083
2 0.476339 0.109524 0.454688 0.114583 0.464062 0.131250 0.503125 0.129167 0.509375 0.104167 0.482812 0.081250 0.465625 0.085417 0.454688 0.120833
3 0.593510 0.512340 0.570312 0.462500 0.585938 0.506250 0.550000 0.533333 0.551562 0.556250 0.593750 0.531250 0.607812 0.575000 0.618750 0.572917 0.606250 0.520833 0.642188 0.502083 0.635938 0.481250 0.600000 0.502083 0.584375 0.452083 0.568750 0.464583
4 0.473333 0.365278 0.509375 0.354167 0.448437 0.397917 0.437500 0.420833 0.448437 0.431250 0.429688 0.437500 0.428125 0.395833 0.410938 0.368750 0.423438 0.352083 0.484375 0.300000 0.495312 0.293750 0.514062 0.320833 0.510938 0.335417 0.528125 0.347917 0.523438 0.368750 0.507812 0.354167
5 0.921250 0.468750 0.906250 0.443750 0.939063 0.441667 0.942187 0.504167 0.909375 0.502083 0.909375 0.452083
6 0.103438 0.450833 0.095312 0.406250 0.117188 0.408333 0.115625 0.516667 0.096875 0.514583 0.092188 0.408333
7 0.593438 0.276250 0.098437 0.404167 0.121875 0.404167 0.121875 0.083333 0.462500 0.081250 0.548438 0.089583 0.907813 0.087500 0.912500 0.372917 0.921875 0.377083 0.926562 0.406250 0.907813 0.418750 0.909375 0.441667 0.932813 0.439583 0.926562 0.075000 0.104688 0.068750 0.098437 0.393750
7 0.558160 0.670139 0.906250 0.512500 0.935937 0.512500 0.940625 0.875000 0.092188 0.868750 0.093750 0.518750 0.121875 0.522917 0.110937 0.845833 0.910937 0.856250 0.910937 0.518750
