3 0.446354 0.414410 0.403125 0.391667 0.398438 0.418750 0.437500 0.425000 0.426563 0.466667 0.446875 0.468750 0.453125 0.431250 0.493750 0.437500 0.493750 0.412500 0.456250 0.406250 0.465625 0.360417 0.446875 0.354167 0.434375 0.400000
4 0.263920 0.428125 0.234375 0.366667 0.239063 0.397917 0.243750 0.397917 0.240625 0.410417 0.234375 0.406250 0.228125 0.437500 0.234375 0.443750 0.234375 0.456250 0.228125 0.462500 0.225000 0.481250 0.268750 0.493750 0.270313 0.468750 0.284375 0.466667 0.284375 0.456250 0.301563 0.462500 0.318750 0.454167 0.325000 0.418750 0.303125 0.400000 0.284375 0.406250 0.275000 0.400000 0.278125 0.375000 0.270313 0.356250
5 0.793359 0.475000 0.787500 0.450000 0.800000 0.450000 0.798438 0.500000 0.787500 0.500000
6 0.083203 0.438542 0.096875 0.393750 0.081250 0.387500 0.068750 0.485417 0.085938 0.487500
7 0.439453 0.466667 0.120313 0.112500 0.046875 0.787500 0.782813 0.835417 0.807813 0.131250
0 0.457227 0.798958 0.457813 0.779167 0.443750 0.785417 0.440625 0.797917 0.443750 0.812500 0.456250 0.818750 0.471875 0.812500 0.475000 0.800000 0.468750 0.785417
1 0.556836 0.620833 0.559375 0.597917 0.543750 0.600000 0.542188 0.616667 0.543750 0.635417 0.554688 0.643750 0.565625 0.637500 0.573438 0.629167 0.571875 0.606250
1 0.482031 0.265625 0.478125 0.247917 0.468750 0.254167 0.465625 0.268750 0.475000 0.281250 0.487500 0.287500 0.496875 0.275000 0.496875 0.260417 0.487500 0.250000
1 0.509375 0.355787 0.506250 0.335417 0.500000 0.343750 0.496875 0.356250 0.496875 0.366667 0.506250 0.372917 0.515625 0.372917 0.523438 0.362500 0.523438 0.350000 0.515625 0.341667
1 0.465972 0.352083 0.465625 0.331250 0.459375 0.337500 0.454688 0.350000 0.453125 0.362500 0.459375 0.368750 0.468750 0.372917 0.478125 0.362500 0.481250 0.347917 0.473438 0.335417
1 0.408929 0.432440 0.412500 0.410417 0.398438 0.418750 0.393750 0.431250 0.398438 0.447917 0.410938 0.450000 0.421875 0.443750 0.426563 0.425000
1 0.064583 0.774306 0.065625 0.750000 0.053125 0.760417 0.048438 0.772917 0.050000 0.791667 0.059375 0.793750 0.071875 0.793750 0.078125 0.781250 0.081250 0.768750 0.073438 0.756250
1 0.215820 0.354167 0.215625 0.331250 0.203125 0.341667 0.201563 0.356250 0.206250 0.368750 0.217188 0.372917 0.225000 0.368750 0.232813 0.356250 0.225000 0.337500
1 0.219271 0.390972 0.215625 0.372917 0.206250 0.381250 0.203125 0.393750 0.209375 0.406250 0.218750 0.410417 0.228125 0.406250 0.234375 0.393750 0.232813 0.381250 0.225000 0.372917
2 0.197135 0.381076 0.193750 0.347917 0.179688 0.356250 0.175000 0.375000 0.171875 0.393750 0.178125 0.410417 0.192188 0.416667 0.206250 0.410417 0.215625 0.397917 0.217188 0.381250 0.217188 0.368750 0.212500 0.360417 0.206250 0.354167
