0 0.108594 0.503125 0.104688 0.516667 0.107813 0.516667 0.112500 0.510417 0.115625 0.510417 0.117188 0.506250 0.117188 0.504167 0.117188 0.500000 0.112500 0.497917 0.112500 0.491667 0.109375 0.487500 0.104688 0.487500 0.103125 0.510417 0.100000 0.510417 0.103125 0.506250 0.100000 0.500000 0.100000 0.493750
1 0.774479 0.718403 0.767188 0.727083 0.782813 0.729167 0.785937 0.716667 0.779687 0.704167 0.765625 0.708333 0.765625 0.725000
1 0.743750 0.042500 0.737500 0.054167 0.754687 0.054167 0.756250 0.031250 0.739062 0.027083 0.731250 0.045833
1 0.654687 0.732500 0.651563 0.743750 0.662500 0.743750 0.665625 0.718750 0.645312 0.714583 0.648438 0.741667
1 0.281250 0.832917 0.273438 0.845833 0.287500 0.847917 0.292187 0.822917 0.281250 0.816667 0.271875 0.831250
5 0.921250 0.466667 0.912500 0.445833 0.935937 0.441667 0.932813 0.500000 0.912500 0.500000 0.912500 0.445833
6 0.105000 0.465000 0.101562 0.420833 0.095312 0.518750 0.117188 0.529167 0.112500 0.435417 0.098437 0.420833
2 0.129427 0.375694 0.114062 0.387500 0.150000 0.400000 0.160938 0.381250 0.131250 0.347917 0.112500 0.354167 0.107813 0.383333
3 0.745553 0.706410 0.701562 0.714583 0.739062 0.695833 0.718750 0.652083 0.735938 0.639583 0.756250 0.685417 0.792188 0.675000 0.801562 0.693750 0.759375 0.714583 0.778125 0.762500 0.760938 0.775000 0.740625 0.718750 0.710938 0.739583 0.696875 0.716667
4 0.420668 0.452273 0.396875 0.508333 0.396875 0.481250 0.446875 0.458333 0.462500 0.464583 0.465625 0.479167 0.475000 0.475000 0.473438 0.452083 0.456250 0.443750 0.459375 0.425000 0.465625 0.420833 0.453125 0.377083 0.435937 0.383333 0.434375 0.400000 0.384375 0.427083 0.378125 0.410417 0.360938 0.427083 0.370312 0.456250 0.381250 0.472917 0.390625 0.477083 0.384375 0.491667 0.385937 0.510417 0.396875 0.508333
7 0.456027 0.313393 0.910937 0.437500 0.931250 0.439583 0.926562 0.070833 0.104688 0.058333 0.095312 0.418750 0.101562 0.420833 0.112500 0.402083 0.104688 0.383333 0.110937 0.347917 0.115625 0.347917 0.121875 0.083333 0.906250 0.097917 0.912500 0.439583 0.929688 0.439583
7 0.559201 0.671296 0.910937 0.502083 0.934375 0.508333 0.935937 0.881250 0.090625 0.872917 0.098437 0.520833 0.118750 0.531250 0.110937 0.850000 0.918750 0.864583 0.914062 0.510417
