0 0.075000 0.045052 0.065625 0.031250 0.065625 0.043750 0.065625 0.054167 0.073438 0.060417 0.081250 0.060417 0.087500 0.047917 0.084375 0.031250 0.076563 0.031250
1 0.070703 0.345313 0.059375 0.337500 0.059375 0.350000 0.065625 0.360417 0.075000 0.360417 0.084375 0.354167 0.084375 0.337500 0.075000 0.331250 0.062500 0.331250
1 0.152604 0.556944 0.145313 0.543750 0.140625 0.554167 0.140625 0.562500 0.146875 0.568750 0.153125 0.572917 0.162500 0.568750 0.165625 0.556250 0.162500 0.543750 0.156250 0.541667
1 0.890625 0.906597 0.887500 0.891667 0.878125 0.900000 0.881250 0.918750 0.893750 0.922917 0.903125 0.912500 0.900000 0.893750
1 0.947098 0.851786 0.940625 0.837500 0.934375 0.850000 0.937500 0.862500 0.948438 0.868750 0.959375 0.862500 0.959375 0.843750 0.950000 0.837500
1 0.937054 0.424702 0.931250 0.412500 0.925000 0.418750 0.925000 0.435417 0.937500 0.441667 0.950000 0.435417 0.950000 0.416667 0.940625 0.412500
1 0.939732 0.394048 0.937500 0.381250 0.932813 0.387500 0.929688 0.397917 0.932813 0.406250 0.943750 0.406250 0.953125 0.393750 0.948438 0.385417
1 0.911133 0.116927 0.901563 0.118750 0.903125 0.129167 0.912500 0.131250 0.918750 0.125000 0.923438 0.112500 0.918750 0.104167 0.907813 0.104167 0.903125 0.110417
1 0.919866 0.087202 0.918750 0.075000 0.912500 0.081250 0.909375 0.087500 0.912500 0.093750 0.921875 0.097917 0.931250 0.093750 0.932813 0.081250
2 0.762188 0.439583 0.756250 0.404167 0.750000 0.412500 0.746875 0.425000 0.745313 0.437500 0.743750 0.454167 0.745313 0.466667 0.753125 0.475000 0.762500 0.475000 0.771875 0.475000 0.778125 0.462500 0.778125 0.450000 0.778125 0.431250 0.778125 0.418750 0.776563 0.406250 0.768750 0.400000
4 0.382578 0.299792 0.387500 0.343750 0.396875 0.368750 0.415625 0.375000 0.429688 0.368750 0.440625 0.262500 0.431250 0.250000 0.412500 0.250000 0.400000 0.262500 0.393750 0.247917 0.395313 0.231250 0.387500 0.218750 0.365625 0.210417 0.350000 0.216667 0.350000 0.254167 0.343750 0.325000 0.335938 0.337500 0.331250 0.362500 0.345313 0.375000 0.364063 0.375000 0.375000 0.360417
3 0.791797 0.393229 0.781250 0.331250 0.778125 0.379167 0.734375 0.381250 0.731250 0.406250 0.782813 0.406250 0.781250 0.466667 0.800000 0.468750 0.804688 0.406250 0.846875 0.406250 0.845313 0.372917 0.809375 0.368750 0.806250 0.325000
5 0.953125 0.477604 0.943750 0.447917 0.948438 0.506250 0.959375 0.506250 0.960938 0.450000
6 0.030469 0.455208 0.040625 0.400000 0.025000 0.393750 0.021875 0.510417 0.034375 0.516667
7 0.491797 0.478646 0.939063 0.054167 0.950000 0.929167 0.021875 0.906250 0.056250 0.025000
