0 0.182812 0.143750 0.018750 0.031250
1 0.205469 0.284375 0.017188 0.018750
1 0.526563 0.185156 0.018750 0.023438
1 0.785937 0.382812 0.021875 0.025000
1 0.644531 0.574219 0.020313 0.026562
1 0.575781 0.627344 0.014063 0.023438
1 0.642969 0.685156 0.017188 0.026562
1 0.569531 0.721094 0.017188 0.023438
1 0.686719 0.800000 0.020313 0.025000
2 0.717969 0.674219 0.045312 0.054688
3 0.606250 0.406250 0.087500 0.106250
4 0.725000 0.419531 0.106250 0.139063
5 0.830469 0.502344 0.023438 0.048438
6 0.137500 0.458594 0.025000 0.107813
7 0.127344 0.457031 0.082812 -0.745313
7 0.467969 0.835938 0.764062 0.103125
7 0.836719 0.510938 0.054688 -0.756250
7 0.498437 0.140625 0.743750 0.106250
