0 0.466016 0.342708 0.468750 0.335417 0.457813 0.337500 0.462500 0.354167 0.475000 0.343750
1 0.455078 0.326042 0.454688 0.316667 0.450000 0.325000 0.453125 0.337500 0.462500 0.325000
1 0.632188 0.523750 0.631250 0.510417 0.621875 0.518750 0.626563 0.531250 0.640625 0.535417 0.640625 0.522917
1 0.490313 0.600417 0.487500 0.587500 0.475000 0.597917 0.485938 0.618750 0.500000 0.610417 0.503125 0.587500
1 0.130000 0.349583 0.128125 0.331250 0.120313 0.343750 0.121875 0.360417 0.134375 0.362500 0.145313 0.350000
2 0.187109 0.605208 0.168750 0.587500 0.165625 0.600000 0.170313 0.616667 0.185938 0.629167 0.203125 0.625000 0.209375 0.616667 0.207813 0.591667 0.185938 0.575000
3 0.436979 0.504340 0.434375 0.443750 0.429688 0.487500 0.392188 0.475000 0.387500 0.506250 0.421875 0.518750 0.412500 0.562500 0.437500 0.568750 0.443750 0.518750 0.484375 0.535417 0.487500 0.493750 0.450000 0.497917 0.462500 0.443750
4 0.482752 0.310016 0.543750 0.281250 0.521875 0.268750 0.512500 0.275000 0.473438 0.260417 0.453125 0.237500 0.439063 0.275000 0.450000 0.291667 0.457813 0.293750 0.450000 0.300000 0.443750 0.306250 0.434375 0.318750 0.434375 0.335417 0.443750 0.331250 0.446875 0.318750 0.456250 0.306250 0.470313 0.312500 0.481250 0.322917 0.496875 0.322917 0.506250 0.325000 0.510938 0.335417 0.506250 0.347917 0.503125 0.356250 0.525000 0.360417 0.528125 0.335417 0.518750 0.318750 0.543750 0.322917
1 0.323750 0.707917 0.325000 0.693750 0.315625 0.704167 0.314063 0.722917 0.329688 0.718750 0.334375 0.700000
1 0.771875 0.463021 0.765625 0.447917 0.762500 0.468750 0.775000 0.475000 0.784375 0.460417
1 0.779687 0.658333 0.781250 0.643750 0.771875 0.656250 0.778125 0.672917 0.787500 0.660417
1 0.714844 0.866667 0.714063 0.850000 0.706250 0.868750 0.714063 0.881250 0.725000 0.866667
5 0.791406 0.579688 0.778125 0.531250 0.812500 0.531250 0.803125 0.631250 0.771875 0.625000
6 0.087500 0.453646 0.081250 0.381250 0.115625 0.391667 0.093750 0.531250 0.059375 0.510417
7 0.076172 0.466667 0.107813 0.085417 0.003125 0.843750 0.043750 0.856250 0.150000 0.081250
7 0.406641 0.881771 0.006250 0.787500 0.809375 0.929167 0.807813 0.981250 0.003125 0.829167
7 0.801953 0.586979 0.818750 0.187500 0.745313 0.987500 0.784375 0.991667 0.859375 0.181250
7 0.475000 0.164062 0.853125 0.181250 0.859375 0.250000 0.090625 0.137500 0.096875 0.087500
