0 0.497917 0.352431 0.489063 0.362500 0.503125 0.366667 0.510938 0.356250 0.503125 0.337500 0.493750 0.337500 0.487500 0.354167
1 0.456250 0.365625 0.450000 0.375000 0.462500 0.375000 0.468750 0.360417 0.459375 0.354167 0.446875 0.360417 0.450000 0.368750
1 0.507500 0.466667 0.503125 0.454167 0.496875 0.468750 0.503125 0.481250 0.518750 0.475000 0.515625 0.454167
1 0.546250 0.470833 0.534375 0.475000 0.543750 0.487500 0.559375 0.475000 0.556250 0.460417 0.537500 0.456250
1 0.125391 0.429688 0.120313 0.431250 0.125000 0.441667 0.131250 0.429167 0.125000 0.416667
2 0.484896 0.442708 0.462500 0.450000 0.475000 0.466667 0.501563 0.456250 0.506250 0.431250 0.492188 0.422917 0.471875 0.429167
3 0.649870 0.402951 0.618750 0.454167 0.635938 0.462500 0.656250 0.425000 0.684375 0.443750 0.696875 0.418750 0.665625 0.400000 0.684375 0.354167 0.659375 0.337500 0.643750 0.381250 0.615625 0.360417 0.606250 0.385417 0.631250 0.412500
4 0.482515 0.408333 0.460938 0.468750 0.446875 0.456250 0.450000 0.431250 0.459375 0.422917 0.446875 0.412500 0.434375 0.412500 0.431250 0.381250 0.428125 0.368750 0.446875 0.362500 0.450000 0.375000 0.506250 0.360417 0.509375 0.343750 0.528125 0.343750 0.534375 0.385417 0.525000 0.393750 0.506250 0.410417 0.528125 0.425000 0.528125 0.441667 0.526563 0.447917 0.512500 0.456250 0.473438 0.475000
5 0.889687 0.463750 0.885938 0.437500 0.893750 0.437500 0.893750 0.481250 0.887500 0.481250 0.887500 0.481250
6 0.124609 0.468750 0.118750 0.418750 0.129688 0.418750 0.129688 0.518750 0.120313 0.518750
7 0.506641 0.470313 0.129688 0.106250 0.876563 0.100000 0.892188 0.831250 0.128125 0.843750
