0 0.663368 0.586806 0.662500 0.600000 0.656250 0.593750 0.654687 0.587500 0.653125 0.581250 0.659375 0.577083 0.668750 0.577083 0.673438 0.579167 0.671875 0.589583 0.670312 0.595833
1 0.166964 0.141071 0.160938 0.145833 0.167187 0.150000 0.173437 0.150000 0.173437 0.141667 0.170313 0.135417 0.164062 0.131250 0.159375 0.133333
1 0.549740 0.533681 0.542188 0.529167 0.543750 0.535417 0.550000 0.543750 0.554688 0.537500 0.556250 0.531250 0.551562 0.525000
1 0.594196 0.569643 0.600000 0.564583 0.595313 0.562500 0.590625 0.562500 0.584375 0.570833 0.590625 0.575000 0.595313 0.581250 0.603125 0.570833
1 0.605134 0.767560 0.610938 0.758333 0.603125 0.758333 0.596875 0.762500 0.596875 0.772917 0.603125 0.777083 0.612500 0.779167 0.612500 0.764583
1 0.149330 0.747321 0.143750 0.758333 0.156250 0.758333 0.156250 0.750000 0.154688 0.737500 0.148438 0.735417 0.143750 0.743750 0.142187 0.747917
3 0.508984 0.496181 0.498437 0.562500 0.510938 0.560417 0.514062 0.512500 0.553125 0.512500 0.559375 0.493750 0.517188 0.483333 0.520312 0.433333 0.504687 0.431250 0.503125 0.477083 0.462500 0.481250 0.462500 0.500000 0.501563 0.506250
2 0.486979 0.453472 0.489063 0.435417 0.481250 0.429167 0.475000 0.431250 0.471875 0.441667 0.471875 0.452083 0.479687 0.466667 0.481250 0.475000 0.492188 0.472917 0.498437 0.472917 0.501563 0.464583 0.503125 0.456250 0.498437 0.443750
4 0.659033 0.543229 0.607812 0.533333 0.606250 0.512500 0.604688 0.504167 0.620313 0.500000 0.629687 0.500000 0.629687 0.508333 0.664062 0.508333 0.682813 0.508333 0.689063 0.495833 0.703125 0.487500 0.707812 0.487500 0.712500 0.502083 0.715625 0.516667 0.709375 0.533333 0.712500 0.552083 0.700000 0.562500 0.682813 0.562500 0.678125 0.566667 0.681250 0.579167 0.670312 0.570833 0.656250 0.570833 0.650000 0.583333 0.650000 0.591667 0.656250 0.616667 0.648438 0.608333 0.642188 0.595833 0.640625 0.579167 0.642188 0.562500 0.634375 0.556250 0.625000 0.550000 0.625000 0.539583 0.610938 0.537500
6 0.897656 0.503646 0.887500 0.552083 0.909375 0.558333 0.909375 0.450000 0.884375 0.454167
6 0.078906 0.496354 0.090625 0.550000 0.092188 0.447917 0.067187 0.441667 0.065625 0.545833
7 0.899330 0.552083 0.890625 0.902083 0.873437 0.085417 0.900000 0.077083 0.906250 0.233333 0.912500 0.681250 0.915625 0.950000 0.896875 0.935417
7 0.404844 0.908750 0.915625 0.891667 0.939063 0.922917 0.571875 0.922917 0.257812 0.925000 0.042188 0.927083 0.040625 0.912500 0.059375 0.891667 0.093750 0.897917 0.381250 0.900000 0.746875 0.895833
7 0.079545 0.514962 0.084375 0.935417 0.090625 0.595833 0.098437 0.260417 0.101562 0.116667 0.101562 0.087500 0.082812 0.066667 0.073438 0.208333 0.064062 0.616667 0.057813 0.881250 0.059375 0.950000 0.060937 0.945833
7 0.485069 0.114583 0.078125 0.125000 0.360938 0.125000 0.778125 0.125000 0.895312 0.141667 0.925000 0.106250 0.784375 0.091667 0.420312 0.097917 0.060937 0.095833 0.062500 0.122917
