7 0.433125 0.851250 0.085938 0.856250 0.129688 0.831250 0.934375 0.825000 0.931250 0.862500 0.084375 0.881250
7 0.114844 0.468750 0.131250 0.875000 0.131250 0.066667 0.100000 0.047917 0.096875 0.885417
7 0.504687 0.086458 0.090625 0.110417 0.912500 0.104167 0.923438 0.068750 0.092188 0.062500
7 0.894531 0.463542 0.885938 0.866667 0.871875 0.060417 0.901563 0.047917 0.918750 0.879167
5 0.892969 0.455208 0.878125 0.487500 0.907813 0.479167 0.907813 0.422917 0.878125 0.431250
6 0.120313 0.466667 0.109375 0.518750 0.137500 0.525000 0.131250 0.412500 0.103125 0.410417
0 0.499688 0.352917 0.490625 0.362500 0.503125 0.368750 0.510938 0.354167 0.503125 0.337500 0.490625 0.341667
1 0.457188 0.365417 0.450000 0.375000 0.462500 0.375000 0.465625 0.360417 0.457813 0.354167 0.450000 0.362500
1 0.693438 0.505417 0.684375 0.510417 0.698438 0.518750 0.706250 0.504167 0.693750 0.493750 0.684375 0.500000
1 0.870313 0.197500 0.860938 0.210417 0.875000 0.212500 0.884375 0.197917 0.871875 0.181250 0.859375 0.185417
2 0.485938 0.442361 0.465625 0.450000 0.481250 0.462500 0.509375 0.454167 0.509375 0.425000 0.481250 0.425000 0.468750 0.437500
3 0.522917 0.534028 0.478125 0.568750 0.517188 0.550000 0.528125 0.600000 0.548438 0.587500 0.534375 0.543750 0.571875 0.525000 0.564063 0.504167 0.531250 0.510417 0.517188 0.472917 0.500000 0.479167 0.509375 0.525000 0.475000 0.541667
1 0.123750 0.431667 0.121875 0.443750 0.129688 0.441667 0.129688 0.422917 0.120313 0.418750 0.117188 0.431250
4 0.479427 0.402691 0.460938 0.468750 0.478125 0.468750 0.510938 0.462500 0.528125 0.450000 0.531250 0.425000 0.518750 0.410417 0.532813 0.387500 0.532813 0.362500 0.528125 0.341667 0.512500 0.343750 0.506250 0.350000 0.501563 0.360417 0.481250 0.362500 0.456250 0.368750 0.446875 0.366667 0.431250 0.366667 0.428125 0.375000 0.429688 0.406250 0.431250 0.412500 0.443750 0.418750 0.465625 0.418750 0.453125 0.431250 0.446875 0.443750 0.450000 0.462500
