1 0.873437 0.046354 0.862500 0.041667 0.871875 0.060417 0.881250 0.047917 0.878125 0.035417
5 0.873437 0.414062 0.868750 0.387500 0.881250 0.385417 0.881250 0.441667 0.862500 0.441667
6 0.117969 0.375000 0.125000 0.325000 0.112500 0.325000 0.109375 0.425000 0.125000 0.425000
7 0.498047 0.394271 0.125000 0.016667 0.120313 0.735417 0.862500 0.787500 0.884375 0.037500
0 0.435156 0.618229 0.434375 0.597917 0.421875 0.606250 0.418750 0.625000 0.426563 0.635417 0.439063 0.637500 0.446875 0.631250 0.450000 0.612500 0.443750 0.600000
1 0.376758 0.621615 0.378125 0.600000 0.364063 0.606250 0.359375 0.625000 0.367188 0.637500 0.378125 0.643750 0.390625 0.635417 0.392188 0.618750 0.384375 0.606250
1 0.356055 0.483854 0.353125 0.462500 0.343750 0.472917 0.340625 0.487500 0.346875 0.500000 0.356250 0.500000 0.368750 0.493750 0.371875 0.485417 0.367188 0.468750
1 0.129102 0.574740 0.128125 0.554167 0.117188 0.562500 0.112500 0.577083 0.117188 0.591667 0.129688 0.595833 0.142187 0.587500 0.146875 0.570833 0.139063 0.558333
1 0.138281 0.634115 0.135937 0.614583 0.125000 0.620833 0.120313 0.637500 0.126562 0.652083 0.140625 0.654167 0.153125 0.645833 0.156250 0.631250 0.148438 0.616667
1 0.589453 0.634115 0.589063 0.612500 0.576562 0.620833 0.571875 0.635417 0.578125 0.652083 0.592187 0.654167 0.601562 0.650000 0.606250 0.631250 0.600000 0.616667
1 0.587305 0.390625 0.587500 0.370833 0.573438 0.377083 0.568750 0.393750 0.578125 0.408333 0.590625 0.410417 0.600000 0.402083 0.603125 0.387500 0.596875 0.375000
1 0.735156 0.275260 0.734375 0.252083 0.721875 0.260417 0.718750 0.277083 0.723437 0.291667 0.737500 0.297917 0.746875 0.291667 0.753125 0.275000 0.745313 0.256250
2 0.781676 0.500758 0.771875 0.464583 0.760938 0.472917 0.753125 0.493750 0.757812 0.512500 0.767188 0.529167 0.782813 0.535417 0.796875 0.531250 0.806250 0.520833 0.812500 0.500000 0.801562 0.479167 0.787500 0.468750
3 0.451042 0.287326 0.445312 0.216667 0.435937 0.266667 0.403125 0.260417 0.395313 0.295833 0.434375 0.302083 0.425000 0.345833 0.457813 0.360417 0.462500 0.310417 0.501563 0.316667 0.507812 0.281250 0.465625 0.270833 0.478125 0.220833
4 0.341360 0.521078 0.276562 0.529167 0.298438 0.550000 0.306250 0.541667 0.309375 0.547917 0.346875 0.572917 0.342187 0.583333 0.367188 0.600000 0.390625 0.552083 0.376563 0.539583 0.375000 0.512500 0.385937 0.491667 0.379688 0.466667 0.368750 0.456250 0.348438 0.454167 0.325000 0.491667 0.312500 0.485417 0.293750 0.483333
