1 0.006875 0.694167 0.003125 0.679167 0.014063 0.685417 0.014063 0.712500 0.000000 0.712500 0.003125 0.681250
1 0.034375 0.510764 0.032813 0.525000 0.050000 0.518750 0.043750 0.497917 0.028125 0.493750 0.023438 0.504167 0.028125 0.525000
1 0.493229 0.468403 0.481250 0.479167 0.496875 0.481250 0.506250 0.466667 0.503125 0.456250 0.490625 0.454167 0.481250 0.472917
1 0.742188 0.044167 0.734375 0.054167 0.751563 0.060417 0.753125 0.031250 0.737500 0.025000 0.734375 0.050000
1 0.907813 0.403750 0.900000 0.412500 0.918750 0.412500 0.918750 0.393750 0.901563 0.387500 0.900000 0.412500
1 0.683750 0.644167 0.693750 0.637500 0.678125 0.629167 0.668750 0.650000 0.684375 0.662500 0.693750 0.641667
2 0.480273 0.115885 0.453125 0.112500 0.473438 0.135417 0.492188 0.135417 0.503125 0.129167 0.503125 0.116667 0.490625 0.091667 0.471875 0.087500 0.454688 0.118750
3 0.467428 0.489904 0.473438 0.500000 0.459375 0.550000 0.443750 0.547917 0.457813 0.493750 0.421875 0.481250 0.423438 0.462500 0.459375 0.475000 0.471875 0.431250 0.487500 0.431250 0.478125 0.479167 0.512500 0.487500 0.512500 0.522917 0.475000 0.506250
4 0.439560 0.344981 0.442188 0.372917 0.450000 0.391667 0.465625 0.387500 0.465625 0.400000 0.446875 0.410417 0.434375 0.404167 0.426563 0.385417 0.415625 0.404167 0.384375 0.393750 0.384375 0.362500 0.407813 0.293750 0.400000 0.293750 0.403125 0.254167 0.442188 0.268750 0.446875 0.304167 0.462500 0.300000 0.475000 0.304167 0.485938 0.318750 0.475000 0.325000 0.462500 0.316667 0.450000 0.329167 0.443750 0.368750
6 0.109062 0.453333 0.118750 0.406250 0.096875 0.406250 0.096875 0.516667 0.117188 0.525000 0.115625 0.412500
5 0.920937 0.463333 0.912500 0.441667 0.932813 0.443750 0.934375 0.487500 0.912500 0.500000 0.912500 0.443750
7 0.591250 0.281111 0.096875 0.404167 0.117188 0.406250 0.121875 0.087500 0.465625 0.087500 0.496875 0.087500 0.909375 0.097917 0.915625 0.387500 0.925000 0.393750 0.923438 0.418750 0.915625 0.418750 0.915625 0.437500 0.934375 0.443750 0.929688 0.072917 0.104688 0.066667 0.096875 0.406250
7 0.432188 0.691250 0.093750 0.518750 0.117188 0.531250 0.109375 0.862500 0.109375 0.862500 0.918750 0.862500 0.909375 0.504167 0.940625 0.493750 0.939063 0.879167 0.090625 0.879167 0.093750 0.518750
