0 0.151339 0.889583 0.159375 0.893750 0.156250 0.883333 0.153125 0.877083 0.142187 0.881250 0.142187 0.891667 0.150000 0.900000 0.156250 0.900000
1 0.145052 0.856944 0.146875 0.866667 0.153125 0.860417 0.150000 0.845833 0.142187 0.847917 0.134375 0.858333 0.143750 0.862500
1 0.090625 0.864323 0.084375 0.875000 0.092188 0.875000 0.096875 0.870833 0.096875 0.864583 0.095312 0.856250 0.090625 0.854167 0.085938 0.854167 0.082812 0.864583
1 0.105729 0.888194 0.100000 0.893750 0.107813 0.895833 0.112500 0.893750 0.110937 0.883333 0.104688 0.877083 0.098437 0.885417
1 0.127083 0.887500 0.121875 0.895833 0.128125 0.895833 0.137500 0.891667 0.132812 0.879167 0.121875 0.875000 0.120313 0.887500
1 0.642708 0.571875 0.637500 0.566667 0.634375 0.575000 0.640625 0.585417 0.651563 0.575000 0.648438 0.566667 0.643750 0.562500
2 0.238715 0.831250 0.215625 0.822917 0.221875 0.841667 0.232813 0.850000 0.245312 0.856250 0.256250 0.847917 0.257812 0.825000 0.253125 0.818750 0.237500 0.810417 0.228125 0.808333
3 0.512054 0.499851 0.510938 0.558333 0.515625 0.504167 0.550000 0.516667 0.556250 0.516667 0.557813 0.500000 0.520312 0.489583 0.520312 0.443750 0.512500 0.439583 0.503125 0.477083 0.503125 0.489583 0.462500 0.483333 0.462500 0.504167 0.498437 0.512500 0.495312 0.562500
4 0.683398 0.558420 0.632812 0.522917 0.642188 0.493750 0.662500 0.495833 0.668750 0.516667 0.717187 0.531250 0.725000 0.520833 0.742188 0.522917 0.742188 0.550000 0.737500 0.562500 0.734375 0.568750 0.720313 0.583333 0.723437 0.618750 0.717187 0.614583 0.714063 0.595833 0.709375 0.583333 0.689063 0.585417 0.675000 0.575000 0.654687 0.575000 0.643750 0.556250 0.629687 0.566667 0.631250 0.577083 0.625000 0.579167 0.625000 0.562500 0.639062 0.543750
6 0.896484 0.501042 0.884375 0.554167 0.909375 0.554167 0.906250 0.447917 0.885938 0.447917
6 0.082422 0.497917 0.090625 0.554167 0.070312 0.547917 0.073438 0.447917 0.095312 0.441667
7 0.897222 0.479861 0.895312 0.904167 0.887500 0.391667 0.876563 0.131250 0.876563 0.091667 0.895312 0.072917 0.903125 0.222917 0.914062 0.608333 0.921875 0.945833 0.904687 0.950000
7 0.432031 0.909722 0.081250 0.900000 0.121875 0.906250 0.170313 0.904167 0.242188 0.895833 0.559375 0.895833 0.903125 0.895833 0.935937 0.910417 0.937500 0.920833 0.767188 0.927083 0.387500 0.927083 0.037500 0.922917 0.040625 0.910417
7 0.076953 0.660937 0.079687 0.941667 0.082812 0.883333 0.075000 0.872917 0.078125 0.852083 0.084375 0.835417 0.093750 0.422917 0.103125 0.118750 0.100000 0.089583 0.085938 0.072917 0.075000 0.250000 0.067187 0.558333 0.059375 0.893750 0.057813 0.943750 0.056250 0.947917 0.060937 0.945833 0.071875 0.945833
7 0.458906 0.112292 0.071875 0.125000 0.189062 0.122917 0.465625 0.127083 0.709375 0.122917 0.898438 0.131250 0.918750 0.100000 0.718750 0.100000 0.401562 0.095833 0.153125 0.095833 0.062500 0.102083
