0 0.123438 0.325000 0.115625 0.335417 0.121875 0.337500 0.128125 0.337500 0.134375 0.337500 0.134375 0.329167 0.134375 0.322917 0.134375 0.318750 0.131250 0.312500 0.125000 0.310417 0.120313 0.310417 0.117188 0.312500 0.112500 0.316667 0.112500 0.325000 0.112500 0.331250 0.117188 0.337500
1 0.775000 0.717708 0.768750 0.731250 0.790625 0.725000 0.778125 0.704167 0.762500 0.710417
1 0.351562 0.852604 0.360938 0.837500 0.340625 0.837500 0.343750 0.866667 0.360938 0.868750
1 0.741797 0.039583 0.729688 0.037500 0.740625 0.054167 0.753125 0.041667 0.743750 0.025000
1 0.730078 0.113542 0.745313 0.112500 0.728125 0.097917 0.715625 0.112500 0.731250 0.131250
2 0.282422 0.756510 0.270313 0.775000 0.287500 0.781250 0.309375 0.762500 0.306250 0.741667 0.293750 0.725000 0.270313 0.737500 0.259375 0.754167 0.262500 0.775000
3 0.745793 0.703045 0.703125 0.712500 0.737500 0.697917 0.721875 0.650000 0.737500 0.637500 0.756250 0.687500 0.790625 0.672917 0.800000 0.691667 0.756250 0.710417 0.776563 0.756250 0.762500 0.762500 0.746875 0.718750 0.712500 0.731250 0.693750 0.710417
4 0.418257 0.456579 0.446875 0.462500 0.400000 0.479167 0.396875 0.493750 0.403125 0.510417 0.392188 0.518750 0.381250 0.500000 0.387500 0.475000 0.375000 0.472917 0.365625 0.460417 0.362500 0.425000 0.376563 0.418750 0.431250 0.393750 0.450000 0.381250 0.465625 0.418750 0.456250 0.429167 0.460938 0.443750 0.473438 0.456250 0.475000 0.475000 0.446875 0.460417
5 0.918750 0.461667 0.907813 0.443750 0.931250 0.447917 0.929688 0.481250 0.912500 0.491667 0.912500 0.443750
6 0.109062 0.446250 0.117188 0.404167 0.096875 0.404167 0.096875 0.506250 0.117188 0.518750 0.117188 0.397917
7 0.372708 0.257500 0.118750 0.400000 0.115625 0.341667 0.112500 0.337500 0.109375 0.318750 0.118750 0.306250 0.120313 0.087500 0.285938 0.081250 0.621875 0.087500 0.907813 0.093750 0.909375 0.441667 0.931250 0.443750 0.925000 0.068750 0.100000 0.066667 0.096875 0.393750 0.117188 0.393750
7 0.433413 0.727724 0.093750 0.510417 0.118750 0.525000 0.106250 0.860417 0.337500 0.856250 0.343750 0.868750 0.367188 0.872917 0.367188 0.862500 0.918750 0.860417 0.909375 0.500000 0.943750 0.481250 0.943750 0.875000 0.092188 0.868750 0.092188 0.518750
