0 0.963281 0.540104 0.954688 0.550000 0.962500 0.556250 0.971875 0.550000 0.975000 0.541667 0.971875 0.525000 0.962500 0.522917 0.954688 0.531250 0.953125 0.543750
1 0.679688 0.927083 0.675000 0.906250 0.668750 0.916667 0.668750 0.929167 0.673438 0.943750 0.682813 0.943750 0.690625 0.941667 0.693750 0.925000 0.684375 0.910417
1 0.492773 0.151823 0.484375 0.162500 0.493750 0.166667 0.500000 0.160417 0.503125 0.150000 0.500000 0.137500 0.492188 0.137500 0.484375 0.143750 0.484375 0.156250
1 0.328320 0.113542 0.325000 0.100000 0.318750 0.106250 0.318750 0.118750 0.325000 0.125000 0.331250 0.125000 0.337500 0.122917 0.337500 0.110417 0.332813 0.100000
1 0.139286 0.089881 0.134375 0.100000 0.145313 0.100000 0.150000 0.093750 0.148438 0.081250 0.140625 0.079167 0.131250 0.081250 0.125000 0.093750
1 0.183705 0.261012 0.187500 0.250000 0.179688 0.247917 0.175000 0.254167 0.171875 0.268750 0.181250 0.275000 0.193750 0.268750 0.196875 0.262500
1 0.068490 0.427778 0.065625 0.410417 0.073438 0.416667 0.075000 0.425000 0.071875 0.441667 0.065625 0.437500 0.059375 0.435417
1 0.126562 0.748437 0.123438 0.731250 0.131250 0.731250 0.137500 0.741667 0.137500 0.754167 0.129688 0.762500 0.120313 0.762500 0.117188 0.756250 0.115625 0.747917
1 0.477455 0.473810 0.481250 0.460417 0.487500 0.468750 0.485938 0.481250 0.481250 0.487500 0.470313 0.487500 0.465625 0.475000 0.470313 0.456250
3 0.454036 0.516840 0.440625 0.443750 0.460938 0.441667 0.462500 0.500000 0.509375 0.500000 0.509375 0.525000 0.465625 0.531250 0.468750 0.591667 0.446875 0.591667 0.443750 0.531250 0.398438 0.535417 0.398438 0.506250 0.443750 0.504167
4 0.476094 0.748229 0.446875 0.685417 0.503125 0.681250 0.509375 0.691667 0.512500 0.691667 0.512500 0.668750 0.534375 0.666667 0.537500 0.718750 0.525000 0.725000 0.518750 0.743750 0.506250 0.750000 0.506250 0.754167 0.512500 0.775000 0.510938 0.800000 0.493750 0.812500 0.492188 0.804167 0.503125 0.793750 0.503125 0.779167 0.493750 0.756250 0.481250 0.760417 0.478125 0.756250 0.475000 0.756250 0.471875 0.760417 0.465625 0.760417 0.460938 0.781250 0.468750 0.797917 0.475000 0.804167 0.475000 0.812500 0.462500 0.810417 0.450000 0.804167 0.446875 0.781250 0.450000 0.760417 0.437500 0.756250 0.434375 0.754167 0.421875 0.750000 0.426563 0.735417 0.423438 0.729167 0.415625 0.725000 0.415625 0.675000 0.442188 0.672917 0.443750 0.687500
2 0.469318 0.202083 0.468750 0.175000 0.478125 0.181250 0.487500 0.193750 0.492188 0.212500 0.489063 0.225000 0.478125 0.231250 0.465625 0.229167 0.453125 0.218750 0.443750 0.200000 0.450000 0.181250 0.456250 0.175000
