0 0.507977 0.336513 0.500000 0.329167 0.496875 0.331250 0.496875 0.337500 0.496875 0.343750 0.500000 0.347917 0.506250 0.350000 0.509375 0.350000 0.512500 0.350000 0.515625 0.347917 0.515625 0.341667 0.512500 0.347917 0.517188 0.337500 0.517188 0.331250 0.512500 0.329167 0.512500 0.325000 0.510938 0.322917 0.509375 0.322917 0.506250 0.322917 0.503125 0.325000
1 0.744375 0.038750 0.750000 0.029167 0.731250 0.025000 0.731250 0.054167 0.753125 0.054167 0.756250 0.031250
1 0.727500 0.110833 0.735938 0.100000 0.721875 0.100000 0.715625 0.118750 0.721875 0.129167 0.742188 0.106250
1 0.908438 0.394583 0.909375 0.385417 0.896875 0.387500 0.900000 0.406250 0.923438 0.406250 0.912500 0.387500
1 0.532500 0.389167 0.534375 0.381250 0.521875 0.381250 0.528125 0.406250 0.543750 0.397917 0.534375 0.379167
5 0.924375 0.463333 0.912500 0.441667 0.934375 0.443750 0.939063 0.493750 0.917188 0.493750 0.918750 0.443750
6 0.109062 0.450417 0.118750 0.412500 0.093750 0.410417 0.096875 0.500000 0.120313 0.516667 0.115625 0.412500
2 0.191406 0.206424 0.181250 0.231250 0.193750 0.235417 0.203125 0.225000 0.212500 0.212500 0.215625 0.200000 0.207813 0.181250 0.196875 0.175000 0.190625 0.175000 0.176563 0.191667 0.171875 0.206250 0.170313 0.218750 0.176563 0.225000
4 0.418006 0.444643 0.446875 0.381250 0.434375 0.385417 0.431250 0.400000 0.379688 0.425000 0.371875 0.416667 0.353125 0.425000 0.368750 0.468750 0.376563 0.462500 0.384375 0.475000 0.395313 0.468750 0.406250 0.475000 0.409375 0.497917 0.418750 0.510417 0.442188 0.506250 0.450000 0.485417 0.440625 0.456250 0.439063 0.443750 0.456250 0.437500 0.454688 0.418750 0.465625 0.418750 0.453125 0.379167
3 0.519351 0.362981 0.517188 0.350000 0.471875 0.337500 0.468750 0.356250 0.509375 0.372917 0.500000 0.422917 0.515625 0.431250 0.525000 0.375000 0.564063 0.393750 0.568750 0.368750 0.532813 0.356250 0.537500 0.306250 0.523438 0.297917 0.517188 0.350000
7 0.436875 0.398333 0.121875 0.081250 0.909375 0.093750 0.921875 0.866667 0.109375 0.862500 0.121875 0.087500
