0 0.169531 0.030729 0.165625 0.016667 0.160938 0.031250 0.171875 0.043750 0.179688 0.031250
1 0.183333 0.178472 0.185938 0.162500 0.175000 0.168750 0.175000 0.181250 0.179688 0.191667 0.190625 0.191667 0.193750 0.175000
2 0.151758 0.208073 0.129688 0.206250 0.134375 0.218750 0.150000 0.229167 0.165625 0.225000 0.175000 0.212500 0.168750 0.193750 0.153125 0.187500 0.137500 0.191667
1 0.351953 0.482812 0.353125 0.472917 0.345313 0.479167 0.350000 0.493750 0.359375 0.485417
1 0.510938 0.536458 0.515625 0.525000 0.503125 0.531250 0.506250 0.547917 0.518750 0.541667
1 0.338672 0.569792 0.340625 0.560417 0.331250 0.566667 0.335938 0.579167 0.346875 0.572917
1 0.256250 0.591667 0.256250 0.579167 0.248438 0.587500 0.250000 0.604167 0.259375 0.600000 0.267188 0.587500
1 0.440625 0.587083 0.434375 0.579167 0.431250 0.593750 0.443750 0.600000 0.450000 0.587500 0.443750 0.575000
3 0.522656 0.462500 0.518750 0.397917 0.515625 0.447917 0.475000 0.443750 0.471875 0.466667 0.509375 0.475000 0.496875 0.522917 0.531250 0.529167 0.532813 0.479167 0.568750 0.487500 0.575000 0.456250 0.534375 0.450000 0.542188 0.393750
4 0.342969 0.525284 0.270313 0.525000 0.298438 0.543750 0.306250 0.541667 0.329688 0.556250 0.340625 0.550000 0.343750 0.556250 0.350000 0.568750 0.348438 0.581250 0.356250 0.593750 0.387500 0.554167 0.368750 0.537500 0.364063 0.537500 0.367188 0.525000 0.365625 0.516667 0.362500 0.516667 0.378125 0.493750 0.371875 0.466667 0.353125 0.454167 0.334375 0.466667 0.332813 0.487500 0.321875 0.497917 0.293750 0.485417
1 0.237812 0.687083 0.239063 0.675000 0.225000 0.681250 0.231250 0.700000 0.243750 0.697917 0.250000 0.681250
5 0.876953 0.448437 0.871875 0.416667 0.887500 0.418750 0.881250 0.479167 0.867188 0.479167
6 0.126367 0.379688 0.120313 0.335417 0.115625 0.431250 0.131250 0.431250 0.131250 0.381250 0.125000 0.375000 0.125000 0.366667 0.131250 0.362500 0.131250 0.354167
7 0.505078 0.409375 0.150000 0.018750 0.109375 0.731250 0.853125 0.818750 0.907813 0.068750
