0 0.291406 0.567187 0.020313 0.021875
1 0.211719 0.690625 0.017188 0.021875
1 0.384375 0.620313 0.018750 0.021875
1 0.500781 0.143750 0.020313 0.025000
1 0.672656 0.455469 0.020313 0.026562
1 0.708594 0.353125 0.023438 0.021875
1 0.725781 0.299219 0.023438 0.026562
1 0.745313 0.288281 0.021875 0.026562
1 0.780469 0.177344 0.026562 0.032813
2 0.591406 0.446094 0.042188 0.045312
3 0.503125 0.355469 0.096875 0.110937
4 0.309375 0.443750 0.081250 -0.125000
5 0.800781 0.388281 0.029687 0.057813
6 0.108594 0.385937 0.035937 -0.106250
7 0.096875 0.392969 0.062500 -0.745313
7 0.461719 0.046094 -0.745313 0.057813
7 0.453906 0.740625 -0.776563 -0.062500
7 0.810937 0.393750 0.056250 0.753125
