0 0.396875 0.482500 0.387500 0.493750 0.400000 0.493750 0.409375 0.481250 0.400000 0.468750 0.387500 0.475000
1 0.180938 0.328333 0.175000 0.343750 0.192188 0.337500 0.193750 0.318750 0.175000 0.310417 0.168750 0.331250
1 0.492500 0.615833 0.490625 0.600000 0.503125 0.610417 0.503125 0.631250 0.487500 0.631250 0.478125 0.606250
1 0.692969 0.508681 0.690625 0.525000 0.704688 0.510417 0.704688 0.497917 0.690625 0.493750 0.682813 0.506250 0.684375 0.518750
1 0.868490 0.200000 0.860938 0.212500 0.854688 0.193750 0.865625 0.181250 0.878125 0.187500 0.881250 0.206250 0.870313 0.218750
2 0.502539 0.581771 0.485938 0.600000 0.500000 0.606250 0.517188 0.597917 0.526563 0.572917 0.518750 0.554167 0.503125 0.556250 0.487500 0.575000 0.481250 0.591667
3 0.523884 0.542560 0.531250 0.600000 0.525000 0.568750 0.518750 0.547917 0.478125 0.568750 0.475000 0.543750 0.512500 0.525000 0.501563 0.481250 0.515625 0.475000 0.528125 0.518750 0.564063 0.506250 0.568750 0.525000 0.534375 0.543750 0.550000 0.587500 0.531250 0.604167
4 0.369565 0.457790 0.334375 0.493750 0.340625 0.487500 0.346875 0.493750 0.353125 0.481250 0.364063 0.485417 0.371875 0.491667 0.381250 0.506250 0.395313 0.506250 0.406250 0.500000 0.412500 0.485417 0.410938 0.462500 0.398438 0.454167 0.390625 0.435417 0.396875 0.425000 0.396875 0.416667 0.403125 0.400000 0.376563 0.368750 0.365625 0.387500 0.368750 0.400000 0.329688 0.450000 0.321875 0.447917 0.309375 0.462500 0.325000 0.487500
5 0.890234 0.459375 0.885938 0.437500 0.893750 0.437500 0.893750 0.481250 0.887500 0.481250
6 0.125391 0.469792 0.128125 0.422917 0.129688 0.518750 0.121875 0.518750 0.121875 0.418750
7 0.507422 0.469792 0.131250 0.106250 0.876563 0.100000 0.893750 0.829167 0.128125 0.843750
