3 0.526823 0.462847 0.523438 0.393750 0.517188 0.454167 0.478125 0.437500 0.475000 0.468750 0.512500 0.475000 0.503125 0.518750 0.532813 0.525000 0.534375 0.481250 0.575000 0.491667 0.579688 0.456250 0.542188 0.454167 0.548438 0.397917
4 0.342434 0.526535 0.281250 0.529167 0.298438 0.543750 0.306250 0.541667 0.331250 0.556250 0.343750 0.547917 0.353125 0.556250 0.356250 0.566667 0.346875 0.581250 0.365625 0.587500 0.384375 0.572917 0.371875 0.550000 0.368750 0.518750 0.378125 0.491667 0.371875 0.462500 0.353125 0.454167 0.340625 0.472917 0.332813 0.487500 0.321875 0.497917 0.300000 0.485417
5 0.874219 0.413542 0.868750 0.385417 0.881250 0.387500 0.881250 0.437500 0.865625 0.443750
6 0.117578 0.374479 0.125000 0.325000 0.112500 0.322917 0.107813 0.425000 0.125000 0.425000
1 0.455078 0.061979 0.456250 0.041667 0.443750 0.047917 0.439063 0.062500 0.443750 0.079167 0.454688 0.081250 0.465625 0.075000 0.471875 0.060417 0.465625 0.047917
1 0.520312 0.164323 0.518750 0.143750 0.510938 0.147917 0.503125 0.162500 0.506250 0.181250 0.521875 0.187500 0.532813 0.179167 0.537500 0.162500 0.531250 0.150000
1 0.733789 0.273177 0.731250 0.250000 0.718750 0.254167 0.715625 0.275000 0.721875 0.293750 0.737500 0.297917 0.750000 0.287500 0.751563 0.272917 0.743750 0.254167
1 0.845898 0.563542 0.850000 0.537500 0.834375 0.543750 0.828125 0.562500 0.831250 0.579167 0.845313 0.585417 0.859375 0.581250 0.862500 0.568750 0.856250 0.550000
1 0.645898 0.728906 0.643750 0.706250 0.631250 0.716667 0.631250 0.735417 0.637500 0.743750 0.650000 0.750000 0.662500 0.741667 0.659375 0.725000 0.651563 0.712500
1 0.514509 0.537202 0.518750 0.516667 0.503125 0.518750 0.500000 0.537500 0.503125 0.554167 0.517188 0.554167 0.531250 0.550000 0.528125 0.529167
2 0.779427 0.498611 0.771875 0.462500 0.756250 0.468750 0.751563 0.493750 0.753125 0.510417 0.762500 0.525000 0.776563 0.531250 0.790625 0.535417 0.800000 0.525000 0.809375 0.506250 0.804688 0.487500 0.793750 0.475000 0.782813 0.462500
1 0.354297 0.483594 0.356250 0.462500 0.346875 0.466667 0.340625 0.479167 0.340625 0.493750 0.350000 0.500000 0.362500 0.500000 0.368750 0.493750 0.368750 0.472917
1 0.341667 0.564815 0.345313 0.547917 0.334375 0.550000 0.328125 0.560417 0.328125 0.575000 0.335938 0.581250 0.346875 0.585417 0.353125 0.572917 0.353125 0.560417 0.350000 0.550000
7 0.497656 0.394271 0.121875 0.016667 0.125000 0.731250 0.862500 0.787500 0.881250 0.041667
0 0.178320 0.023698 0.176563 0.006250 0.165625 0.010417 0.162500 0.025000 0.168750 0.041667 0.181250 0.041667 0.192188 0.035417 0.193750 0.022917 0.185938 0.006250
