7 0.581771 0.302083 0.096875 0.412500 0.118750 0.410417 0.125000 0.085417 0.903125 0.093750 0.917188 0.381250 0.923438 0.393750 0.915625 0.412500 0.912500 0.443750 0.932813 0.456250 0.931250 0.072917 0.104688 0.056250 0.100000 0.406250
7 0.467361 0.669213 0.096875 0.518750 0.115625 0.516667 0.115625 0.856250 0.917188 0.868750 0.912500 0.497917 0.934375 0.497917 0.934375 0.872917 0.085938 0.875000 0.093750 0.518750
6 0.108438 0.450000 0.120313 0.410417 0.096875 0.406250 0.089063 0.510417 0.120313 0.510417 0.115625 0.412500
5 0.920312 0.473750 0.903125 0.450000 0.939063 0.454167 0.939063 0.506250 0.912500 0.504167 0.907813 0.454167
1 0.541563 0.433333 0.550000 0.425000 0.537500 0.418750 0.526563 0.437500 0.540625 0.450000 0.553125 0.435417
4 0.516780 0.429348 0.515625 0.460417 0.550000 0.462500 0.559375 0.447917 0.554688 0.437500 0.534375 0.450000 0.518750 0.447917 0.521875 0.425000 0.528125 0.418750 0.543750 0.425000 0.556250 0.412500 0.528125 0.400000 0.526563 0.375000 0.506250 0.356250 0.506250 0.350000 0.471875 0.350000 0.475000 0.381250 0.478125 0.456250 0.465625 0.454167 0.473438 0.481250 0.496875 0.487500 0.506250 0.468750 0.518750 0.460417 0.550000 0.466667
1 0.909115 0.399306 0.903125 0.418750 0.921875 0.404167 0.921875 0.387500 0.907813 0.381250 0.898438 0.391667 0.901563 0.412500
1 0.846250 0.589583 0.845313 0.604167 0.856250 0.591667 0.850000 0.572917 0.835938 0.579167 0.843750 0.600000
2 0.476116 0.112500 0.460938 0.093750 0.490625 0.093750 0.503125 0.118750 0.496875 0.137500 0.465625 0.137500 0.453125 0.112500 0.462500 0.093750
3 0.595673 0.526122 0.550000 0.550000 0.562500 0.562500 0.596875 0.537500 0.606250 0.587500 0.631250 0.579167 0.612500 0.522917 0.646875 0.510417 0.637500 0.491667 0.604688 0.506250 0.590625 0.462500 0.568750 0.468750 0.585938 0.518750 0.550000 0.541667
1 0.741250 0.039583 0.746875 0.029167 0.729688 0.035417 0.731250 0.047917 0.746875 0.054167 0.751563 0.031250
