7 0.480729 0.114583 0.881250 0.106250 0.857812 0.131250 0.109375 0.135417 0.078125 0.118750 0.079687 0.102083 0.878125 0.093750
7 0.861719 0.479514 0.839063 0.095833 0.854688 0.072917 0.864062 0.075000 0.882812 0.879167 0.873437 0.885417 0.856250 0.868750
7 0.478906 0.854861 0.870313 0.831250 0.896875 0.847917 0.896875 0.858333 0.064062 0.879167 0.064062 0.864583 0.081250 0.847917
7 0.099740 0.490625 0.096875 0.081250 0.104688 0.081250 0.118750 0.100000 0.109375 0.879167 0.089063 0.900000 0.079687 0.902083
0 0.413021 0.616667 0.407813 0.608333 0.403125 0.620833 0.409375 0.629167 0.420312 0.625000 0.421875 0.610417 0.415625 0.606250
1 0.170052 0.428125 0.164062 0.422917 0.160938 0.429167 0.165625 0.439583 0.176563 0.437500 0.179688 0.422917 0.173437 0.416667
1 0.271615 0.339236 0.267188 0.329167 0.262500 0.337500 0.264062 0.347917 0.271875 0.350000 0.284375 0.341667 0.279687 0.329167
1 0.675260 0.177083 0.676562 0.164583 0.667188 0.170833 0.667188 0.187500 0.673438 0.189583 0.682813 0.181250 0.684375 0.168750
1 0.218750 0.601736 0.218750 0.589583 0.210938 0.593750 0.209375 0.612500 0.217188 0.614583 0.228125 0.606250 0.228125 0.593750
1 0.240625 0.774167 0.243750 0.758333 0.232813 0.764583 0.231250 0.781250 0.243750 0.789583 0.251563 0.777083
1 0.127865 0.834028 0.126562 0.822917 0.117188 0.827083 0.118750 0.841667 0.129688 0.845833 0.137500 0.839583 0.137500 0.827083
1 0.850000 0.668750 0.848437 0.658333 0.839063 0.664583 0.843750 0.679167 0.859375 0.675000 0.859375 0.666667
2 0.389062 0.419940 0.385937 0.393750 0.378125 0.406250 0.371875 0.433333 0.385937 0.447917 0.398438 0.441667 0.403125 0.420833 0.400000 0.395833
3 0.726562 0.563021 0.682813 0.552083 0.682813 0.581250 0.715625 0.583333 0.714063 0.622917 0.734375 0.622917 0.734375 0.581250 0.765625 0.583333 0.767188 0.550000 0.737500 0.547917 0.740625 0.493750 0.723437 0.491667 0.720313 0.545833
4 0.457155 0.597588 0.400000 0.616667 0.403125 0.589583 0.414062 0.585417 0.423438 0.566667 0.417187 0.560417 0.432812 0.533333 0.437500 0.531250 0.448437 0.539583 0.448437 0.550000 0.489063 0.587500 0.492188 0.600000 0.498437 0.589583 0.509375 0.600000 0.496875 0.633333 0.490625 0.631250 0.479687 0.641667 0.476562 0.660417 0.467187 0.670833 0.460938 0.666667
5 0.860156 0.471875 0.848437 0.450000 0.871875 0.443750 0.871875 0.497917 0.848437 0.495833
6 0.101172 0.482292 0.114062 0.433333 0.089063 0.429167 0.089063 0.533333 0.112500 0.533333
