0 0.167187 0.029167 0.165625 0.012500 0.153125 0.031250 0.170313 0.043750 0.179688 0.029167
3 0.523958 0.461979 0.517188 0.393750 0.517188 0.447917 0.478125 0.441667 0.475000 0.475000 0.509375 0.475000 0.503125 0.516667 0.534375 0.518750 0.532813 0.481250 0.568750 0.487500 0.573438 0.456250 0.534375 0.450000 0.543750 0.400000
4 0.337747 0.524671 0.275000 0.531250 0.293750 0.543750 0.303125 0.541667 0.318750 0.562500 0.331250 0.547917 0.353125 0.556250 0.346875 0.581250 0.353125 0.591667 0.384375 0.562500 0.371875 0.547917 0.365625 0.531250 0.360938 0.516667 0.376563 0.493750 0.371875 0.462500 0.348438 0.456250 0.332813 0.468750 0.325000 0.485417 0.317188 0.500000 0.287500 0.487500
5 0.876953 0.449479 0.870313 0.418750 0.887500 0.418750 0.884375 0.479167 0.865625 0.481250
6 0.126953 0.376563 0.134375 0.331250 0.118750 0.322917 0.115625 0.431250 0.131250 0.431250 0.131250 0.385417 0.128125 0.379167 0.125000 0.368750 0.131250 0.362500
7 0.503516 0.411458 0.143750 0.018750 0.109375 0.735417 0.853125 0.818750 0.907813 0.072917
1 0.351953 0.483333 0.356250 0.462500 0.345313 0.466667 0.337500 0.475000 0.337500 0.491667 0.345313 0.504167 0.359375 0.500000 0.367188 0.491667 0.367188 0.475000
1 0.337723 0.567560 0.343750 0.550000 0.329688 0.550000 0.325000 0.562500 0.325000 0.579167 0.337500 0.587500 0.350000 0.581250 0.353125 0.562500
1 0.255664 0.589323 0.254688 0.566667 0.243750 0.575000 0.239063 0.591667 0.243750 0.606250 0.256250 0.610417 0.268750 0.606250 0.273438 0.585417 0.265625 0.572917
1 0.236719 0.686458 0.239063 0.662500 0.225000 0.668750 0.221875 0.687500 0.225000 0.697917 0.231250 0.706250 0.243750 0.706250 0.256250 0.693750 0.251563 0.668750
1 0.442383 0.589844 0.443750 0.568750 0.434375 0.572917 0.428125 0.587500 0.426563 0.600000 0.437500 0.610417 0.450000 0.610417 0.460938 0.593750 0.457813 0.575000
1 0.514236 0.533333 0.518750 0.506250 0.506250 0.510417 0.496875 0.529167 0.500000 0.543750 0.506250 0.554167 0.518750 0.554167 0.528125 0.547917 0.528125 0.535417 0.525000 0.518750
1 0.183398 0.174219 0.185938 0.154167 0.171875 0.156250 0.165625 0.168750 0.170313 0.187500 0.179688 0.193750 0.193750 0.193750 0.203125 0.179167 0.196875 0.160417
1 0.146680 0.268490 0.148438 0.250000 0.134375 0.250000 0.131250 0.262500 0.134375 0.281250 0.145313 0.287500 0.156250 0.287500 0.162500 0.275000 0.160938 0.254167
2 0.151923 0.210737 0.153125 0.179167 0.140625 0.181250 0.128125 0.187500 0.125000 0.206250 0.125000 0.222917 0.131250 0.231250 0.140625 0.237500 0.156250 0.237500 0.168750 0.237500 0.179688 0.231250 0.181250 0.212500 0.179688 0.193750 0.165625 0.181250
