0 0.662054 0.578571 0.653125 0.572917 0.653125 0.581250 0.662500 0.587500 0.667188 0.585417 0.668750 0.581250 0.667188 0.572917 0.662500 0.568750
1 0.696875 0.571094 0.690625 0.568750 0.690625 0.575000 0.696875 0.575000 0.700000 0.581250 0.703125 0.575000 0.704688 0.568750 0.698438 0.562500 0.690625 0.562500
1 0.526563 0.518452 0.528125 0.510417 0.525000 0.510417 0.518750 0.518750 0.521875 0.525000 0.526563 0.525000 0.532813 0.522917 0.532813 0.516667
1 0.546484 0.521354 0.550000 0.510417 0.542188 0.510417 0.540625 0.518750 0.540625 0.525000 0.540625 0.529167 0.546875 0.529167 0.554688 0.529167 0.556250 0.518750
1 0.613125 0.779583 0.621875 0.768750 0.612500 0.762500 0.609375 0.768750 0.603125 0.775000 0.606250 0.785417 0.609375 0.787500 0.612500 0.787500 0.615625 0.791667 0.618750 0.787500 0.621875 0.781250
1 0.151367 0.751563 0.154688 0.741667 0.150000 0.743750 0.145313 0.747917 0.143750 0.754167 0.148438 0.760417 0.150000 0.760417 0.159375 0.760417 0.159375 0.743750
2 0.630469 0.450417 0.618750 0.437500 0.610938 0.443750 0.610938 0.460417 0.617188 0.466667 0.628125 0.475000 0.640625 0.466667 0.653125 0.456250 0.650000 0.443750 0.643750 0.429167 0.631250 0.425000
3 0.510026 0.494444 0.512500 0.556250 0.518750 0.504167 0.559375 0.504167 0.559375 0.491667 0.521875 0.485417 0.518750 0.431250 0.506250 0.431250 0.503125 0.487500 0.462500 0.479167 0.459375 0.500000 0.501563 0.506250 0.496875 0.556250
4 0.645312 0.545743 0.612500 0.543750 0.604688 0.500000 0.628125 0.504167 0.631250 0.516667 0.684375 0.506250 0.682813 0.493750 0.710938 0.487500 0.714063 0.529167 0.712500 0.547917 0.712500 0.560417 0.684375 0.556250 0.650000 0.562500 0.635938 0.566667 0.628125 0.562500 0.620313 0.566667 0.612500 0.575000 0.618750 0.587500 0.609375 0.587500 0.609375 0.579167 0.612500 0.566667 0.617188 0.560417 0.625000 0.550000 0.625000 0.541667
6 0.898438 0.499479 0.887500 0.547917 0.909375 0.550000 0.909375 0.450000 0.887500 0.450000
6 0.080469 0.497917 0.090625 0.547917 0.065625 0.543750 0.068750 0.450000 0.096875 0.450000
7 0.898438 0.506944 0.896875 0.900000 0.881250 0.356250 0.881250 0.131250 0.871875 0.087500 0.900000 0.075000 0.909375 0.391667 0.917188 0.722917 0.918750 0.947917 0.909375 0.950000
7 0.414931 0.907407 0.915625 0.891667 0.937500 0.918750 0.515625 0.925000 0.165625 0.922917 0.040625 0.918750 0.046875 0.906250 0.078125 0.891667 0.353125 0.900000 0.681250 0.891667
7 0.078835 0.492045 0.078125 0.937500 0.090625 0.610417 0.100000 0.281250 0.100000 0.118750 0.103125 0.093750 0.084375 0.072917 0.076563 0.200000 0.059375 0.481250 0.059375 0.722917 0.056250 0.943750 0.059375 0.950000
7 0.561406 0.112083 0.068750 0.118750 0.403125 0.125000 0.643750 0.125000 0.871875 0.125000 0.901563 0.131250 0.921875 0.106250 0.918750 0.100000 0.581250 0.097917 0.243750 0.097917 0.059375 0.093750
