0 0.127344 0.413889 0.129688 0.425000 0.139063 0.418750 0.134375 0.406250 0.123438 0.400000 0.115625 0.410417 0.121875 0.422917
1 0.770052 0.916319 0.768750 0.931250 0.784375 0.925000 0.778125 0.910417 0.768750 0.900000 0.760938 0.906250 0.759375 0.925000
1 0.367383 0.910677 0.360938 0.929167 0.371875 0.925000 0.379688 0.918750 0.378125 0.906250 0.371875 0.900000 0.367188 0.893750 0.356250 0.900000 0.353125 0.912500
1 0.839063 0.081250 0.829688 0.091667 0.839063 0.093750 0.846875 0.087500 0.850000 0.079167 0.845313 0.066667 0.834375 0.068750 0.828125 0.081250
1 0.424219 0.090625 0.423438 0.104167 0.431250 0.100000 0.431250 0.085417 0.428125 0.079167 0.418750 0.081250 0.412500 0.093750
1 0.063281 0.385069 0.057813 0.400000 0.071875 0.393750 0.071875 0.385417 0.068750 0.375000 0.059375 0.375000 0.050000 0.381250
1 0.329688 0.148958 0.325000 0.160417 0.332813 0.160417 0.337500 0.150000 0.335938 0.141667 0.328125 0.137500 0.318750 0.143750
1 0.306771 0.074653 0.300000 0.087500 0.312500 0.087500 0.315625 0.075000 0.309375 0.066667 0.304688 0.062500 0.298438 0.068750
2 0.555382 0.097222 0.543750 0.129167 0.559375 0.125000 0.573438 0.106250 0.575000 0.081250 0.571875 0.068750 0.559375 0.062500 0.543750 0.079167 0.534375 0.106250 0.537500 0.116667
3 0.911538 0.885417 0.923438 0.887500 0.962500 0.850000 0.948438 0.835417 0.917188 0.868750 0.884375 0.818750 0.871875 0.831250 0.898438 0.881250 0.860938 0.918750 0.871875 0.937500 0.906250 0.906250 0.934375 0.950000 0.946875 0.937500 0.923438 0.887500
4 0.710473 0.591610 0.700000 0.650000 0.714063 0.650000 0.715625 0.641667 0.720313 0.610417 0.709375 0.600000 0.706250 0.587500 0.690625 0.587500 0.668750 0.593750 0.659375 0.606250 0.662500 0.622917 0.656250 0.616667 0.659375 0.604167 0.662500 0.587500 0.675000 0.579167 0.684375 0.575000 0.689063 0.568750 0.684375 0.562500 0.684375 0.547917 0.684375 0.535417 0.673438 0.529167 0.690625 0.493750 0.709375 0.504167 0.706250 0.518750 0.760938 0.562500 0.768750 0.556250 0.790625 0.568750 0.787500 0.587500 0.781250 0.600000 0.768750 0.618750 0.746875 0.610417 0.743750 0.616667 0.735938 0.612500 0.729688 0.612500 0.721875 0.616667 0.725000 0.637500 0.715625 0.656250 0.704688 0.660417
6 0.951172 0.499479 0.945312 0.556250 0.957812 0.556250 0.956250 0.441667 0.945312 0.443750
6 0.029687 0.491667 0.034375 0.550000 0.021875 0.547917 0.025000 0.433333 0.037500 0.435417
7 0.491016 0.505729 0.053125 0.062500 0.932813 0.070833 0.953125 0.950000 0.025000 0.939583
