0 0.891406 0.496181 0.893750 0.481250 0.887500 0.487500 0.884375 0.500000 0.887500 0.510417 0.896875 0.510417 0.898438 0.487500
1 0.174132 0.733102 0.165625 0.743750 0.175000 0.747917 0.181250 0.743750 0.185938 0.741667 0.185938 0.731250 0.175000 0.712500 0.170313 0.716667 0.165625 0.725000 0.162500 0.735417
1 0.398242 0.744271 0.392188 0.754167 0.400000 0.760417 0.410938 0.756250 0.409375 0.737500 0.400000 0.725000 0.393750 0.729167 0.392188 0.741667 0.387500 0.750000
1 0.748214 0.770238 0.756250 0.756250 0.760938 0.772917 0.756250 0.785417 0.745313 0.787500 0.737500 0.775000 0.734375 0.760417 0.746875 0.754167
1 0.797656 0.695000 0.787500 0.697917 0.787500 0.706250 0.796875 0.712500 0.807813 0.712500 0.809375 0.700000 0.809375 0.687500 0.803125 0.681250 0.796875 0.679167 0.790625 0.681250 0.787500 0.691667
1 0.888281 0.464583 0.893750 0.454167 0.884375 0.456250 0.881250 0.466667 0.881250 0.475000 0.892188 0.479167 0.896875 0.456250
2 0.603125 0.701157 0.600000 0.729167 0.612500 0.731250 0.621875 0.706250 0.620313 0.685417 0.609375 0.666667 0.590625 0.668750 0.585938 0.687500 0.587500 0.706250 0.600000 0.729167
3 0.544351 0.389583 0.537500 0.400000 0.546875 0.447917 0.562500 0.447917 0.557813 0.397917 0.593750 0.381250 0.587500 0.362500 0.548438 0.375000 0.542188 0.329167 0.525000 0.335417 0.534375 0.379167 0.500000 0.391667 0.503125 0.412500 0.537500 0.404167
4 0.378841 0.572830 0.346875 0.647917 0.367188 0.637500 0.364063 0.629167 0.415625 0.604167 0.439063 0.600000 0.431250 0.556250 0.418750 0.562500 0.410938 0.550000 0.418750 0.531250 0.418750 0.518750 0.410938 0.506250 0.403125 0.510417 0.409375 0.529167 0.407813 0.543750 0.392188 0.543750 0.340625 0.568750 0.337500 0.566667 0.340625 0.550000 0.332813 0.550000 0.331250 0.568750 0.334375 0.581250 0.340625 0.616667 0.335938 0.631250 0.343750 0.643750
5 0.890625 0.504167 0.881250 0.452083 0.901563 0.441667 0.904687 0.550000 0.895312 0.556250 0.884375 0.560417 0.876563 0.464583
6 0.088438 0.489583 0.096875 0.447917 0.073438 0.452083 0.075000 0.545833 0.096875 0.554167 0.100000 0.447917
7 0.441493 0.304398 0.076563 0.452083 0.100000 0.450000 0.104688 0.135417 0.870313 0.135417 0.875000 0.452083 0.896875 0.445833 0.892188 0.114583 0.084375 0.106250 0.073438 0.447917
7 0.582332 0.700321 0.098437 0.560417 0.071875 0.554167 0.067187 0.906250 0.912500 0.910417 0.907813 0.556250 0.881250 0.568750 0.884375 0.658333 0.892188 0.666667 0.893750 0.687500 0.884375 0.689583 0.892188 0.893750 0.087500 0.891667 0.096875 0.560417
