3 0.521875 0.461285 0.518750 0.393750 0.512500 0.450000 0.475000 0.437500 0.470313 0.472917 0.506250 0.472917 0.496875 0.516667 0.531250 0.525000 0.531250 0.475000 0.568750 0.487500 0.575000 0.456250 0.534375 0.450000 0.542188 0.397917
4 0.340365 0.525231 0.278125 0.522917 0.298438 0.543750 0.306250 0.537500 0.328125 0.556250 0.337500 0.550000 0.346875 0.560417 0.346875 0.575000 0.356250 0.593750 0.384375 0.562500 0.368750 0.550000 0.364063 0.525000 0.356250 0.518750 0.376563 0.497917 0.371875 0.462500 0.348438 0.450000 0.332813 0.468750 0.325000 0.497917 0.300000 0.481250
5 0.881250 0.448958 0.875000 0.418750 0.892188 0.418750 0.887500 0.479167 0.870313 0.479167
6 0.127455 0.386012 0.137500 0.322917 0.123438 0.318750 0.115625 0.418750 0.125000 0.425000 0.125000 0.412500 0.131250 0.404167 0.134375 0.400000
7 0.503516 0.406771 0.150000 0.012500 0.109375 0.729167 0.846875 0.812500 0.907813 0.072917
<<<<<<< HEAD
=======
0 0.168945 0.030469 0.170313 0.010417 0.157812 0.014583 0.153125 0.027083 0.156250 0.041667 0.167187 0.047917 0.178125 0.047917 0.185938 0.035417 0.182812 0.018750
1 0.187847 0.178935 0.189062 0.158333 0.178125 0.164583 0.171875 0.175000 0.173437 0.189583 0.184375 0.197917 0.190625 0.197917 0.201563 0.189583 0.204687 0.175000 0.196875 0.162500
1 0.148611 0.256713 0.151562 0.237500 0.140625 0.239583 0.132812 0.245833 0.134375 0.256250 0.140625 0.275000 0.148438 0.277083 0.160938 0.272917 0.165625 0.260417 0.162500 0.245833
2 0.151953 0.208854 0.154688 0.179167 0.145313 0.181250 0.134375 0.181250 0.128125 0.187500 0.125000 0.200000 0.125000 0.212500 0.129688 0.225000 0.137500 0.227083 0.146875 0.233333 0.157812 0.235417 0.168750 0.235417 0.175000 0.231250 0.178125 0.220833 0.179688 0.210417 0.178125 0.195833 0.167187 0.185417
1 0.192773 0.525260 0.190625 0.504167 0.179688 0.508333 0.176563 0.525000 0.179688 0.541667 0.193750 0.547917 0.206250 0.541667 0.212500 0.525000 0.203125 0.508333
1 0.251953 0.675260 0.253125 0.652083 0.242188 0.658333 0.234375 0.672917 0.235937 0.691667 0.250000 0.695833 0.264062 0.695833 0.271875 0.679167 0.264062 0.656250
1 0.437695 0.591927 0.437500 0.570833 0.425000 0.577083 0.418750 0.595833 0.425000 0.608333 0.440625 0.614583 0.453125 0.606250 0.456250 0.585417 0.445312 0.577083
1 0.512723 0.536012 0.518750 0.514583 0.500000 0.516667 0.496875 0.535417 0.503125 0.552083 0.514062 0.554167 0.526563 0.550000 0.529687 0.529167
1 0.352257 0.483796 0.357812 0.462500 0.345313 0.464583 0.337500 0.477083 0.335938 0.491667 0.343750 0.500000 0.354687 0.504167 0.362500 0.497917 0.367188 0.485417 0.365625 0.470833
1 0.337500 0.568155 0.346875 0.556250 0.334375 0.552083 0.325000 0.558333 0.323437 0.575000 0.332813 0.583333 0.346875 0.583333 0.353125 0.568750
>>>>>>> fa1e3e13606695b2d61f2b748828eea26e66a508
