0 0.670573 0.132292 0.673438 0.118750 0.662500 0.122917 0.659375 0.137500 0.668750 0.143750 0.678125 0.141667 0.681250 0.129167
1 0.792500 0.164167 0.798438 0.150000 0.784375 0.154167 0.784375 0.175000 0.792188 0.175000 0.803125 0.166667
1 0.216146 0.177778 0.221875 0.168750 0.209375 0.162500 0.206250 0.175000 0.212500 0.191667 0.221875 0.187500 0.225000 0.181250
1 0.618490 0.501389 0.625000 0.487500 0.612500 0.487500 0.610938 0.500000 0.612500 0.510417 0.621875 0.518750 0.628125 0.504167
1 0.266518 0.600595 0.271875 0.587500 0.262500 0.587500 0.256250 0.593750 0.256250 0.606250 0.267188 0.616667 0.273438 0.612500 0.278125 0.600000
1 0.116927 0.637153 0.125000 0.629167 0.117188 0.625000 0.107813 0.631250 0.107813 0.643750 0.118750 0.650000 0.125000 0.643750
1 0.127083 0.832639 0.129688 0.818750 0.118750 0.825000 0.117188 0.837500 0.125000 0.847917 0.134375 0.841667 0.137500 0.825000
1 0.830313 0.810000 0.825000 0.797917 0.821875 0.810417 0.825000 0.818750 0.839063 0.818750 0.840625 0.804167
1 0.848698 0.727083 0.853125 0.712500 0.843750 0.712500 0.839063 0.725000 0.843750 0.741667 0.853125 0.741667 0.859375 0.729167
4 0.497852 0.434635 0.437500 0.460417 0.528125 0.500000 0.531250 0.479167 0.526563 0.466667 0.531250 0.460417 0.537500 0.462500 0.550000 0.418750 0.532813 0.412500 0.528125 0.425000 0.518750 0.412500 0.478125 0.397917 0.475000 0.387500 0.459375 0.381250 0.446875 0.416667 0.450000 0.431250 0.434375 0.441667
2 0.354861 0.338426 0.371875 0.322917 0.356250 0.316667 0.340625 0.318750 0.335938 0.329167 0.335938 0.350000 0.348438 0.362500 0.356250 0.360417 0.371875 0.350000 0.376563 0.335417
5 0.851172 0.473958 0.856250 0.450000 0.846875 0.450000 0.845313 0.497917 0.856250 0.497917
6 0.108203 0.480729 0.112500 0.431250 0.103125 0.431250 0.104688 0.529167 0.112500 0.531250
7 0.480859 0.483854 0.118750 0.125000 0.107813 0.847917 0.856250 0.837500 0.840625 0.125000
