0 0.269792 0.721991 0.267188 0.706250 0.259375 0.712500 0.256250 0.718750 0.256250 0.729167 0.265625 0.737500 0.275000 0.737500 0.284375 0.731250 0.285938 0.718750 0.278125 0.706250
1 0.391319 0.799769 0.390625 0.781250 0.381250 0.787500 0.378125 0.797917 0.379688 0.806250 0.387500 0.818750 0.398438 0.818750 0.403125 0.806250 0.403125 0.793750 0.400000 0.787500
1 0.582589 0.189583 0.581250 0.175000 0.575000 0.175000 0.573438 0.187500 0.575000 0.204167 0.585938 0.206250 0.593750 0.197917 0.593750 0.181250
1 0.702009 0.116369 0.703125 0.100000 0.712500 0.106250 0.712500 0.122917 0.704688 0.131250 0.696875 0.129167 0.690625 0.118750 0.693750 0.106250
1 0.554688 0.477546 0.546875 0.487500 0.543750 0.479167 0.546875 0.472917 0.550000 0.462500 0.557813 0.462500 0.564063 0.468750 0.565625 0.479167 0.564063 0.491667 0.553125 0.493750
3 0.575911 0.460938 0.565625 0.443750 0.573438 0.387500 0.590625 0.391667 0.587500 0.450000 0.631250 0.456250 0.631250 0.485417 0.584375 0.475000 0.579688 0.537500 0.559375 0.535417 0.565625 0.468750 0.518750 0.462500 0.523438 0.437500
4 0.512573 0.499176 0.548438 0.516667 0.546875 0.525000 0.543750 0.531250 0.534375 0.541667 0.523438 0.543750 0.506250 0.537500 0.492188 0.562500 0.485938 0.579167 0.446875 0.579167 0.450000 0.547917 0.459375 0.543750 0.459375 0.466667 0.460938 0.454167 0.454688 0.450000 0.453125 0.422917 0.490625 0.422917 0.493750 0.435417 0.501563 0.437500 0.503125 0.456250 0.506250 0.468750 0.512500 0.475000 0.517188 0.468750 0.525000 0.466667 0.534375 0.468750 0.537500 0.468750 0.540625 0.475000 0.542188 0.481250 0.542188 0.481250 0.543750 0.487500 0.534375 0.487500 0.528125 0.481250 0.512500 0.487500 0.512500 0.500000 0.506250 0.506250 0.510938 0.516667 0.512500 0.525000 0.525000 0.531250 0.532813 0.531250 0.537500 0.518750 0.542188 0.510417 0.543750 0.516667 0.543750 0.525000 0.542188 0.531250
1 0.800000 0.614583 0.800000 0.600000 0.809375 0.604167 0.812500 0.616667 0.806250 0.629167 0.796875 0.629167 0.787500 0.618750 0.787500 0.604167
1 0.849740 0.478819 0.840625 0.487500 0.839063 0.472917 0.846875 0.466667 0.856250 0.466667 0.862500 0.485417 0.853125 0.493750
1 0.878125 0.459722 0.865625 0.466667 0.867188 0.450000 0.881250 0.443750 0.890625 0.454167 0.887500 0.468750 0.876563 0.475000
1 0.163021 0.849306 0.162500 0.835417 0.171875 0.837500 0.175000 0.854167 0.162500 0.866667 0.153125 0.860417 0.153125 0.841667
2 0.122266 0.845833 0.140625 0.816667 0.145313 0.829167 0.143750 0.854167 0.125000 0.875000 0.106250 0.887500 0.093750 0.860417 0.104688 0.831250 0.118750 0.812500
