0 0.033073 0.495139 0.034375 0.510417 0.040625 0.500000 0.040625 0.487500 0.032813 0.481250 0.025000 0.481250 0.025000 0.510417
1 0.103646 0.611111 0.107813 0.625000 0.118750 0.610417 0.109375 0.593750 0.096875 0.600000 0.092188 0.612500 0.096875 0.625000
1 0.090312 0.719167 0.093750 0.731250 0.104688 0.716667 0.093750 0.704167 0.078125 0.712500 0.081250 0.731250
1 0.339062 0.786667 0.335938 0.804167 0.350000 0.793750 0.346875 0.772917 0.334375 0.775000 0.328125 0.787500
1 0.344792 0.876042 0.340625 0.891667 0.353125 0.881250 0.356250 0.868750 0.348438 0.860417 0.334375 0.868750 0.335938 0.885417
1 0.640365 0.858333 0.642188 0.868750 0.653125 0.860417 0.646875 0.843750 0.635938 0.843750 0.628125 0.860417 0.635938 0.872917
1 0.643437 0.897917 0.642188 0.912500 0.656250 0.904167 0.650000 0.881250 0.637500 0.887500 0.631250 0.904167
1 0.090000 0.185000 0.089063 0.200000 0.103125 0.193750 0.096875 0.172917 0.084375 0.172917 0.076563 0.185417
1 0.076563 0.104861 0.081250 0.118750 0.090625 0.104167 0.081250 0.093750 0.068750 0.093750 0.065625 0.106250 0.071875 0.112500
2 0.071181 0.044907 0.059375 0.062500 0.081250 0.068750 0.100000 0.060417 0.096875 0.037500 0.084375 0.022917 0.065625 0.022917 0.050000 0.025000 0.050000 0.047917 0.053125 0.056250
3 0.076563 0.828045 0.089063 0.893750 0.090625 0.837500 0.139063 0.831250 0.134375 0.806250 0.089063 0.806250 0.089063 0.747917 0.062500 0.747917 0.062500 0.812500 0.017188 0.812500 0.018750 0.831250 0.059375 0.837500 0.062500 0.900000 0.081250 0.900000
4 0.862370 0.422569 0.803125 0.354167 0.940625 0.366667 0.940625 0.429167 0.896875 0.418750 0.892188 0.443750 0.881250 0.485417 0.871875 0.481250 0.846875 0.481250 0.843750 0.441667 0.837500 0.404167 0.800000 0.391667 0.793750 0.372917
5 0.962891 0.475000 0.948438 0.506250 0.981250 0.510417 0.978125 0.441667 0.943750 0.441667
7 0.497266 0.943750 0.003125 0.925000 0.984375 0.931250 0.995313 0.962500 0.006250 0.956250
7 0.966406 0.488542 0.956250 0.956250 0.943750 0.018750 0.978125 0.018750 0.987500 0.960417
7 0.500000 0.021875 0.032813 0.018750 0.965625 0.050000 0.970313 0.012500 0.031250 0.006250
7 0.014375 0.492500 0.006250 0.950000 0.043750 0.012500 0.018750 0.000000 0.001563 0.568750 0.001563 0.931250
