3 0.524349 0.461458 0.518750 0.393750 0.512500 0.443750 0.478125 0.437500 0.473438 0.472917 0.509375 0.475000 0.501563 0.518750 0.531250 0.525000 0.534375 0.481250 0.573438 0.491667 0.578125 0.456250 0.537500 0.447917 0.543750 0.393750
4 0.340625 0.527662 0.273438 0.525000 0.293750 0.541667 0.306250 0.543750 0.325000 0.560417 0.335938 0.541667 0.356250 0.556250 0.356250 0.560417 0.345313 0.581250 0.359375 0.591667 0.381250 0.560417 0.371875 0.556250 0.364063 0.510417 0.379688 0.497917 0.378125 0.466667 0.353125 0.450000 0.332813 0.475000 0.321875 0.497917 0.296875 0.481250
5 0.880078 0.447396 0.875000 0.416667 0.890625 0.418750 0.884375 0.479167 0.870313 0.475000
6 0.130000 0.337083 0.139063 0.322917 0.121875 0.318750 0.125000 0.354167 0.129688 0.347917 0.134375 0.341667
6 0.126250 0.391250 0.121875 0.366667 0.117188 0.422917 0.131250 0.422917 0.131250 0.375000 0.129688 0.368750
7 0.508203 0.407813 0.154688 0.018750 0.112500 0.731250 0.853125 0.812500 0.912500 0.068750
0 0.168437 0.026875 0.170313 0.010417 0.159375 0.010417 0.156250 0.016667 0.154688 0.027083 0.157812 0.041667 0.165625 0.045833 0.176563 0.047917 0.182812 0.037500 0.182812 0.018750 0.178125 0.012500
1 0.184688 0.177292 0.182812 0.156250 0.173437 0.162500 0.168750 0.172917 0.170313 0.183333 0.178125 0.195833 0.187500 0.197917 0.196875 0.193750 0.200000 0.183333 0.198437 0.168750 0.190625 0.158333
1 0.147812 0.264375 0.150000 0.245833 0.140625 0.250000 0.131250 0.256250 0.131250 0.268750 0.135937 0.279167 0.145313 0.285417 0.159375 0.281250 0.164062 0.270833 0.162500 0.256250 0.157812 0.250000
2 0.152734 0.206510 0.153125 0.179167 0.140625 0.181250 0.132812 0.183333 0.126562 0.189583 0.125000 0.202083 0.126562 0.216667 0.134375 0.227083 0.145313 0.231250 0.154688 0.235417 0.167187 0.235417 0.173437 0.233333 0.176563 0.220833 0.178125 0.208333 0.176563 0.195833 0.171875 0.185417 0.160938 0.179167
1 0.513086 0.535156 0.514062 0.514583 0.501563 0.518750 0.495312 0.535417 0.500000 0.547917 0.512500 0.556250 0.526563 0.552083 0.531250 0.535417 0.523438 0.520833
1 0.444965 0.589583 0.445312 0.568750 0.432812 0.575000 0.426563 0.591667 0.429688 0.606250 0.442188 0.612500 0.453125 0.608333 0.460938 0.593750 0.460938 0.577083 0.453125 0.572917
1 0.353125 0.482870 0.354687 0.462500 0.345313 0.464583 0.339062 0.477083 0.339062 0.489583 0.343750 0.502083 0.354687 0.502083 0.365625 0.497917 0.370312 0.483333 0.365625 0.466667
1 0.339844 0.568229 0.342187 0.550000 0.329688 0.552083 0.323437 0.570833 0.328125 0.585417 0.339062 0.585417 0.351562 0.581250 0.354687 0.566667 0.350000 0.554167
1 0.266016 0.577083 0.265625 0.552083 0.251563 0.560417 0.246875 0.577083 0.254688 0.595833 0.267188 0.602083 0.279687 0.593750 0.285938 0.575000 0.276562 0.560417
1 0.236806 0.688426 0.239063 0.664583 0.225000 0.672917 0.221875 0.685417 0.220312 0.700000 0.228125 0.710417 0.243750 0.708333 0.253125 0.697917 0.253125 0.683333 0.246875 0.672917
