0 0.220508 0.714583 0.215625 0.706250 0.221875 0.700000 0.228125 0.706250 0.231250 0.716667 0.225000 0.725000 0.218750 0.725000 0.212500 0.725000 0.210938 0.712500
1 0.210742 0.693490 0.206250 0.681250 0.212500 0.681250 0.218750 0.685417 0.218750 0.693750 0.217188 0.706250 0.209375 0.706250 0.201563 0.700000 0.201563 0.693750
1 0.385352 0.620052 0.381250 0.610417 0.387500 0.606250 0.393750 0.612500 0.395313 0.625000 0.390625 0.631250 0.381250 0.631250 0.376563 0.625000 0.376563 0.618750
1 0.790179 0.500893 0.781250 0.493750 0.787500 0.491667 0.793750 0.491667 0.800000 0.497917 0.800000 0.510417 0.790625 0.510417 0.778125 0.510417
1 0.671429 0.454762 0.668750 0.443750 0.675000 0.443750 0.682813 0.450000 0.679688 0.462500 0.668750 0.466667 0.662500 0.462500 0.662500 0.454167
1 0.707143 0.351190 0.706250 0.341667 0.715625 0.343750 0.715625 0.356250 0.709375 0.362500 0.700000 0.360417 0.700000 0.350000 0.703125 0.343750
1 0.741797 0.290625 0.734375 0.287500 0.737500 0.281250 0.745313 0.281250 0.750000 0.287500 0.750000 0.293750 0.745313 0.300000 0.737500 0.300000 0.734375 0.293750
1 0.765625 0.142448 0.759375 0.137500 0.762500 0.135417 0.768750 0.131250 0.773438 0.137500 0.773438 0.143750 0.768750 0.150000 0.762500 0.154167 0.756250 0.150000
1 0.500977 0.143490 0.496875 0.131250 0.503125 0.131250 0.510938 0.137500 0.510938 0.150000 0.503125 0.156250 0.496875 0.156250 0.492188 0.147917 0.493750 0.137500
2 0.629545 0.500000 0.620313 0.475000 0.631250 0.472917 0.637500 0.481250 0.642188 0.491667 0.643750 0.504167 0.643750 0.516667 0.637500 0.525000 0.626563 0.525000 0.617188 0.518750 0.612500 0.504167 0.612500 0.485417
3 0.506120 0.358507 0.501563 0.304167 0.515625 0.304167 0.515625 0.350000 0.550000 0.350000 0.550000 0.372917 0.512500 0.368750 0.512500 0.416667 0.496875 0.412500 0.496875 0.368750 0.462500 0.366667 0.462500 0.343750 0.496875 0.343750
4 0.313902 0.449519 0.284375 0.406250 0.278125 0.406250 0.278125 0.385417 0.306250 0.387500 0.306250 0.404167 0.309375 0.418750 0.321875 0.429167 0.337500 0.425000 0.350000 0.435417 0.350000 0.450000 0.346875 0.450000 0.340625 0.450000 0.340625 0.443750 0.335938 0.437500 0.325000 0.437500 0.325000 0.450000 0.318750 0.450000 0.321875 0.456250 0.321875 0.462500 0.332813 0.466667 0.337500 0.460417 0.340625 0.450000 0.345313 0.450000 0.350000 0.456250 0.346875 0.468750 0.337500 0.475000 0.318750 0.468750 0.317188 0.479167 0.306250 0.479167 0.298438 0.481250 0.298438 0.491667 0.296875 0.504167 0.265625 0.497917 0.270313 0.475000 0.275000 0.479167 0.275000 0.460417 0.273438 0.456250 0.275000 0.422917 0.282813 0.422917
