0 0.194420 0.442857 0.192188 0.456250 0.200000 0.454167 0.206250 0.443750 0.200000 0.433333 0.193750 0.431250 0.185938 0.435417 0.182812 0.445833
1 0.097917 0.579167 0.096875 0.595833 0.107813 0.585417 0.109375 0.570833 0.100000 0.562500 0.087500 0.572917 0.085938 0.587500
1 0.427500 0.542917 0.426563 0.556250 0.435937 0.547917 0.432812 0.535417 0.425000 0.531250 0.417187 0.543750
1 0.839687 0.077083 0.839063 0.089583 0.850000 0.077083 0.845313 0.064583 0.834375 0.068750 0.829688 0.085417
1 0.891927 0.256597 0.884375 0.268750 0.895312 0.268750 0.903125 0.256250 0.898438 0.243750 0.887500 0.245833 0.882812 0.256250
1 0.648698 0.398958 0.648438 0.412500 0.657813 0.404167 0.657813 0.387500 0.646875 0.389583 0.640625 0.393750 0.640625 0.406250
1 0.605208 0.913542 0.600000 0.929167 0.615625 0.925000 0.615625 0.908333 0.607812 0.902083 0.600000 0.902083 0.592187 0.914583
1 0.365937 0.911250 0.367188 0.925000 0.378125 0.908333 0.368750 0.897917 0.356250 0.906250 0.359375 0.918750
2 0.098437 0.880469 0.090625 0.910417 0.103125 0.916667 0.118750 0.902083 0.117188 0.868750 0.110937 0.847917 0.090625 0.845833 0.078125 0.862500 0.078125 0.889583
3 0.534933 0.627530 0.534375 0.700000 0.548438 0.639583 0.589063 0.654167 0.593750 0.631250 0.553125 0.614583 0.560937 0.556250 0.545312 0.545833 0.531250 0.608333 0.489063 0.591667 0.484375 0.608333 0.484375 0.612500 0.526563 0.633333 0.515625 0.691667 0.532813 0.697917
4 0.221920 0.368214 0.271875 0.418750 0.278125 0.418750 0.279687 0.408333 0.279687 0.397917 0.273438 0.389583 0.264062 0.377083 0.256250 0.377083 0.248438 0.364583 0.253125 0.358333 0.279687 0.352083 0.284375 0.331250 0.279687 0.306250 0.260937 0.304167 0.251563 0.314583 0.232813 0.314583 0.203125 0.314583 0.184375 0.320833 0.182812 0.312500 0.162500 0.312500 0.154688 0.343750 0.142187 0.352083 0.154688 0.360417 0.160938 0.368750 0.195312 0.368750 0.193750 0.377083 0.179688 0.389583 0.175000 0.408333 0.179688 0.435417 0.184375 0.422917 0.187500 0.404167 0.203125 0.389583 0.215625 0.395833 0.228125 0.387500 0.235937 0.397917 0.250000 0.391667
5 0.960938 0.494271 0.948438 0.550000 0.976562 0.550000 0.973437 0.437500 0.945312 0.439583
6 0.018750 0.489583 0.032813 0.550000 0.001563 0.545833 0.007812 0.431250 0.032813 0.431250
7 0.963672 0.539323 0.957812 0.995833 0.950000 0.837500 0.950000 0.620833 0.943750 0.383333 0.937500 0.152083 0.932813 0.025000 0.954688 0.008333 0.967187 0.100000 0.968750 0.218750 0.973437 0.360417 0.976562 0.487500 0.981250 0.691667 0.982812 0.825000 0.979688 0.958333 0.982812 0.966667 0.979688 0.997917
7 0.540461 0.965899 0.981250 0.941667 0.998437 0.958333 0.998437 0.972917 0.940625 0.979167 0.893750 0.981250 0.804688 0.983333 0.640625 0.981250 0.517188 0.981250 0.376563 0.985417 0.229687 0.985417 0.132812 0.981250 0.001563 0.975000 0.001563 0.962500 0.023438 0.939583 0.182812 0.945833 0.387500 0.950000 0.596875 0.947917 0.720313 0.952083 0.840625 0.947917
7 0.025223 0.416518 0.023438 0.937500 0.025000 0.816667 0.028125 0.683333 0.034375 0.545833 0.039062 0.331250 0.045312 0.187500 0.050000 0.054167 0.042188 0.010417 0.026562 0.002083 0.014063 0.110417 0.014063 0.216667 0.009375 0.400000 0.000000 0.566667 0.001563 0.968750
7 0.474740 0.049306 0.014063 0.060417 0.104688 0.060417 0.273438 0.060417 0.528125 0.062500 0.731250 0.064583 0.823438 0.064583 0.840625 0.054167 0.860938 0.062500 0.928125 0.068750 0.959375 0.066667 0.981250 0.037500 0.704688 0.027083 0.471875 0.025000 0.265625 0.022917 0.040625 0.022917 0.003125 0.027083 0.003125 0.043750 0.010937 0.056250
