0 0.669010 0.134722 0.662500 0.122917 0.659375 0.131250 0.662500 0.143750 0.668750 0.147917 0.681250 0.137500 0.679688 0.125000
1 0.215104 0.177778 0.218750 0.166667 0.207813 0.166667 0.207813 0.179167 0.212500 0.191667 0.218750 0.187500 0.225000 0.175000
1 0.267188 0.601389 0.259375 0.593750 0.256250 0.606250 0.262500 0.612500 0.273438 0.612500 0.278125 0.597917 0.273438 0.585417
1 0.117448 0.638194 0.125000 0.625000 0.112500 0.625000 0.106250 0.637500 0.109375 0.650000 0.121875 0.650000 0.129688 0.641667
1 0.128125 0.834722 0.131250 0.818750 0.118750 0.825000 0.117188 0.841667 0.125000 0.850000 0.137500 0.843750 0.139063 0.829167
1 0.829948 0.810764 0.828125 0.793750 0.818750 0.806250 0.823438 0.818750 0.831250 0.822917 0.840625 0.818750 0.837500 0.804167
1 0.850521 0.726389 0.850000 0.716667 0.840625 0.718750 0.840625 0.731250 0.850000 0.737500 0.860938 0.731250 0.860938 0.722917
1 0.822396 0.324306 0.829688 0.312500 0.815625 0.312500 0.809375 0.325000 0.818750 0.335417 0.829688 0.335417 0.831250 0.325000
1 0.793229 0.163194 0.800000 0.168750 0.803125 0.156250 0.793750 0.150000 0.784375 0.156250 0.784375 0.172917 0.793750 0.175000
2 0.673958 0.488426 0.662500 0.468750 0.657813 0.472917 0.653125 0.481250 0.659375 0.500000 0.668750 0.506250 0.684375 0.510417 0.698438 0.506250 0.700000 0.481250 0.681250 0.468750
3 0.146635 0.177244 0.150000 0.193750 0.176563 0.225000 0.187500 0.212500 0.165625 0.175000 0.187500 0.141667 0.171875 0.118750 0.148438 0.156250 0.123438 0.122917 0.109375 0.135417 0.131250 0.168750 0.109375 0.206250 0.120313 0.218750 0.125000 0.229167
4 0.161659 0.469231 0.159375 0.543750 0.190625 0.537500 0.190625 0.510417 0.181250 0.510417 0.179688 0.437500 0.185938 0.431250 0.185938 0.410417 0.150000 0.406250 0.148438 0.416667 0.128125 0.422917 0.125000 0.429167 0.129688 0.518750 0.146875 0.525000
6 0.107031 0.482812 0.112500 0.435417 0.103125 0.433333 0.101562 0.529167 0.110937 0.533333
5 0.853125 0.475521 0.848437 0.452083 0.856250 0.454167 0.857812 0.497917 0.850000 0.497917
7 0.481250 0.484375 0.843750 0.122917 0.115625 0.127083 0.106250 0.847917 0.859375 0.839583
