3 0.521875 0.460938 0.518750 0.393750 0.512500 0.443750 0.473438 0.437500 0.470313 0.472917 0.509375 0.468750 0.496875 0.525000 0.526563 0.525000 0.532813 0.481250 0.568750 0.491667 0.575000 0.450000 0.534375 0.447917 0.543750 0.393750
4 0.341667 0.525992 0.273438 0.525000 0.298438 0.543750 0.304688 0.537500 0.325000 0.556250 0.335938 0.543750 0.350000 0.560417 0.356250 0.568750 0.345313 0.581250 0.356250 0.593750 0.381250 0.556250 0.371875 0.541667 0.365625 0.531250 0.368750 0.522917 0.362500 0.518750 0.376563 0.500000 0.375000 0.472917 0.350000 0.450000 0.335938 0.468750 0.329688 0.493750 0.318750 0.493750 0.293750 0.485417
0 0.167578 0.026042 0.162500 0.012500 0.154688 0.029167 0.171875 0.037500 0.181250 0.025000
5 0.881250 0.448437 0.876563 0.418750 0.892188 0.416667 0.887500 0.479167 0.868750 0.479167
6 0.127812 0.372708 0.137500 0.325000 0.125000 0.322917 0.115625 0.418750 0.131250 0.418750 0.131250 0.391667 0.125000 0.381250 0.121875 0.375000 0.125000 0.368750 0.131250 0.362500 0.134375 0.362500
7 0.457500 0.324167 0.154688 0.000000 0.112500 0.735417 0.853125 0.812500 0.912500 0.072917 0.254688 0.000000
1 0.353125 0.485417 0.354687 0.462500 0.340625 0.470833 0.337500 0.485417 0.342187 0.500000 0.353125 0.504167 0.364063 0.500000 0.370312 0.487500 0.362500 0.472917
1 0.256055 0.589844 0.254688 0.568750 0.243750 0.577083 0.240625 0.591667 0.243750 0.608333 0.257812 0.608333 0.270313 0.604167 0.271875 0.587500 0.265625 0.572917
1 0.241667 0.682407 0.243750 0.660417 0.232813 0.668750 0.226562 0.677083 0.225000 0.693750 0.234375 0.702083 0.246875 0.702083 0.254688 0.693750 0.259375 0.679167 0.251563 0.664583
1 0.443555 0.591146 0.442188 0.568750 0.429688 0.581250 0.428125 0.591667 0.434375 0.608333 0.445312 0.612500 0.456250 0.604167 0.459375 0.589583 0.453125 0.572917
1 0.512326 0.536111 0.515625 0.516667 0.503125 0.520833 0.500000 0.527083 0.498437 0.537500 0.504687 0.550000 0.514062 0.554167 0.523438 0.552083 0.526563 0.543750 0.525000 0.522917
1 0.183681 0.178009 0.184375 0.160417 0.175000 0.162500 0.170313 0.172917 0.170313 0.187500 0.178125 0.191667 0.187500 0.197917 0.195312 0.191667 0.200000 0.177083 0.192188 0.160417
1 0.147917 0.268750 0.146875 0.247917 0.135937 0.254167 0.132812 0.266667 0.134375 0.281250 0.140625 0.287500 0.154688 0.287500 0.165625 0.279167 0.165625 0.262500 0.154688 0.252083
2 0.151442 0.209615 0.151562 0.181250 0.135937 0.183333 0.126562 0.193750 0.123438 0.210417 0.126562 0.222917 0.135937 0.227083 0.142187 0.233333 0.156250 0.235417 0.171875 0.235417 0.179688 0.222917 0.181250 0.204167 0.176563 0.191667 0.160938 0.183333
