0 0.167187 0.030208 0.168750 0.016667 0.156250 0.031250 0.168750 0.043750 0.175000 0.029167
3 0.523568 0.460590 0.518750 0.393750 0.512500 0.447917 0.475000 0.437500 0.470313 0.466667 0.510938 0.475000 0.501563 0.518750 0.528125 0.525000 0.534375 0.479167 0.571875 0.485417 0.578125 0.454167 0.537500 0.450000 0.543750 0.393750
4 0.340461 0.525548 0.275000 0.529167 0.300000 0.547917 0.306250 0.541667 0.325000 0.556250 0.337500 0.554167 0.350000 0.562500 0.345313 0.581250 0.356250 0.591667 0.384375 0.562500 0.368750 0.550000 0.371875 0.529167 0.362500 0.518750 0.381250 0.497917 0.371875 0.468750 0.348438 0.456250 0.334375 0.466667 0.329688 0.491667 0.318750 0.493750 0.301563 0.485417
5 0.877734 0.448958 0.871875 0.418750 0.887500 0.418750 0.884375 0.479167 0.867188 0.479167
6 0.126367 0.376823 0.134375 0.331250 0.120313 0.329167 0.112500 0.429167 0.131250 0.429167 0.131250 0.387500 0.125000 0.381250 0.125000 0.366667 0.131250 0.360417
7 0.500781 0.408854 0.143750 0.018750 0.100000 0.737500 0.850000 0.812500 0.909375 0.066667
1 0.351786 0.481548 0.356250 0.460417 0.337500 0.466667 0.337500 0.481250 0.337500 0.497917 0.356250 0.504167 0.371875 0.491667 0.365625 0.468750
1 0.336161 0.570238 0.337500 0.550000 0.325000 0.556250 0.321875 0.579167 0.331250 0.587500 0.340625 0.587500 0.350000 0.575000 0.346875 0.556250
1 0.258398 0.584635 0.259375 0.560417 0.246875 0.568750 0.243750 0.587500 0.243750 0.604167 0.259375 0.606250 0.270313 0.597917 0.275000 0.585417 0.268750 0.566667
1 0.239258 0.686198 0.240625 0.662500 0.225000 0.668750 0.221875 0.693750 0.228125 0.706250 0.242188 0.710417 0.250000 0.700000 0.256250 0.679167 0.250000 0.668750
1 0.443555 0.589844 0.440625 0.568750 0.431250 0.579167 0.426563 0.600000 0.434375 0.612500 0.446875 0.610417 0.459375 0.600000 0.459375 0.579167 0.450000 0.568750
1 0.512695 0.534375 0.518750 0.510417 0.506250 0.510417 0.493750 0.531250 0.496875 0.547917 0.509375 0.554167 0.521875 0.554167 0.528125 0.541667 0.526563 0.525000
1 0.184549 0.177546 0.185938 0.156250 0.171875 0.160417 0.170313 0.168750 0.170313 0.185417 0.178125 0.193750 0.187500 0.197917 0.196875 0.193750 0.203125 0.179167 0.196875 0.162500
1 0.146354 0.270139 0.148438 0.250000 0.134375 0.250000 0.129688 0.268750 0.131250 0.281250 0.140625 0.287500 0.150000 0.291667 0.160938 0.281250 0.165625 0.266667 0.156250 0.254167
2 0.154087 0.205929 0.154688 0.179167 0.140625 0.179167 0.131250 0.185417 0.125000 0.200000 0.125000 0.218750 0.134375 0.229167 0.148438 0.231250 0.162500 0.237500 0.176563 0.231250 0.181250 0.216667 0.181250 0.200000 0.176563 0.187500 0.165625 0.181250
