<<<<<<< HEAD
0 0.433594 0.617708 0.425000 0.612500 0.428125 0.631250 0.443750 0.622917 0.437500 0.604167
1 0.156641 0.561458 0.143750 0.560417 0.156250 0.575000 0.165625 0.562500 0.160938 0.547917
1 0.385937 0.620313 0.378125 0.618750 0.381250 0.631250 0.396875 0.625000 0.387500 0.606250
1 0.587500 0.630729 0.575000 0.631250 0.584375 0.643750 0.600000 0.635417 0.590625 0.612500
1 0.578125 0.386458 0.568750 0.385417 0.575000 0.400000 0.587500 0.387500 0.581250 0.372917
1 0.735156 0.271875 0.725000 0.275000 0.734375 0.285417 0.743750 0.272917 0.737500 0.254167
1 0.137109 0.637500 0.137500 0.622917 0.125000 0.641667 0.140625 0.650000 0.145313 0.635417
1 0.856875 0.370417 0.850000 0.362500 0.850000 0.381250 0.859375 0.379167 0.865625 0.368750 0.859375 0.360417
2 0.782227 0.494531 0.762500 0.475000 0.762500 0.493750 0.768750 0.510417 0.784375 0.522917 0.800000 0.510417 0.804688 0.493750 0.796875 0.481250 0.778125 0.468750
3 0.447917 0.284722 0.400000 0.281250 0.434375 0.293750 0.429688 0.343750 0.446875 0.354167 0.457813 0.300000 0.493750 0.310417 0.501563 0.293750 0.457813 0.275000 0.465625 0.225000 0.443750 0.216667 0.440625 0.268750 0.403125 0.254167
4 0.343824 0.521825 0.281250 0.525000 0.296875 0.543750 0.309375 0.537500 0.306250 0.543750 0.345313 0.568750 0.350000 0.562500 0.346875 0.579167 0.367188 0.591667 0.387500 0.562500 0.371875 0.543750 0.367188 0.531250 0.371875 0.518750 0.364063 0.516667 0.381250 0.497917 0.384375 0.479167 0.364063 0.454167 0.337500 0.460417 0.332813 0.475000 0.331250 0.487500 0.321875 0.493750 0.301563 0.485417
1 0.356641 0.483333 0.346875 0.479167 0.353125 0.493750 0.365625 0.487500 0.360938 0.472917
5 0.870703 0.416667 0.860938 0.387500 0.881250 0.387500 0.878125 0.443750 0.862500 0.447917
6 0.117188 0.374479 0.125000 0.325000 0.109375 0.325000 0.109375 0.422917 0.125000 0.425000
7 0.498437 0.392708 0.123438 0.016667 0.120313 0.737500 0.862500 0.785417 0.887500 0.031250
=======
5 0.870703 0.416667 0.860938 0.387500 0.881250 0.387500 0.878125 0.443750 0.862500 0.447917
6 0.117188 0.374479 0.125000 0.325000 0.109375 0.325000 0.109375 0.422917 0.125000 0.425000
7 0.498437 0.392708 0.123438 0.016667 0.120313 0.737500 0.862500 0.785417 0.887500 0.031250
0 0.435714 0.619643 0.434375 0.600000 0.423438 0.606250 0.418750 0.625000 0.429688 0.637500 0.443750 0.637500 0.450000 0.625000 0.450000 0.606250
1 0.387054 0.621131 0.387500 0.597917 0.375000 0.606250 0.371875 0.625000 0.379688 0.641667 0.395313 0.641667 0.400000 0.631250 0.400000 0.604167
1 0.357227 0.481250 0.359375 0.460417 0.346875 0.462500 0.340625 0.481250 0.345313 0.497917 0.356250 0.500000 0.368750 0.497917 0.371875 0.481250 0.368750 0.468750
1 0.159152 0.559226 0.159375 0.537500 0.145313 0.543750 0.140625 0.566667 0.150000 0.581250 0.168750 0.579167 0.178125 0.562500 0.171875 0.543750
1 0.138867 0.633333 0.139063 0.612500 0.125000 0.618750 0.121875 0.631250 0.125000 0.650000 0.140625 0.656250 0.150000 0.650000 0.156250 0.631250 0.153125 0.616667
1 0.586384 0.632738 0.589063 0.610417 0.575000 0.618750 0.568750 0.637500 0.578125 0.650000 0.590625 0.654167 0.603125 0.641667 0.600000 0.616667
1 0.582227 0.385677 0.579688 0.362500 0.565625 0.375000 0.564063 0.393750 0.573438 0.406250 0.587500 0.410417 0.596875 0.393750 0.600000 0.375000 0.590625 0.368750
1 0.733203 0.271875 0.734375 0.250000 0.721875 0.262500 0.715625 0.275000 0.721875 0.287500 0.737500 0.293750 0.745313 0.287500 0.746875 0.268750 0.742188 0.250000
1 0.858929 0.373214 0.856250 0.350000 0.840625 0.360417 0.840625 0.387500 0.856250 0.393750 0.870313 0.391667 0.876563 0.375000 0.871875 0.354167
2 0.782969 0.497500 0.771875 0.456250 0.759375 0.472917 0.753125 0.500000 0.762500 0.522917 0.778125 0.531250 0.793750 0.531250 0.807813 0.525000 0.814063 0.497917 0.804688 0.475000 0.784375 0.462500
4 0.344453 0.524375 0.275000 0.525000 0.296875 0.550000 0.304688 0.541667 0.306250 0.547917 0.343750 0.575000 0.350000 0.568750 0.346875 0.581250 0.368750 0.600000 0.387500 0.556250 0.371875 0.543750 0.371875 0.531250 0.376563 0.522917 0.371875 0.510417 0.381250 0.497917 0.381250 0.468750 0.364063 0.450000 0.340625 0.456250 0.332813 0.485417 0.318750 0.493750 0.298438 0.481250
3 0.451172 0.285417 0.446875 0.212500 0.439063 0.266667 0.403125 0.254167 0.395313 0.291667 0.434375 0.300000 0.426563 0.343750 0.459375 0.356250 0.462500 0.306250 0.501563 0.316667 0.506250 0.285417 0.465625 0.272917 0.473438 0.218750
>>>>>>> fa1e3e13606695b2d61f2b748828eea26e66a508
