0 0.168750 0.027431 0.162500 0.016667 0.159375 0.031250 0.168750 0.043750 0.179688 0.035417 0.176563 0.018750 0.165625 0.018750
1 0.494531 0.280903 0.485938 0.287500 0.496875 0.293750 0.509375 0.281250 0.503125 0.268750 0.490625 0.268750 0.481250 0.285417
1 0.191406 0.406944 0.190625 0.393750 0.179688 0.406250 0.184375 0.418750 0.193750 0.418750 0.203125 0.406250 0.196875 0.397917
1 0.254911 0.590476 0.246875 0.600000 0.254688 0.604167 0.262500 0.597917 0.265625 0.585417 0.256250 0.579167 0.251563 0.579167 0.246875 0.587500
1 0.339732 0.570536 0.331250 0.566667 0.331250 0.575000 0.337500 0.581250 0.345313 0.581250 0.350000 0.568750 0.346875 0.560417 0.335938 0.560417
1 0.236830 0.686310 0.234375 0.675000 0.228125 0.681250 0.228125 0.693750 0.234375 0.700000 0.243750 0.693750 0.246875 0.685417 0.242188 0.675000
1 0.562695 0.493750 0.556250 0.481250 0.550000 0.493750 0.554688 0.504167 0.564063 0.506250 0.571875 0.504167 0.573438 0.493750 0.568750 0.485417 0.562500 0.481250
1 0.613889 0.680787 0.610938 0.668750 0.606250 0.672917 0.604688 0.681250 0.604688 0.687500 0.610938 0.693750 0.618750 0.693750 0.625000 0.685417 0.625000 0.675000 0.618750 0.668750
1 0.739286 0.752679 0.729688 0.756250 0.734375 0.766667 0.743750 0.766667 0.750000 0.756250 0.746875 0.743750 0.740625 0.737500 0.729688 0.741667
2 0.445573 0.726736 0.429688 0.712500 0.425000 0.718750 0.423438 0.731250 0.429688 0.741667 0.440625 0.747917 0.450000 0.750000 0.465625 0.743750 0.465625 0.731250 0.465625 0.718750 0.460938 0.712500 0.450000 0.706250 0.440625 0.706250
3 0.523798 0.458013 0.523438 0.400000 0.537500 0.404167 0.532813 0.454167 0.568750 0.462500 0.568750 0.479167 0.531250 0.475000 0.526563 0.525000 0.509375 0.522917 0.515625 0.472917 0.478125 0.462500 0.478125 0.443750 0.517188 0.447917 0.521875 0.404167
4 0.514744 0.240278 0.475000 0.210417 0.528125 0.187500 0.528125 0.181250 0.531250 0.175000 0.542188 0.168750 0.546875 0.168750 0.557813 0.210417 0.550000 0.212500 0.546875 0.225000 0.531250 0.225000 0.532813 0.237500 0.548438 0.237500 0.559375 0.250000 0.559375 0.262500 0.554688 0.266667 0.553125 0.254167 0.548438 0.250000 0.540625 0.247917 0.534375 0.250000 0.528125 0.250000 0.526563 0.254167 0.517188 0.254167 0.512500 0.254167 0.509375 0.262500 0.503125 0.262500 0.487500 0.275000 0.493750 0.300000 0.487500 0.304167 0.481250 0.293750 0.478125 0.281250 0.484375 0.272917 0.489063 0.262500 0.489063 0.254167 0.481250 0.250000 0.475000 0.250000 0.462500 0.250000 0.454688 0.206250 0.470313 0.200000 0.475000 0.212500
5 0.884062 0.445833 0.878125 0.425000 0.900000 0.429167 0.896875 0.475000 0.870313 0.475000 0.875000 0.425000
6 0.116875 0.372083 0.109375 0.331250 0.134375 0.337500 0.129688 0.429167 0.103125 0.431250 0.107813 0.331250
7 0.889062 0.371667 0.900000 0.072917 0.846875 0.818750 0.870313 0.831250 0.928125 0.066667 0.900000 0.068750
7 0.529687 0.036458 0.146875 0.018750 0.903125 0.079167 0.900000 0.047917 0.168750 0.000000
7 0.115234 0.411458 0.143750 0.018750 0.112500 0.735417 0.087500 0.747917 0.117188 0.143750
7 0.477734 0.788021 0.085938 0.754167 0.868750 0.843750 0.843750 0.816667 0.112500 0.737500
