0 0.325000 0.589583 0.325000 0.610417 0.315625 0.593750 0.317188 0.575000 0.331250 0.575000 0.335938 0.593750
1 0.306771 0.578125 0.304688 0.591667 0.315625 0.587500 0.317188 0.568750 0.306250 0.562500 0.298438 0.572917 0.298438 0.585417
1 0.323177 0.565278 0.315625 0.572917 0.325000 0.581250 0.334375 0.568750 0.331250 0.556250 0.318750 0.550000 0.314063 0.562500
1 0.338542 0.550694 0.332813 0.560417 0.343750 0.562500 0.348438 0.556250 0.343750 0.537500 0.332813 0.537500 0.329688 0.550000
1 0.370938 0.499167 0.365625 0.510417 0.378125 0.510417 0.381250 0.493750 0.368750 0.487500 0.360938 0.493750
1 0.382188 0.476250 0.378125 0.487500 0.390625 0.485417 0.390625 0.468750 0.379688 0.466667 0.371875 0.472917
2 0.361328 0.534635 0.356250 0.562500 0.375000 0.560417 0.378125 0.537500 0.378125 0.518750 0.360938 0.506250 0.350000 0.510417 0.343750 0.525000 0.348438 0.556250
3 0.572396 0.470313 0.564063 0.531250 0.578125 0.485417 0.612500 0.504167 0.620313 0.479167 0.585938 0.462500 0.596875 0.412500 0.579688 0.406250 0.565625 0.456250 0.532813 0.437500 0.525000 0.462500 0.559375 0.481250 0.548438 0.525000
4 0.510417 0.315741 0.492188 0.387500 0.518750 0.375000 0.550000 0.360417 0.573438 0.350000 0.564063 0.325000 0.550000 0.312500 0.543750 0.312500 0.557813 0.300000 0.564063 0.285417 0.559375 0.268750 0.548438 0.250000 0.537500 0.247917 0.521875 0.260417 0.512500 0.268750 0.496875 0.272917 0.481250 0.281250 0.475000 0.281250 0.465625 0.281250 0.456250 0.293750 0.454688 0.310417 0.460938 0.331250 0.473438 0.337500 0.493750 0.337500 0.478125 0.356250 0.478125 0.368750 0.484375 0.381250 0.489063 0.387500
5 0.889453 0.459375 0.884375 0.437500 0.885938 0.481250 0.893750 0.481250 0.893750 0.437500
6 0.125781 0.471354 0.129688 0.422917 0.129688 0.518750 0.121875 0.518750 0.121875 0.425000
7 0.507812 0.470313 0.131250 0.106250 0.878125 0.100000 0.893750 0.831250 0.128125 0.843750
