0 0.897569 0.109491 0.887500 0.122917 0.900000 0.122917 0.906250 0.116667 0.909375 0.110417 0.909375 0.097917 0.901563 0.091667 0.890625 0.097917 0.881250 0.106250 0.892188 0.118750
1 0.906445 0.458594 0.898438 0.456250 0.893750 0.468750 0.903125 0.468750 0.912500 0.468750 0.917188 0.460417 0.915625 0.450000 0.907813 0.447917 0.903125 0.447917
1 0.950000 0.481597 0.954688 0.468750 0.948438 0.468750 0.943750 0.481250 0.943750 0.491667 0.953125 0.497917 0.956250 0.481250
1 0.937500 0.743750 0.931250 0.731250 0.923438 0.737500 0.932813 0.750000 0.940625 0.760417 0.946875 0.754167 0.943750 0.741667 0.943750 0.731250
1 0.366295 0.911012 0.365625 0.925000 0.376563 0.918750 0.375000 0.906250 0.368750 0.897917 0.362500 0.900000 0.359375 0.910417 0.356250 0.918750
1 0.349107 0.597917 0.345313 0.610417 0.350000 0.610417 0.356250 0.600000 0.353125 0.593750 0.350000 0.591667 0.348438 0.585417 0.340625 0.593750
1 0.079167 0.594444 0.068750 0.600000 0.078125 0.606250 0.090625 0.593750 0.085938 0.591667 0.078125 0.587500 0.073438 0.587500
1 0.449479 0.083333 0.440625 0.087500 0.446875 0.093750 0.456250 0.091667 0.456250 0.081250 0.453125 0.072917 0.443750 0.072917
1 0.053906 0.077431 0.056250 0.087500 0.065625 0.081250 0.059375 0.066667 0.050000 0.068750 0.043750 0.075000 0.048438 0.085417
2 0.415799 0.602083 0.387500 0.585417 0.393750 0.606250 0.407813 0.625000 0.421875 0.629167 0.431250 0.618750 0.434375 0.604167 0.431250 0.593750 0.423438 0.581250 0.410938 0.575000
3 0.370964 0.565278 0.387500 0.635417 0.381250 0.568750 0.425000 0.562500 0.425000 0.547917 0.378125 0.554167 0.367188 0.493750 0.356250 0.497917 0.364063 0.554167 0.309375 0.568750 0.318750 0.587500 0.367188 0.575000 0.371875 0.637500
