0 0.484961 0.884635 0.493750 0.893750 0.496875 0.881250 0.487500 0.866667 0.478125 0.872917 0.473438 0.881250 0.473438 0.893750 0.484375 0.893750 0.492188 0.893750
1 0.333125 0.149167 0.325000 0.137500 0.345313 0.137500 0.346875 0.162500 0.329688 0.166667 0.318750 0.141667
1 0.255000 0.311250 0.256250 0.293750 0.243750 0.306250 0.250000 0.331250 0.262500 0.325000 0.262500 0.300000
1 0.182031 0.342187 0.185938 0.325000 0.171875 0.331250 0.178125 0.356250 0.192188 0.356250
1 0.241250 0.677917 0.243750 0.662500 0.256250 0.681250 0.237500 0.700000 0.225000 0.679167 0.243750 0.666667
1 0.879687 0.852604 0.876563 0.837500 0.868750 0.847917 0.881250 0.868750 0.892188 0.856250
1 0.501172 0.533333 0.485938 0.531250 0.500000 0.556250 0.515625 0.535417 0.503125 0.510417
2 0.799687 0.820000 0.775000 0.816667 0.800000 0.860417 0.837500 0.822917 0.807813 0.787500 0.778125 0.812500
3 0.506010 0.497436 0.500000 0.487500 0.460938 0.518750 0.465625 0.543750 0.503125 0.510417 0.521875 0.556250 0.537500 0.550000 0.523438 0.504167 0.557813 0.479167 0.542188 0.456250 0.509375 0.481250 0.490625 0.437500 0.475000 0.450000 0.490625 0.491667
4 0.252188 0.266042 0.232813 0.300000 0.270313 0.291667 0.275000 0.275000 0.287500 0.279167 0.300000 0.293750 0.321875 0.287500 0.293750 0.268750 0.306250 0.260417 0.298438 0.216667 0.275000 0.218750 0.270313 0.231250 0.212500 0.229167 0.215625 0.216667 0.196875 0.225000 0.193750 0.272917 0.200000 0.300000 0.212500 0.293750 0.218750 0.285417 0.228125 0.281250 0.234375 0.293750
5 0.888125 0.490417 0.878125 0.447917 0.901563 0.450000 0.903125 0.547917 0.881250 0.550000 0.876563 0.456250
6 0.086563 0.480833 0.089063 0.437500 0.075000 0.441667 0.075000 0.537500 0.093750 0.550000 0.100000 0.437500
7 0.443229 0.297685 0.073438 0.437500 0.096875 0.437500 0.104688 0.125000 0.878125 0.131250 0.881250 0.443750 0.901563 0.450000 0.893750 0.106250 0.085938 0.110417 0.073438 0.437500
7 0.544085 0.767411 0.071875 0.537500 0.093750 0.556250 0.085938 0.893750 0.473438 0.900000 0.493750 0.900000 0.890625 0.900000 0.887500 0.875000 0.896875 0.856250 0.887500 0.847917 0.878125 0.556250 0.907813 0.554167 0.909375 0.910417 0.065625 0.912500 0.075000 0.543750
