0 0.540234 0.345052 0.537500 0.356250 0.543750 0.356250 0.550000 0.350000 0.550000 0.343750 0.543750 0.331250 0.534375 0.331250 0.531250 0.341667 0.531250 0.350000
4 0.426563 0.377583 0.462500 0.393750 0.475000 0.400000 0.489063 0.354167 0.470313 0.343750 0.465625 0.356250 0.457813 0.354167 0.459375 0.350000 0.403125 0.322917 0.400000 0.312500 0.384375 0.300000 0.365625 0.347917 0.371875 0.356250 0.376563 0.366667 0.367188 0.372917 0.362500 0.375000 0.356250 0.387500 0.364063 0.397917 0.371875 0.381250 0.462500 0.429167 0.462500 0.437500 0.470313 0.443750 0.471875 0.431250 0.471875 0.418750 0.462500 0.406250 0.459375 0.400000
3 0.558333 0.562500 0.575000 0.635417 0.568750 0.575000 0.612500 0.562500 0.612500 0.543750 0.565625 0.547917 0.559375 0.487500 0.542188 0.493750 0.550000 0.550000 0.503125 0.560417 0.503125 0.581250 0.550000 0.575000 0.557813 0.637500
1 0.785677 0.919792 0.781250 0.931250 0.790625 0.931250 0.793750 0.922917 0.790625 0.910417 0.782813 0.906250 0.775000 0.916667
1 0.366927 0.910764 0.367188 0.922917 0.376563 0.916667 0.375000 0.904167 0.367188 0.897917 0.359375 0.904167 0.356250 0.918750
1 0.884821 0.461012 0.878125 0.468750 0.885938 0.472917 0.893750 0.468750 0.893750 0.456250 0.887500 0.450000 0.878125 0.450000 0.876563 0.460417
1 0.063170 0.383036 0.062500 0.393750 0.071875 0.387500 0.071875 0.381250 0.065625 0.375000 0.059375 0.375000 0.054688 0.381250 0.056250 0.387500
1 0.330580 0.141369 0.332813 0.156250 0.340625 0.143750 0.337500 0.135417 0.331250 0.131250 0.325000 0.131250 0.321875 0.141667 0.325000 0.150000
1 0.839583 0.078472 0.837500 0.091667 0.846875 0.081250 0.850000 0.075000 0.840625 0.066667 0.831250 0.075000 0.831250 0.081250
1 0.414062 0.074653 0.407813 0.087500 0.423438 0.085417 0.425000 0.068750 0.415625 0.062500 0.409375 0.068750 0.403125 0.075000
1 0.308073 0.072917 0.304688 0.087500 0.318750 0.081250 0.315625 0.068750 0.309375 0.062500 0.301563 0.062500 0.298438 0.075000
2 0.556406 0.094167 0.542188 0.122917 0.556250 0.125000 0.568750 0.112500 0.575000 0.093750 0.575000 0.079167 0.565625 0.066667 0.559375 0.062500 0.546875 0.075000 0.537500 0.093750 0.537500 0.110417
6 0.029687 0.490625 0.034375 0.547917 0.021875 0.547917 0.025000 0.433333 0.037500 0.433333
6 0.951953 0.498437 0.946875 0.554167 0.959375 0.556250 0.956250 0.441667 0.945312 0.441667
7 0.490625 0.504687 0.929688 0.068750 0.948438 0.947917 0.029687 0.939583 0.054688 0.062500
