7 0.425938 0.134167 0.145313 0.110417 0.850000 0.143750 0.834375 0.172917 0.159375 0.131250 0.140625 0.112500
7 0.832031 0.505208 0.834375 0.168750 0.812500 0.843750 0.831250 0.860417 0.850000 0.147917
7 0.129297 0.458854 0.162500 0.137500 0.118750 0.787500 0.096875 0.797917 0.139063 0.112500
7 0.394062 0.817500 0.118750 0.787500 0.814063 0.843750 0.818750 0.862500 0.100000 0.806250 0.118750 0.787500
6 0.127812 0.444583 0.123438 0.406250 0.143750 0.412500 0.137500 0.500000 0.112500 0.497917 0.121875 0.406250
5 0.829063 0.497917 0.823438 0.479167 0.840625 0.481250 0.840625 0.522917 0.818750 0.525000 0.821875 0.481250
0 0.181027 0.140179 0.178125 0.129167 0.171875 0.135417 0.171875 0.141667 0.178125 0.150000 0.185938 0.150000 0.193750 0.143750 0.187500 0.131250
1 0.212723 0.293452 0.210938 0.304167 0.218750 0.304167 0.225000 0.293750 0.218750 0.285417 0.209375 0.281250 0.203125 0.287500 0.203125 0.297917
1 0.477009 0.354167 0.481250 0.343750 0.485938 0.350000 0.484375 0.362500 0.475000 0.366667 0.470313 0.362500 0.468750 0.350000 0.473438 0.343750
1 0.684375 0.799219 0.682813 0.812500 0.690625 0.810417 0.693750 0.804167 0.693750 0.793750 0.687500 0.787500 0.679688 0.787500 0.673438 0.793750 0.673438 0.804167
1 0.644866 0.684821 0.640625 0.693750 0.648438 0.697917 0.653125 0.687500 0.653125 0.679167 0.646875 0.672917 0.637500 0.675000 0.634375 0.687500
1 0.566741 0.720238 0.565625 0.706250 0.559375 0.712500 0.557813 0.722917 0.562500 0.731250 0.571875 0.731250 0.575000 0.725000 0.575000 0.712500
1 0.339732 0.621131 0.337500 0.631250 0.343750 0.631250 0.348438 0.625000 0.348438 0.612500 0.337500 0.610417 0.331250 0.612500 0.331250 0.625000
1 0.257227 0.646875 0.259375 0.635417 0.253125 0.637500 0.250000 0.643750 0.248438 0.654167 0.253125 0.656250 0.259375 0.656250 0.268750 0.650000 0.265625 0.641667
1 0.305357 0.675893 0.306250 0.662500 0.300000 0.668750 0.296875 0.675000 0.298438 0.687500 0.306250 0.687500 0.314063 0.681250 0.315625 0.668750
2 0.428966 0.777564 0.428125 0.756250 0.418750 0.756250 0.412500 0.762500 0.410938 0.772917 0.410938 0.785417 0.415625 0.793750 0.423438 0.800000 0.431250 0.800000 0.446875 0.800000 0.450000 0.785417 0.450000 0.772917 0.443750 0.762500 0.434375 0.760417
3 0.605048 0.403205 0.593750 0.354167 0.606250 0.350000 0.612500 0.393750 0.648438 0.391667 0.648438 0.406250 0.615625 0.416667 0.618750 0.462500 0.604688 0.466667 0.596875 0.418750 0.565625 0.422917 0.564063 0.406250 0.596875 0.397917 0.593750 0.354167
4 0.492188 0.324702 0.457813 0.291667 0.503125 0.275000 0.506250 0.262500 0.518750 0.254167 0.528125 0.293750 0.521875 0.297917 0.518750 0.306250 0.509375 0.310417 0.510938 0.318750 0.525000 0.316667 0.534375 0.329167 0.537500 0.341667 0.531250 0.343750 0.528125 0.331250 0.518750 0.325000 0.509375 0.329167 0.503125 0.337500 0.493750 0.337500 0.492188 0.337500 0.490625 0.341667 0.484375 0.337500 0.478125 0.341667 0.470313 0.356250 0.470313 0.368750 0.475000 0.375000 0.473438 0.381250 0.465625 0.368750 0.462500 0.354167 0.475000 0.337500 0.465625 0.329167 0.460938 0.329167 0.450000 0.331250 0.439063 0.291667 0.456250 0.287500 0.460938 0.293750
