0 0.182031 0.141406 0.017188 0.020313
1 0.206250 0.288281 0.021875 0.023438
1 0.525000 0.182031 0.018750 0.023438
1 0.787500 0.381250 0.018750 0.021875
1 0.643750 0.592187 0.018750 0.018750
1 0.578125 0.631250 0.021875 0.021875
1 0.643750 0.684375 0.015625 0.025000
1 0.567969 0.721094 0.020313 0.023438
1 0.682813 0.800781 0.021875 0.023438
2 0.731250 0.618750 0.046875 0.043750
3 0.607812 0.408594 0.093750 0.110937
4 0.726562 0.420312 0.106250 0.140625
5 0.832812 0.501563 0.028125 0.050000
6 0.138281 0.460938 0.035937 0.109375
7 0.127344 0.459375 0.092188 -0.746875
7 0.469531 0.839063 0.773438 0.106250
7 0.492188 0.139844 0.740625 0.107813
7 0.823438 0.514844 -0.068750 -0.767188
