7 0.428125 0.848333 0.084375 0.850000 0.112500 0.831250 0.923438 0.825000 0.934375 0.854167 0.085938 0.881250
7 0.117969 0.468750 0.131250 0.881250 0.134375 0.062500 0.103125 0.037500 0.103125 0.893750
7 0.502734 0.085417 0.100000 0.100000 0.900000 0.104167 0.923438 0.068750 0.087500 0.068750
7 0.891797 0.463021 0.881250 0.860417 0.871875 0.062500 0.901563 0.041667 0.912500 0.887500
5 0.892188 0.459375 0.878125 0.487500 0.907813 0.487500 0.906250 0.425000 0.876563 0.437500
6 0.121484 0.468229 0.107813 0.510417 0.131250 0.518750 0.137500 0.425000 0.109375 0.418750
1 0.125937 0.435833 0.120313 0.443750 0.118750 0.418750 0.134375 0.429167 0.131250 0.443750 0.125000 0.443750
1 0.492812 0.617917 0.485938 0.610417 0.496875 0.606250 0.503125 0.618750 0.496875 0.629167 0.481250 0.625000
1 0.695312 0.505417 0.693750 0.518750 0.706250 0.510417 0.703125 0.493750 0.689063 0.493750 0.684375 0.510417
1 0.872500 0.196667 0.862500 0.210417 0.878125 0.206250 0.887500 0.191667 0.875000 0.181250 0.859375 0.193750
2 0.503795 0.578869 0.492188 0.600000 0.506250 0.604167 0.518750 0.587500 0.523438 0.560417 0.509375 0.550000 0.492188 0.562500 0.484375 0.587500
0 0.396875 0.481250 0.387500 0.487500 0.398438 0.497917 0.407813 0.481250 0.400000 0.466667 0.390625 0.472917
