0 0.620864 0.528309 0.612500 0.525000 0.612500 0.531250 0.612500 0.537500 0.621875 0.543750 0.617188 0.543750 0.625000 0.543750 0.628125 0.537500 0.631250 0.531250 0.634375 0.525000 0.628125 0.522917 0.628125 0.518750 0.621875 0.516667 0.626563 0.516667 0.618750 0.516667 0.612500 0.518750 0.612500 0.522917 0.610938 0.529167
1 0.745703 0.042708 0.734375 0.054167 0.756250 0.054167 0.756250 0.031250 0.735938 0.031250
1 0.700000 0.099479 0.692187 0.085417 0.707812 0.087500 0.707812 0.112500 0.692187 0.112500
1 0.906563 0.397500 0.896875 0.393750 0.895312 0.412500 0.920312 0.408333 0.918750 0.385417 0.901563 0.387500
5 0.922188 0.466667 0.912500 0.443750 0.935937 0.445833 0.935937 0.500000 0.912500 0.495833 0.914062 0.447917
6 0.106563 0.454167 0.115625 0.414583 0.093750 0.414583 0.093750 0.510417 0.114062 0.516667 0.115625 0.414583
1 0.589063 0.550521 0.592187 0.533333 0.576562 0.543750 0.585938 0.566667 0.601562 0.558333
2 0.194531 0.205903 0.215625 0.200000 0.212500 0.222917 0.182812 0.235417 0.171875 0.216667 0.181250 0.185417 0.203125 0.175000
3 0.597596 0.516506 0.589063 0.514583 0.550000 0.529167 0.556250 0.552083 0.595313 0.533333 0.610938 0.572917 0.629687 0.568750 0.606250 0.522917 0.648438 0.502083 0.635938 0.479167 0.601562 0.500000 0.585938 0.458333 0.571875 0.466667 0.587500 0.514583
4 0.467116 0.371307 0.460938 0.400000 0.492188 0.372917 0.496875 0.354167 0.507812 0.345833 0.521875 0.364583 0.532813 0.358333 0.514062 0.337500 0.509375 0.320833 0.498437 0.297917 0.479687 0.304167 0.479687 0.318750 0.428125 0.354167 0.425000 0.345833 0.410938 0.356250 0.431250 0.404167 0.431250 0.414583 0.428125 0.427083 0.437500 0.445833 0.445312 0.435417 0.440625 0.414583 0.446875 0.395833 0.457813 0.400000
7 0.487708 0.271806 0.092188 0.408333 0.114062 0.414583 0.120313 0.164583 0.109375 0.150000 0.117188 0.127083 0.123438 0.083333 0.909375 0.093750 0.914062 0.375000 0.921875 0.397917 0.914062 0.420833 0.915625 0.441667 0.934375 0.445833 0.926562 0.077083 0.106250 0.066667 0.096875 0.410417
7 0.468750 0.674537 0.096875 0.518750 0.115625 0.520833 0.110937 0.864583 0.917188 0.868750 0.912500 0.504167 0.940625 0.506250 0.935937 0.883333 0.090625 0.879167 0.098437 0.525000
