5 0.067187 0.466667 0.075000 0.443750 0.062500 0.441667 0.059375 0.487500 0.071875 0.493750
1 0.138906 0.105000 0.134375 0.091667 0.131250 0.093750 0.129688 0.106250 0.131250 0.112500 0.134375 0.118750 0.140625 0.118750 0.148438 0.116667 0.150000 0.106250 0.148438 0.093750 0.140625 0.091667
0 0.443359 0.189583 0.443750 0.175000 0.450000 0.179167 0.454688 0.187500 0.454688 0.200000 0.443750 0.206250 0.434375 0.200000 0.431250 0.187500 0.434375 0.181250
3 0.348918 0.491346 0.337500 0.481250 0.356250 0.425000 0.371875 0.431250 0.376563 0.437500 0.360938 0.487500 0.400000 0.510417 0.395313 0.531250 0.353125 0.518750 0.337500 0.566667 0.318750 0.560417 0.334375 0.500000 0.293750 0.481250 0.300000 0.456250
6 0.932813 0.505729 0.928125 0.454167 0.934375 0.450000 0.939063 0.556250 0.929688 0.562500
2 0.066797 0.759375 0.043750 0.768750 0.046875 0.754167 0.053125 0.743750 0.059375 0.737500 0.073438 0.731250 0.087500 0.735417 0.093750 0.747917 0.090625 0.766667 0.081250 0.779167 0.068750 0.781250 0.056250 0.787500 0.046875 0.779167
8 0.616406 0.738542 0.600000 0.710417 0.600000 0.768750 0.634375 0.768750 0.631250 0.706250
9 0.613281 0.657813 0.596875 0.631250 0.600000 0.685417 0.628125 0.685417 0.628125 0.629167
4 0.611058 0.697276 0.612500 0.606250 0.568750 0.618750 0.562500 0.635417 0.564063 0.656250 0.579688 0.672917 0.565625 0.687500 0.553125 0.693750 0.553125 0.731250 0.554688 0.747917 0.575000 0.743750 0.575000 0.731250 0.595313 0.731250 0.596875 0.775000 0.642188 0.772917 0.637500 0.735417 0.643750 0.731250 0.650000 0.747917 0.668750 0.747917 0.671875 0.731250 0.668750 0.700000 0.667188 0.691667 0.656250 0.672917 0.631250 0.662500 0.631250 0.650000 0.634375 0.635417 0.628125 0.618750
7 0.499219 0.505729 0.912500 0.100000 0.103125 0.087500 0.046875 0.885417 0.934375 0.950000
