1 0.010742 0.459896 0.000000 0.447917 0.006250 0.443750 0.017188 0.443750 0.023438 0.456250 0.021875 0.468750 0.014063 0.475000 0.003125 0.475000 0.000000 0.468750
0 0.271094 0.780208 0.262500 0.768750 0.259375 0.772917 0.259375 0.787500 0.265625 0.793750 0.275000 0.797917 0.284375 0.785417 0.284375 0.772917 0.278125 0.762500
2 0.398750 0.412708 0.376563 0.393750 0.375000 0.410417 0.378125 0.425000 0.390625 0.437500 0.410938 0.437500 0.423438 0.431250 0.426563 0.412500 0.415625 0.400000 0.403125 0.391667 0.387500 0.387500
3 0.507943 0.525000 0.515625 0.510417 0.509375 0.456250 0.492188 0.456250 0.496875 0.510417 0.454688 0.522917 0.457813 0.543750 0.501563 0.537500 0.506250 0.597917 0.523438 0.593750 0.518750 0.535417 0.559375 0.529167 0.559375 0.506250
5 0.050000 0.506771 0.056250 0.535417 0.043750 0.531250 0.043750 0.479167 0.056250 0.481250
6 0.917969 0.486458 0.915625 0.541667 0.928125 0.541667 0.918750 0.431250 0.909375 0.431250
8 0.821484 0.424479 0.803125 0.447917 0.796875 0.412500 0.839063 0.400000 0.846875 0.437500
9 0.760156 0.435417 0.784375 0.450000 0.778125 0.412500 0.737500 0.418750 0.740625 0.460417
4 0.774107 0.453671 0.762500 0.412500 0.737500 0.416667 0.731250 0.425000 0.715625 0.425000 0.706250 0.447917 0.715625 0.497917 0.728125 0.510417 0.746875 0.506250 0.756250 0.485417 0.771875 0.481250 0.776563 0.500000 0.784375 0.522917 0.818750 0.510417 0.818750 0.487500 0.814063 0.479167 0.809375 0.454167 0.850000 0.437500 0.840625 0.393750 0.806250 0.404167 0.803125 0.360417 0.762500 0.368750
7 0.485156 0.517188 0.071875 0.125000 0.881250 0.091667 0.937500 0.925000 0.050000 0.927083
