0 0.644420 0.110714 0.648438 0.125000 0.653125 0.118750 0.653125 0.100000 0.646875 0.093750 0.637500 0.100000 0.634375 0.112500 0.637500 0.125000
1 0.192882 0.481019 0.206250 0.485417 0.203125 0.472917 0.196875 0.466667 0.187500 0.468750 0.181250 0.475000 0.181250 0.481250 0.185938 0.491667 0.193750 0.493750 0.200000 0.493750
2 0.068029 0.759295 0.053125 0.743750 0.059375 0.737500 0.071875 0.731250 0.085938 0.731250 0.093750 0.743750 0.093750 0.754167 0.087500 0.772917 0.078125 0.779167 0.065625 0.785417 0.057813 0.785417 0.046875 0.781250 0.043750 0.768750 0.046875 0.756250
5 0.066797 0.465625 0.075000 0.443750 0.062500 0.437500 0.057813 0.487500 0.071875 0.493750
6 0.933203 0.503646 0.925000 0.450000 0.939063 0.447917 0.939063 0.556250 0.929688 0.560417
3 0.416587 0.328526 0.429688 0.312500 0.468750 0.310417 0.471875 0.337500 0.431250 0.343750 0.431250 0.397917 0.415625 0.400000 0.412500 0.343750 0.371875 0.350000 0.368750 0.335417 0.368750 0.318750 0.410938 0.312500 0.409375 0.254167 0.425000 0.254167
8 0.615625 0.737500 0.600000 0.710417 0.600000 0.766667 0.631250 0.766667 0.631250 0.706250
9 0.613281 0.654167 0.596875 0.625000 0.600000 0.681250 0.628125 0.681250 0.628125 0.629167
4 0.604634 0.693319 0.612500 0.610417 0.568750 0.616667 0.559375 0.631250 0.562500 0.656250 0.579688 0.675000 0.573438 0.681250 0.568750 0.687500 0.554688 0.687500 0.550000 0.712500 0.550000 0.737500 0.556250 0.750000 0.575000 0.750000 0.578125 0.731250 0.590625 0.731250 0.595313 0.731250 0.596875 0.772917 0.637500 0.775000 0.634375 0.731250 0.646875 0.731250 0.650000 0.747917 0.671875 0.743750 0.668750 0.691667 0.659375 0.681250 0.646875 0.666667 0.631250 0.662500 0.631250 0.650000 0.634375 0.631250 0.628125 0.618750 0.621875 0.612500
7 0.499219 0.504687 0.912500 0.100000 0.100000 0.087500 0.046875 0.881250 0.937500 0.950000
