8 0.703906 0.307292 0.676562 0.308333 0.695312 0.341667 0.731250 0.304167 0.712500 0.275000
9 0.653125 0.356250 0.660937 0.325000 0.678125 0.356250 0.645312 0.389583 0.628125 0.354167
0 0.754297 0.917448 0.765625 0.904167 0.768750 0.918750 0.765625 0.933333 0.754687 0.935417 0.743750 0.931250 0.739062 0.916667 0.742188 0.902083 0.754687 0.897917
1 0.656920 0.687500 0.665625 0.672917 0.670312 0.687500 0.665625 0.702083 0.654687 0.706250 0.643750 0.695833 0.643750 0.677083 0.654687 0.670833
2 0.915104 0.929861 0.910937 0.897917 0.928125 0.908333 0.940625 0.929167 0.943750 0.947917 0.932813 0.958333 0.910937 0.960417 0.890625 0.943750 0.884375 0.920833 0.893750 0.902083
3 0.485026 0.588194 0.507812 0.520833 0.523438 0.533333 0.500000 0.583333 0.537500 0.622917 0.526563 0.641667 0.487500 0.608333 0.460938 0.658333 0.445312 0.643750 0.468750 0.589583 0.434375 0.556250 0.445312 0.533333 0.482812 0.566667
4 0.674117 0.339493 0.673438 0.441667 0.595313 0.352083 0.601562 0.331250 0.615625 0.325000 0.637500 0.333333 0.635938 0.308333 0.628125 0.285417 0.660937 0.254167 0.673438 0.275000 0.670312 0.283333 0.681250 0.291667 0.685937 0.295833 0.712500 0.270833 0.732812 0.302083 0.703125 0.337500 0.707812 0.343750 0.715625 0.354167 0.729688 0.379167 0.698438 0.406250 0.690625 0.391667 0.684375 0.400000 0.685937 0.412500 0.684375 0.433333
5 0.030078 0.469271 0.025000 0.441667 0.037500 0.443750 0.034375 0.495833 0.023438 0.495833
6 0.942969 0.504687 0.935937 0.450000 0.946875 0.447917 0.950000 0.560417 0.939063 0.560417
7 0.486328 0.503125 0.921875 0.085417 0.943750 0.954167 0.018750 0.914583 0.060937 0.058333
