3 0.419167 0.332083 0.407813 0.254167 0.409375 0.312500 0.367188 0.318750 0.367188 0.337500 0.371875 0.350000 0.410938 0.347917 0.410938 0.391667 0.412500 0.400000 0.431250 0.397917 0.431250 0.343750 0.471875 0.337500 0.473438 0.316667 0.465625 0.306250 0.429688 0.312500 0.426563 0.254167
1 0.068924 0.639815 0.073438 0.625000 0.078125 0.629167 0.081250 0.643750 0.078125 0.650000 0.068750 0.656250 0.059375 0.654167 0.056250 0.643750 0.059375 0.631250 0.065625 0.625000
0 0.171307 0.444886 0.162500 0.456250 0.168750 0.462500 0.175000 0.462500 0.181250 0.456250 0.184375 0.447917 0.181250 0.435417 0.179688 0.431250 0.170313 0.429167 0.162500 0.431250 0.159375 0.437500 0.159375 0.443750
5 0.066406 0.466146 0.075000 0.441667 0.062500 0.437500 0.059375 0.491667 0.068750 0.493750
6 0.931641 0.507812 0.925000 0.454167 0.934375 0.454167 0.939063 0.560417 0.928125 0.562500
2 0.067909 0.757532 0.053125 0.743750 0.062500 0.731250 0.071875 0.731250 0.081250 0.731250 0.089063 0.737500 0.093750 0.747917 0.090625 0.766667 0.081250 0.779167 0.068750 0.781250 0.056250 0.787500 0.046875 0.781250 0.043750 0.772917 0.043750 0.756250
8 0.235156 0.247917 0.225000 0.218750 0.218750 0.268750 0.243750 0.279167 0.253125 0.225000
9 0.221875 0.319792 0.212500 0.291667 0.203125 0.337500 0.231250 0.350000 0.240625 0.300000
4 0.253385 0.306042 0.196875 0.343750 0.218750 0.350000 0.218750 0.368750 0.228125 0.381250 0.281250 0.387500 0.290625 0.375000 0.290625 0.350000 0.278125 0.335417 0.278125 0.325000 0.278125 0.316667 0.282813 0.316667 0.287500 0.322917 0.303125 0.329167 0.309375 0.318750 0.312500 0.300000 0.314063 0.285417 0.309375 0.275000 0.290625 0.268750 0.282813 0.281250 0.250000 0.262500 0.259375 0.218750 0.221875 0.206250 0.218750 0.243750 0.206250 0.243750 0.196875 0.262500 0.193750 0.272917 0.193750 0.291667 0.203125 0.306250 0.206250 0.310417 0.200000 0.331250
7 0.759180 0.438151 0.915625 0.100000 0.103125 0.087500 0.046875 0.885417 0.937500 0.950000 0.921875 0.406250 0.892188 0.425000 0.850000 0.479167 0.823438 0.493750 0.790625 0.487500 0.784375 0.460417 0.790625 0.435417 0.809375 0.410417 0.831250 0.391667 0.846875 0.381250 0.884375 0.316667 0.918750 0.300000
