8 0.591016 0.510417 0.565625 0.497917 0.590625 0.477083 0.615625 0.520833 0.592187 0.545833
9 0.555469 0.444271 0.531250 0.433333 0.556250 0.412500 0.579688 0.456250 0.554688 0.475000
0 0.393304 0.441071 0.403125 0.429167 0.406250 0.441667 0.400000 0.456250 0.387500 0.458333 0.381250 0.445833 0.382812 0.431250 0.392188 0.425000
1 0.803385 0.527431 0.812500 0.512500 0.818750 0.529167 0.809375 0.543750 0.793750 0.543750 0.787500 0.525000 0.798438 0.510417
2 0.709821 0.596131 0.704688 0.566667 0.725000 0.575000 0.737500 0.597917 0.731250 0.618750 0.707812 0.625000 0.681250 0.610417 0.681250 0.579167
3 0.414062 0.417014 0.403125 0.343750 0.421875 0.341667 0.423438 0.400000 0.468750 0.397917 0.468750 0.429167 0.425000 0.431250 0.426563 0.491667 0.406250 0.491667 0.403125 0.433333 0.359375 0.435417 0.359375 0.406250 0.403125 0.402083
4 0.569562 0.485917 0.509375 0.452083 0.528125 0.429167 0.540625 0.416667 0.556250 0.410417 0.576562 0.441667 0.593750 0.433333 0.606250 0.435417 0.614062 0.441667 0.620313 0.441667 0.642188 0.487500 0.625000 0.500000 0.612500 0.487500 0.606250 0.493750 0.618750 0.520833 0.592187 0.547917 0.576562 0.520833 0.559375 0.541667 0.564063 0.560417 0.545312 0.572917 0.523438 0.533333 0.534375 0.518750 0.531250 0.504167 0.537500 0.493750 0.517188 0.489583 0.507812 0.472917
5 0.030469 0.470833 0.025000 0.441667 0.037500 0.445833 0.035937 0.500000 0.023438 0.495833
6 0.942969 0.504687 0.935937 0.450000 0.946875 0.445833 0.950000 0.560417 0.939063 0.562500
7 0.487109 0.506250 0.920312 0.087500 0.945312 0.958333 0.020313 0.916667 0.062500 0.062500
