0 0.580273 0.923438 0.565625 0.916667 0.565625 0.929167 0.568750 0.941667 0.585938 0.943750 0.593750 0.931250 0.596875 0.916667 0.590625 0.904167 0.575000 0.904167
1 0.758681 0.095370 0.743750 0.087500 0.743750 0.106250 0.753125 0.112500 0.762500 0.112500 0.768750 0.106250 0.773438 0.097917 0.768750 0.085417 0.762500 0.075000 0.751563 0.075000
2 0.469375 0.918542 0.437500 0.922917 0.440625 0.904167 0.459375 0.887500 0.481250 0.885417 0.493750 0.897917 0.496875 0.916667 0.493750 0.935417 0.481250 0.943750 0.462500 0.950000 0.446875 0.941667
5 0.045312 0.505729 0.050000 0.531250 0.040625 0.531250 0.040625 0.481250 0.050000 0.479167
6 0.920703 0.483854 0.918750 0.537500 0.929688 0.535417 0.921875 0.431250 0.912500 0.431250
8 0.825000 0.424479 0.803125 0.412500 0.806250 0.447917 0.846875 0.437500 0.843750 0.400000
9 0.761719 0.436458 0.740625 0.422917 0.743750 0.456250 0.784375 0.450000 0.778125 0.416667
4 0.776389 0.447106 0.709375 0.450000 0.720313 0.500000 0.731250 0.510417 0.750000 0.504167 0.765625 0.491667 0.776563 0.504167 0.787500 0.522917 0.825000 0.510417 0.818750 0.454167 0.853125 0.437500 0.850000 0.400000 0.815625 0.404167 0.806250 0.368750 0.784375 0.362500 0.767188 0.372917 0.762500 0.404167 0.735938 0.418750 0.715625 0.431250
3 0.379167 0.386632 0.390625 0.400000 0.431250 0.393750 0.428125 0.368750 0.384375 0.372917 0.381250 0.312500 0.365625 0.318750 0.368750 0.375000 0.329688 0.381250 0.329688 0.406250 0.367188 0.400000 0.376563 0.456250 0.396875 0.454167
7 0.483594 0.517708 0.068750 0.120833 0.882812 0.089583 0.937500 0.929167 0.045312 0.931250
