8 0.698438 0.540104 0.676562 0.520833 0.676562 0.560417 0.720313 0.558333 0.720313 0.520833
9 0.635547 0.538542 0.614062 0.518750 0.614062 0.558333 0.656250 0.558333 0.657813 0.518750
0 0.088393 0.300298 0.100000 0.291667 0.101562 0.304167 0.096875 0.314583 0.084375 0.314583 0.073438 0.306250 0.075000 0.289583 0.087500 0.281250
1 0.126758 0.733594 0.140625 0.725000 0.140625 0.739583 0.134375 0.754167 0.120313 0.754167 0.110937 0.739583 0.112500 0.725000 0.123438 0.716667 0.131250 0.714583
2 0.376420 0.831250 0.396875 0.825000 0.396875 0.850000 0.390625 0.868750 0.378125 0.877083 0.362500 0.864583 0.353125 0.841667 0.350000 0.816667 0.357812 0.800000 0.371875 0.793750 0.387500 0.795833 0.395313 0.810417
3 0.461328 0.458681 0.454688 0.385417 0.471875 0.385417 0.471875 0.441667 0.517188 0.443750 0.515625 0.475000 0.470313 0.475000 0.470313 0.533333 0.450000 0.533333 0.451562 0.475000 0.406250 0.470833 0.404687 0.443750 0.451562 0.441667
4 0.657937 0.551250 0.640625 0.595833 0.650000 0.591667 0.654687 0.604167 0.654687 0.627083 0.696875 0.633333 0.696875 0.602083 0.685937 0.595833 0.687500 0.566667 0.723437 0.558333 0.721875 0.520833 0.689063 0.518750 0.685937 0.508333 0.692187 0.500000 0.692187 0.472917 0.653125 0.470833 0.650000 0.483333 0.642188 0.495833 0.639062 0.514583 0.628125 0.516667 0.618750 0.506250 0.603125 0.504167 0.590625 0.520833 0.603125 0.620833 0.615625 0.631250 0.632812 0.620833
5 0.049609 0.454688 0.045312 0.425000 0.057813 0.431250 0.053125 0.483333 0.042188 0.479167
6 0.958594 0.445312 0.948438 0.395833 0.957812 0.387500 0.970313 0.495833 0.957812 0.502083
7 0.503906 0.485938 0.912500 0.062500 0.990625 0.900000 0.021875 0.916667 0.090625 0.064583
