0 0.762109 0.306771 0.762500 0.291667 0.771875 0.293750 0.775000 0.306250 0.768750 0.318750 0.759375 0.325000 0.751563 0.316667 0.751563 0.304167 0.756250 0.297917
3 0.416226 0.327404 0.431250 0.343750 0.434375 0.397917 0.412500 0.397917 0.410938 0.341667 0.371875 0.347917 0.367188 0.331250 0.368750 0.318750 0.410938 0.312500 0.407813 0.254167 0.423438 0.254167 0.429688 0.310417 0.470313 0.310417 0.471875 0.335417
2 0.067923 0.759191 0.043750 0.772917 0.046875 0.781250 0.054688 0.787500 0.062500 0.787500 0.071875 0.785417 0.078125 0.781250 0.085938 0.772917 0.090625 0.762500 0.090625 0.750000 0.090625 0.741667 0.085938 0.731250 0.076563 0.731250 0.068750 0.731250 0.059375 0.737500 0.056250 0.741667 0.048438 0.750000 0.043750 0.760417
1 0.068750 0.643981 0.075000 0.631250 0.078125 0.635417 0.081250 0.643750 0.078125 0.650000 0.068750 0.660417 0.059375 0.656250 0.057813 0.650000 0.057813 0.637500 0.062500 0.631250
5 0.067187 0.467187 0.075000 0.443750 0.062500 0.437500 0.059375 0.493750 0.071875 0.493750
6 0.932813 0.502604 0.925000 0.450000 0.937500 0.447917 0.939063 0.556250 0.929688 0.556250
8 0.235156 0.246875 0.225000 0.218750 0.218750 0.268750 0.243750 0.275000 0.253125 0.225000
9 0.223047 0.318750 0.212500 0.287500 0.206250 0.337500 0.231250 0.350000 0.242188 0.300000
4 0.256804 0.302218 0.200000 0.341667 0.218750 0.347917 0.218750 0.366667 0.228125 0.381250 0.281250 0.387500 0.287500 0.375000 0.290625 0.350000 0.278125 0.337500 0.281250 0.325000 0.278125 0.316667 0.281250 0.312500 0.285938 0.318750 0.298438 0.325000 0.306250 0.325000 0.312500 0.306250 0.314063 0.291667 0.309375 0.279167 0.303125 0.275000 0.290625 0.268750 0.284375 0.281250 0.254688 0.266667 0.251563 0.254167 0.259375 0.218750 0.221875 0.210417 0.218750 0.243750 0.207813 0.243750 0.200000 0.254167 0.196875 0.268750 0.193750 0.285417 0.200000 0.304167 0.207813 0.306250
7 0.500000 0.507292 0.915625 0.104167 0.934375 0.947917 0.046875 0.885417 0.103125 0.091667
