0 0.682500 0.883333 0.673438 0.872917 0.668750 0.881250 0.671875 0.893750 0.678125 0.900000 0.689063 0.900000 0.693750 0.893750 0.693750 0.881250 0.690625 0.875000 0.684375 0.868750 0.681250 0.866667
1 0.057986 0.631944 0.048438 0.625000 0.043750 0.629167 0.046875 0.641667 0.054688 0.647917 0.062500 0.647917 0.071875 0.637500 0.071875 0.629167 0.065625 0.616667 0.056250 0.612500
2 0.105409 0.843910 0.081250 0.831250 0.092188 0.822917 0.104688 0.818750 0.120313 0.818750 0.129688 0.825000 0.134375 0.837500 0.131250 0.850000 0.128125 0.866667 0.112500 0.872917 0.093750 0.872917 0.085938 0.862500 0.078125 0.850000 0.078125 0.841667
3 0.354687 0.445312 0.368750 0.450000 0.403125 0.418750 0.392188 0.397917 0.356250 0.425000 0.335938 0.381250 0.318750 0.391667 0.340625 0.437500 0.304688 0.468750 0.317188 0.493750 0.350000 0.466667 0.376563 0.512500 0.392188 0.500000
5 0.050000 0.506250 0.056250 0.531250 0.042188 0.531250 0.043750 0.481250 0.057813 0.481250
6 0.917188 0.485938 0.907813 0.431250 0.918750 0.429167 0.925000 0.541667 0.917188 0.541667
8 0.489453 0.449479 0.465625 0.437500 0.489063 0.481250 0.512500 0.460417 0.490625 0.418750
9 0.525000 0.510417 0.501563 0.500000 0.523438 0.479167 0.548438 0.518750 0.526563 0.543750
4 0.500611 0.483877 0.442188 0.497917 0.462500 0.531250 0.475000 0.535417 0.478125 0.529167 0.492188 0.529167 0.492188 0.556250 0.496875 0.575000 0.509375 0.579167 0.568750 0.485417 0.565625 0.466667 0.548438 0.462500 0.543750 0.456250 0.550000 0.450000 0.528125 0.406250 0.512500 0.422917 0.515625 0.431250 0.509375 0.443750 0.487500 0.412500 0.462500 0.437500 0.478125 0.472917 0.473438 0.481250 0.465625 0.487500 0.456250 0.479167
7 0.486328 0.517188 0.071875 0.122917 0.884375 0.093750 0.940625 0.927083 0.048438 0.925000
