0 0.598958 0.925463 0.610938 0.925000 0.609375 0.916667 0.603125 0.912500 0.593750 0.910417 0.589063 0.916667 0.585938 0.929167 0.589063 0.937500 0.600000 0.943750 0.609375 0.937500
1 0.644792 0.441667 0.634375 0.437500 0.634375 0.447917 0.637500 0.456250 0.648438 0.460417 0.656250 0.454167 0.657813 0.437500 0.653125 0.431250 0.643750 0.425000 0.637500 0.425000
2 0.364347 0.739773 0.368750 0.712500 0.378125 0.718750 0.381250 0.731250 0.384375 0.743750 0.381250 0.760417 0.368750 0.768750 0.353125 0.766667 0.343750 0.756250 0.345313 0.741667 0.346875 0.725000 0.356250 0.712500
3 0.544922 0.619618 0.559375 0.625000 0.593750 0.585417 0.581250 0.566667 0.548438 0.600000 0.518750 0.554167 0.506250 0.566667 0.531250 0.616667 0.496875 0.650000 0.506250 0.672917 0.543750 0.637500 0.568750 0.687500 0.584375 0.672917
5 0.057813 0.488021 0.062500 0.512500 0.050000 0.516667 0.053125 0.460417 0.065625 0.462500
6 0.925781 0.502083 0.923438 0.556250 0.932813 0.560417 0.928125 0.443750 0.918750 0.447917
8 0.131641 0.138021 0.115625 0.156250 0.115625 0.125000 0.146875 0.116667 0.148438 0.154167
9 0.082031 0.144792 0.065625 0.131250 0.065625 0.162500 0.096875 0.160417 0.100000 0.125000
4 0.129640 0.174432 0.090625 0.166667 0.092188 0.175000 0.100000 0.187500 0.107813 0.197917 0.112500 0.206250 0.120313 0.210417 0.115625 0.218750 0.100000 0.218750 0.093750 0.225000 0.100000 0.237500 0.117188 0.237500 0.128125 0.231250 0.137500 0.241667 0.153125 0.247917 0.171875 0.243750 0.176563 0.225000 0.175000 0.212500 0.165625 0.206250 0.162500 0.181250 0.165625 0.154167 0.168750 0.137500 0.176563 0.137500 0.181250 0.118750 0.176563 0.106250 0.162500 0.097917 0.145313 0.093750 0.134375 0.100000 0.115625 0.097917 0.106250 0.106250 0.103125 0.118750 0.096875 0.125000 0.062500 0.125000 0.062500 0.166667
7 0.492578 0.515625 0.090625 0.112500 0.903125 0.102083 0.931250 0.945833 0.045312 0.902083
