0 0.060590 0.723380 0.050000 0.731250 0.056250 0.737500 0.062500 0.737500 0.068750 0.731250 0.073438 0.718750 0.068750 0.712500 0.062500 0.710417 0.054688 0.712500 0.048438 0.718750
1 0.380000 0.611042 0.390625 0.600000 0.392188 0.612500 0.390625 0.622917 0.384375 0.625000 0.376563 0.625000 0.371875 0.618750 0.368750 0.610417 0.368750 0.600000 0.375000 0.597917 0.381250 0.597917
2 0.064167 0.762361 0.068750 0.731250 0.054688 0.741667 0.050000 0.747917 0.046875 0.756250 0.043750 0.762500 0.042188 0.772917 0.043750 0.781250 0.050000 0.787500 0.057813 0.787500 0.068750 0.787500 0.081250 0.779167 0.089063 0.768750 0.092188 0.756250 0.092188 0.743750 0.081250 0.731250
3 0.416707 0.328045 0.409375 0.343750 0.371875 0.347917 0.368750 0.335417 0.368750 0.318750 0.410938 0.312500 0.407813 0.254167 0.426563 0.260417 0.428125 0.310417 0.470313 0.306250 0.473438 0.337500 0.431250 0.343750 0.431250 0.393750 0.418750 0.400000
6 0.931641 0.502604 0.925000 0.450000 0.934375 0.447917 0.939063 0.556250 0.928125 0.556250
5 0.067578 0.466667 0.076563 0.443750 0.062500 0.441667 0.059375 0.487500 0.071875 0.493750
8 0.234766 0.246875 0.225000 0.218750 0.218750 0.268750 0.243750 0.275000 0.251563 0.225000
9 0.221875 0.320833 0.212500 0.291667 0.203125 0.341667 0.231250 0.350000 0.240625 0.300000
4 0.254795 0.304957 0.196875 0.343750 0.218750 0.350000 0.221875 0.372917 0.228125 0.381250 0.281250 0.387500 0.290625 0.375000 0.290625 0.356250 0.278125 0.335417 0.278125 0.322917 0.275000 0.316667 0.281250 0.312500 0.285938 0.318750 0.301563 0.325000 0.309375 0.316667 0.312500 0.300000 0.314063 0.287500 0.306250 0.275000 0.290625 0.268750 0.282813 0.281250 0.250000 0.260417 0.256250 0.222917 0.221875 0.206250 0.217188 0.243750 0.206250 0.241667 0.196875 0.262500 0.193750 0.275000 0.193750 0.293750 0.203125 0.304167 0.206250 0.306250
7 0.499219 0.507292 0.912500 0.104167 0.103125 0.091667 0.043750 0.885417 0.937500 0.947917
