8 0.585547 0.717708 0.584375 0.683333 0.609375 0.704167 0.587500 0.752083 0.560937 0.731250
9 0.619141 0.645833 0.615625 0.612500 0.642188 0.633333 0.621875 0.677083 0.596875 0.660417
0 0.036830 0.826488 0.050000 0.814583 0.051562 0.835417 0.042188 0.843750 0.028125 0.843750 0.023438 0.825000 0.026562 0.812500 0.035937 0.810417
1 0.423438 0.553274 0.432812 0.541667 0.434375 0.554167 0.431250 0.564583 0.421875 0.570833 0.410938 0.562500 0.410938 0.543750 0.421875 0.535417
2 0.645898 0.150260 0.648438 0.114583 0.660937 0.129167 0.665625 0.156250 0.659375 0.179167 0.645312 0.185417 0.628125 0.170833 0.626563 0.145833 0.632812 0.120833
3 0.413542 0.417535 0.403125 0.343750 0.420312 0.341667 0.423438 0.402083 0.467187 0.400000 0.468750 0.429167 0.425000 0.431250 0.425000 0.491667 0.404687 0.491667 0.403125 0.431250 0.359375 0.437500 0.359375 0.408333 0.403125 0.402083
4 0.594351 0.680288 0.596875 0.583333 0.634375 0.610417 0.639062 0.625000 0.643750 0.635417 0.628125 0.677083 0.640625 0.691667 0.646875 0.706250 0.645312 0.718750 0.645312 0.729167 0.626563 0.770833 0.604688 0.750000 0.609375 0.733333 0.603125 0.729167 0.585938 0.754167 0.560937 0.733333 0.570312 0.700000 0.565625 0.691667 0.556250 0.685417 0.551562 0.683333 0.542188 0.691667 0.525000 0.679167 0.543750 0.633333 0.559375 0.641667 0.573438 0.637500 0.573438 0.608333 0.581250 0.587500
5 0.029687 0.470833 0.025000 0.443750 0.037500 0.445833 0.034375 0.497917 0.021875 0.495833
6 0.942969 0.506771 0.935937 0.452083 0.946875 0.450000 0.950000 0.562500 0.939063 0.562500
7 0.486719 0.505729 0.921875 0.087500 0.943750 0.958333 0.018750 0.916667 0.062500 0.060417
