0 0.921875 0.508631 0.931250 0.522917 0.929688 0.493750 0.923438 0.493750 0.917188 0.500000 0.912500 0.506250 0.915625 0.518750 0.923438 0.525000
1 0.340156 0.338750 0.350000 0.350000 0.350000 0.337500 0.350000 0.329167 0.343750 0.322917 0.335938 0.322917 0.329688 0.329167 0.328125 0.337500 0.331250 0.347917 0.337500 0.354167 0.345313 0.356250
2 0.413802 0.556771 0.429688 0.543750 0.423438 0.531250 0.412500 0.531250 0.400000 0.535417 0.393750 0.543750 0.392188 0.556250 0.398438 0.572917 0.407813 0.585417 0.415625 0.581250 0.429688 0.581250 0.431250 0.562500 0.431250 0.556250
3 0.460807 0.399653 0.425000 0.450000 0.457813 0.418750 0.484375 0.462500 0.500000 0.450000 0.475000 0.404167 0.506250 0.368750 0.496875 0.347917 0.462500 0.381250 0.439063 0.337500 0.423438 0.350000 0.446875 0.393750 0.412500 0.431250
5 0.061719 0.471875 0.065625 0.497917 0.056250 0.497917 0.056250 0.443750 0.068750 0.447917
6 0.926953 0.507812 0.925000 0.562500 0.934375 0.562500 0.929688 0.450000 0.918750 0.456250
8 0.294141 0.387500 0.293750 0.418750 0.273438 0.400000 0.293750 0.356250 0.315625 0.375000
9 0.260156 0.448437 0.259375 0.481250 0.239063 0.456250 0.259375 0.418750 0.282813 0.437500
4 0.302937 0.431167 0.234375 0.460417 0.259375 0.487500 0.301563 0.518750 0.314063 0.510417 0.318750 0.500000 0.318750 0.491667 0.318750 0.468750 0.325000 0.456250 0.337500 0.468750 0.348438 0.468750 0.359375 0.456250 0.360938 0.437500 0.359375 0.431250 0.348438 0.418750 0.337500 0.425000 0.306250 0.404167 0.318750 0.375000 0.296875 0.354167 0.278125 0.350000 0.270313 0.356250 0.262500 0.362500 0.256250 0.368750 0.243750 0.387500 0.242188 0.404167 0.256250 0.416667
7 0.494531 0.509896 0.045312 0.883333 0.932813 0.956250 0.903125 0.106250 0.096875 0.093750
