3 0.495182 0.586285 0.492188 0.568750 0.517188 0.518750 0.532813 0.535417 0.509375 0.585417 0.543750 0.616667 0.534375 0.641667 0.496875 0.606250 0.473438 0.654167 0.457813 0.637500 0.481250 0.585417 0.446875 0.554167 0.456250 0.531250
2 0.412500 0.555208 0.406250 0.531250 0.418750 0.531250 0.429688 0.543750 0.431250 0.568750 0.418750 0.581250 0.403125 0.579167 0.395313 0.562500 0.396875 0.543750
1 0.369643 0.544048 0.365625 0.531250 0.375000 0.531250 0.379688 0.541667 0.378125 0.554167 0.368750 0.562500 0.360938 0.550000 0.359375 0.537500
0 0.793359 0.457552 0.793750 0.441667 0.804688 0.443750 0.807813 0.460417 0.800000 0.472917 0.792188 0.475000 0.781250 0.468750 0.782813 0.454167 0.784375 0.443750
6 0.927344 0.508854 0.918750 0.456250 0.931250 0.454167 0.934375 0.562500 0.925000 0.562500
5 0.061328 0.466667 0.068750 0.443750 0.057813 0.437500 0.053125 0.491667 0.065625 0.493750
9 0.312891 0.360417 0.293750 0.341667 0.304688 0.387500 0.331250 0.381250 0.321875 0.331250
8 0.321484 0.430729 0.306250 0.412500 0.309375 0.460417 0.337500 0.450000 0.332813 0.400000
4 0.333353 0.406330 0.290625 0.337500 0.296875 0.360417 0.293750 0.368750 0.293750 0.387500 0.285938 0.397917 0.284375 0.422917 0.285938 0.431250 0.282813 0.435417 0.290625 0.479167 0.312500 0.472917 0.315625 0.462500 0.340625 0.456250 0.343750 0.443750 0.360938 0.441667 0.371875 0.437500 0.379688 0.454167 0.398438 0.443750 0.396875 0.416667 0.387500 0.400000 0.371875 0.400000 0.367188 0.379167 0.356250 0.368750 0.353125 0.356250 0.346875 0.343750 0.334375 0.341667 0.325000 0.325000
7 0.493750 0.509375 0.903125 0.106250 0.093750 0.091667 0.043750 0.885417 0.934375 0.954167
