8 0.373437 0.758333 0.354687 0.733333 0.384375 0.725000 0.393750 0.781250 0.360938 0.793750
9 0.362109 0.671875 0.342187 0.647917 0.373437 0.639583 0.382812 0.695833 0.350000 0.704167
0 0.132812 0.159259 0.145313 0.168750 0.146875 0.158333 0.143750 0.147917 0.134375 0.141667 0.125000 0.145833 0.118750 0.154167 0.121875 0.164583 0.125000 0.175000 0.134375 0.177083
1 0.562500 0.385937 0.571875 0.400000 0.573438 0.387500 0.571875 0.375000 0.565625 0.370833 0.556250 0.370833 0.550000 0.381250 0.550000 0.397917 0.560937 0.404167
2 0.701136 0.189583 0.700000 0.216667 0.714063 0.214583 0.721875 0.202083 0.725000 0.187500 0.723437 0.172917 0.714063 0.164583 0.700000 0.164583 0.684375 0.168750 0.671875 0.181250 0.671875 0.200000 0.685937 0.212500
3 0.446224 0.459896 0.437500 0.385417 0.456250 0.385417 0.454688 0.443750 0.503125 0.443750 0.501563 0.475000 0.456250 0.477083 0.456250 0.535417 0.435937 0.535417 0.434375 0.475000 0.392188 0.475000 0.392188 0.445833 0.434375 0.441667
4 0.377083 0.714198 0.318750 0.675000 0.343750 0.643750 0.376563 0.637500 0.395313 0.629167 0.407813 0.635417 0.412500 0.660417 0.404687 0.679167 0.414062 0.685417 0.420312 0.689583 0.423438 0.700000 0.437500 0.695833 0.448437 0.747917 0.428125 0.754167 0.420312 0.735417 0.407813 0.739583 0.390625 0.747917 0.395313 0.783333 0.359375 0.793750 0.356250 0.762500 0.348438 0.764583 0.348438 0.785417 0.325000 0.791667 0.317188 0.735417 0.325000 0.722917 0.326562 0.712500 0.314063 0.702083 0.315625 0.672917
5 0.030469 0.456771 0.026562 0.427083 0.039062 0.433333 0.034375 0.485417 0.021875 0.481250
6 0.941016 0.457292 0.929688 0.406250 0.940625 0.400000 0.953125 0.510417 0.940625 0.512500
7 0.487109 0.494271 0.068750 0.066667 0.890625 0.075000 0.979688 0.910417 0.009375 0.925000
