0 0.815451 0.665278 0.828125 0.662500 0.825000 0.654167 0.818750 0.650000 0.809375 0.650000 0.804688 0.660417 0.800000 0.668750 0.806250 0.681250 0.818750 0.681250 0.828125 0.679167
2 0.363068 0.738258 0.353125 0.716667 0.348438 0.725000 0.343750 0.731250 0.343750 0.747917 0.348438 0.762500 0.364063 0.768750 0.376563 0.760417 0.384375 0.747917 0.384375 0.731250 0.378125 0.718750 0.368750 0.710417
3 0.544661 0.618750 0.506250 0.672917 0.543750 0.637500 0.568750 0.687500 0.584375 0.672917 0.559375 0.618750 0.593750 0.587500 0.581250 0.566667 0.548438 0.600000 0.518750 0.550000 0.506250 0.568750 0.528125 0.612500 0.496875 0.650000
5 0.058203 0.495833 0.062500 0.522917 0.050000 0.518750 0.054688 0.468750 0.065625 0.472917
6 0.925781 0.498958 0.923438 0.556250 0.932813 0.554167 0.928125 0.441667 0.918750 0.443750
1 0.101367 0.195833 0.092188 0.191667 0.096875 0.191667 0.104688 0.187500 0.106250 0.193750 0.109375 0.197917 0.107813 0.200000 0.100000 0.204167 0.093750 0.200000
9 0.082031 0.144792 0.100000 0.160417 0.096875 0.125000 0.065625 0.131250 0.065625 0.162500
8 0.130859 0.138542 0.115625 0.125000 0.146875 0.118750 0.148438 0.154167 0.112500 0.156250
4 0.133388 0.173246 0.065625 0.168750 0.068750 0.129167 0.096875 0.129167 0.109375 0.112500 0.109375 0.100000 0.140625 0.100000 0.171875 0.100000 0.181250 0.125000 0.179688 0.137500 0.170313 0.143750 0.162500 0.206250 0.171875 0.212500 0.176563 0.237500 0.145313 0.243750 0.134375 0.231250 0.131250 0.218750 0.118750 0.235417 0.103125 0.237500 0.096875 0.222917
7 0.492578 0.519792 0.087500 0.116667 0.904687 0.102083 0.932813 0.939583 0.045312 0.920833
