0 0.376953 0.463021 0.387500 0.468750 0.387500 0.456250 0.381250 0.450000 0.371875 0.450000 0.367188 0.456250 0.367188 0.468750 0.371875 0.475000 0.381250 0.479167
1 0.269687 0.653125 0.259375 0.643750 0.256250 0.650000 0.256250 0.662500 0.262500 0.668750 0.275000 0.668750 0.281250 0.662500 0.284375 0.656250 0.278125 0.643750 0.275000 0.637500 0.268750 0.637500
2 0.527865 0.515104 0.510938 0.500000 0.506250 0.512500 0.510938 0.529167 0.518750 0.541667 0.532813 0.543750 0.540625 0.535417 0.543750 0.529167 0.546875 0.510417 0.543750 0.504167 0.534375 0.493750 0.526563 0.487500 0.518750 0.493750
3 0.431641 0.520312 0.392188 0.475000 0.403125 0.462500 0.431250 0.504167 0.462500 0.462500 0.475000 0.481250 0.446875 0.518750 0.473438 0.568750 0.462500 0.581250 0.429688 0.537500 0.400000 0.579167 0.384375 0.556250 0.418750 0.516667
5 0.066406 0.489583 0.075000 0.468750 0.062500 0.460417 0.059375 0.516667 0.068750 0.512500
6 0.932422 0.502604 0.929688 0.556250 0.940625 0.556250 0.934375 0.447917 0.925000 0.450000
8 0.572656 0.233333 0.575000 0.266667 0.596875 0.241667 0.568750 0.200000 0.550000 0.225000
9 0.611328 0.290104 0.587500 0.281250 0.606250 0.262500 0.635938 0.293750 0.615625 0.322917
4 0.577649 0.287953 0.523438 0.306250 0.528125 0.322917 0.537500 0.331250 0.543750 0.337500 0.564063 0.325000 0.579688 0.325000 0.575000 0.341667 0.575000 0.354167 0.581250 0.368750 0.600000 0.375000 0.648438 0.281250 0.637500 0.260417 0.626563 0.260417 0.625000 0.250000 0.626563 0.237500 0.603125 0.206250 0.589063 0.218750 0.571875 0.200000 0.543750 0.225000 0.565625 0.256250 0.559375 0.262500 0.543750 0.291667 0.537500 0.285417
7 0.500781 0.518229 0.093750 0.112500 0.906250 0.104167 0.945312 0.947917 0.057813 0.908333
