0 0.048438 0.864815 0.040625 0.850000 0.037500 0.862500 0.034375 0.872917 0.043750 0.881250 0.050000 0.881250 0.059375 0.875000 0.062500 0.862500 0.057813 0.850000 0.050000 0.847917
1 0.660547 0.448698 0.651563 0.435417 0.646875 0.450000 0.650000 0.460417 0.659375 0.462500 0.668750 0.462500 0.673438 0.450000 0.671875 0.437500 0.662500 0.431250
2 0.362500 0.740923 0.384375 0.731250 0.381250 0.750000 0.378125 0.760417 0.368750 0.766667 0.360938 0.768750 0.350000 0.766667 0.346875 0.762500 0.343750 0.750000 0.343750 0.737500 0.346875 0.725000 0.353125 0.712500 0.365625 0.710417 0.371875 0.712500 0.379688 0.718750
3 0.544922 0.618924 0.506250 0.672917 0.543750 0.637500 0.568750 0.685417 0.585938 0.672917 0.559375 0.618750 0.593750 0.587500 0.581250 0.566667 0.546875 0.600000 0.518750 0.554167 0.506250 0.568750 0.531250 0.612500 0.496875 0.650000
5 0.058203 0.490104 0.062500 0.518750 0.050000 0.516667 0.054688 0.462500 0.065625 0.462500
6 0.926562 0.502083 0.923438 0.560417 0.934375 0.556250 0.929688 0.443750 0.918750 0.447917
8 0.131250 0.136979 0.115625 0.156250 0.115625 0.122917 0.146875 0.118750 0.146875 0.150000
9 0.082031 0.144792 0.065625 0.162500 0.065625 0.131250 0.100000 0.125000 0.096875 0.160417
4 0.131735 0.174353 0.093750 0.225000 0.100000 0.231250 0.107813 0.237500 0.123438 0.237500 0.129688 0.225000 0.134375 0.235417 0.145313 0.243750 0.160938 0.247917 0.175000 0.243750 0.176563 0.222917 0.175000 0.210417 0.165625 0.204167 0.165625 0.160417 0.168750 0.143750 0.178125 0.137500 0.179688 0.118750 0.178125 0.106250 0.162500 0.100000 0.145313 0.093750 0.134375 0.100000 0.112500 0.097917 0.106250 0.110417 0.100000 0.118750 0.065625 0.125000 0.062500 0.166667 0.081250 0.168750 0.092188 0.168750 0.096875 0.181250 0.103125 0.193750
7 0.491797 0.517708 0.090625 0.114583 0.898438 0.104167 0.935937 0.943750 0.042188 0.908333
