8 0.469922 0.441146 0.446875 0.435417 0.464062 0.408333 0.493750 0.443750 0.475000 0.477083
9 0.427344 0.389062 0.421875 0.358333 0.451562 0.393750 0.432812 0.418750 0.403125 0.385417
0 0.110491 0.625000 0.125000 0.618750 0.123438 0.635417 0.110937 0.643750 0.098437 0.637500 0.095312 0.618750 0.103125 0.610417 0.117188 0.610417
1 0.234598 0.617262 0.239063 0.600000 0.246875 0.608333 0.246875 0.627083 0.237500 0.633333 0.226562 0.631250 0.220312 0.618750 0.225000 0.602083
2 0.915000 0.931042 0.918750 0.900000 0.932813 0.914583 0.943750 0.933333 0.942187 0.952083 0.931250 0.962500 0.914062 0.960417 0.895312 0.950000 0.884375 0.929167 0.887500 0.910417 0.900000 0.897917
3 0.383333 0.685937 0.359375 0.616667 0.381250 0.608333 0.392188 0.666667 0.437500 0.654167 0.442188 0.677083 0.396875 0.697917 0.407813 0.756250 0.387500 0.766667 0.373437 0.704167 0.329688 0.720833 0.323437 0.689583 0.368750 0.672917
4 0.454567 0.428045 0.476562 0.479167 0.495312 0.445833 0.489063 0.431250 0.500000 0.420833 0.509375 0.427083 0.523438 0.406250 0.498437 0.372917 0.490625 0.377083 0.478125 0.368750 0.460938 0.364583 0.454688 0.381250 0.450000 0.383333 0.423438 0.356250 0.400000 0.385417 0.401562 0.395833 0.400000 0.416667 0.407813 0.429167 0.421875 0.435417 0.414062 0.458333 0.425000 0.466667 0.417187 0.485417 0.443750 0.520833 0.464062 0.497917 0.453125 0.487500 0.456250 0.468750 0.464062 0.466667
5 0.030078 0.470313 0.025000 0.441667 0.037500 0.443750 0.035937 0.497917 0.021875 0.497917
6 0.942578 0.505208 0.935937 0.450000 0.946875 0.445833 0.950000 0.562500 0.937500 0.562500
7 0.486719 0.505208 0.921875 0.089583 0.943750 0.956250 0.018750 0.916667 0.062500 0.058333
