1 0.526563 0.356250 0.517188 0.343750 0.525000 0.337500 0.534375 0.341667 0.540625 0.356250 0.534375 0.368750 0.526563 0.372917 0.518750 0.368750 0.515625 0.360417
0 0.708008 0.804948 0.710938 0.787500 0.718750 0.793750 0.721875 0.806250 0.715625 0.818750 0.706250 0.825000 0.696875 0.816667 0.693750 0.800000 0.700000 0.791667
3 0.582292 0.522569 0.557813 0.456250 0.568750 0.510417 0.528125 0.531250 0.534375 0.560417 0.578125 0.537500 0.589063 0.593750 0.606250 0.591667 0.596875 0.531250 0.635938 0.518750 0.628125 0.485417 0.589063 0.506250 0.575000 0.447917
2 0.071563 0.776042 0.048438 0.768750 0.059375 0.756250 0.071875 0.750000 0.085938 0.750000 0.096875 0.762500 0.096875 0.781250 0.090625 0.797917 0.068750 0.806250 0.053125 0.800000 0.043750 0.787500
6 0.933203 0.503646 0.925000 0.450000 0.937500 0.447917 0.939063 0.556250 0.931250 0.560417
5 0.066406 0.465625 0.075000 0.443750 0.062500 0.437500 0.059375 0.487500 0.068750 0.493750
8 0.779297 0.653646 0.806250 0.656250 0.784375 0.691667 0.753125 0.647917 0.773438 0.618750
9 0.732031 0.595833 0.725000 0.562500 0.706250 0.591667 0.737500 0.629167 0.759375 0.600000
4 0.739955 0.631845 0.753125 0.587500 0.725000 0.554167 0.720313 0.556250 0.710938 0.554167 0.698438 0.562500 0.671875 0.604167 0.673438 0.622917 0.687500 0.641667 0.706250 0.637500 0.715625 0.643750 0.714063 0.656250 0.712500 0.662500 0.703125 0.679167 0.706250 0.691667 0.718750 0.706250 0.731250 0.712500 0.745313 0.697917 0.740625 0.687500 0.756250 0.662500 0.784375 0.700000 0.812500 0.656250 0.787500 0.629167 0.787500 0.625000 0.796875 0.625000 0.809375 0.606250 0.803125 0.587500 0.784375 0.568750 0.762500 0.572917
7 0.500000 0.505729 0.915625 0.100000 0.103125 0.087500 0.046875 0.885417 0.934375 0.950000
