8 0.701953 0.305729 0.675000 0.306250 0.693750 0.337500 0.728125 0.304167 0.710938 0.275000
9 0.652344 0.355729 0.626563 0.356250 0.643750 0.387500 0.679688 0.354167 0.659375 0.325000
0 0.305357 0.558036 0.314063 0.543750 0.318750 0.556250 0.314063 0.575000 0.301563 0.575000 0.290625 0.562500 0.293750 0.550000 0.304688 0.543750
1 0.029018 0.762500 0.037500 0.747917 0.043750 0.760417 0.037500 0.772917 0.028125 0.779167 0.015625 0.772917 0.015625 0.760417 0.025000 0.743750
2 0.915469 0.930625 0.923438 0.900000 0.937500 0.918750 0.943750 0.937500 0.939063 0.954167 0.929688 0.960417 0.909375 0.960417 0.893750 0.947917 0.884375 0.925000 0.887500 0.904167 0.906250 0.897917
3 0.383464 0.685069 0.360938 0.612500 0.381250 0.606250 0.392188 0.668750 0.437500 0.650000 0.442188 0.679167 0.396875 0.697917 0.407813 0.756250 0.387500 0.762500 0.371875 0.704167 0.329688 0.718750 0.325000 0.691667 0.368750 0.672917
4 0.669673 0.338163 0.671875 0.441667 0.595313 0.354167 0.603125 0.331250 0.618750 0.325000 0.634375 0.331250 0.640625 0.325000 0.631250 0.291667 0.631250 0.285417 0.659375 0.254167 0.675000 0.275000 0.671875 0.285417 0.682813 0.293750 0.709375 0.268750 0.731250 0.300000 0.706250 0.337500 0.715625 0.354167 0.729688 0.372917 0.698438 0.406250 0.684375 0.385417 0.673438 0.385417 0.684375 0.406250 0.684375 0.429167
5 0.029687 0.469271 0.025000 0.441667 0.037500 0.443750 0.034375 0.497917 0.021875 0.493750
6 0.942578 0.504167 0.934375 0.450000 0.946875 0.443750 0.950000 0.560417 0.939063 0.562500
7 0.484766 0.503125 0.918750 0.085417 0.943750 0.954167 0.017188 0.916667 0.059375 0.056250
