0 0.048633 0.864583 0.053125 0.881250 0.062500 0.872917 0.062500 0.860417 0.056250 0.847917 0.043750 0.850000 0.034375 0.856250 0.034375 0.868750 0.042188 0.879167
2 0.362074 0.739394 0.346875 0.722917 0.340625 0.737500 0.343750 0.750000 0.350000 0.762500 0.360938 0.768750 0.375000 0.762500 0.381250 0.750000 0.384375 0.735417 0.379688 0.718750 0.367188 0.712500 0.353125 0.712500
1 0.450586 0.485938 0.443750 0.472917 0.450000 0.468750 0.459375 0.475000 0.462500 0.487500 0.460938 0.500000 0.450000 0.504167 0.440625 0.497917 0.437500 0.481250
3 0.544792 0.619792 0.546875 0.604167 0.581250 0.568750 0.593750 0.585417 0.559375 0.618750 0.584375 0.672917 0.568750 0.687500 0.543750 0.637500 0.506250 0.672917 0.496875 0.654167 0.531250 0.612500 0.506250 0.568750 0.518750 0.554167
5 0.057813 0.490625 0.062500 0.516667 0.050000 0.516667 0.053125 0.462500 0.065625 0.466667
6 0.925781 0.502083 0.923438 0.556250 0.932813 0.556250 0.928125 0.447917 0.918750 0.447917
8 0.131250 0.137500 0.115625 0.156250 0.115625 0.125000 0.146875 0.118750 0.146875 0.150000
9 0.082812 0.144792 0.100000 0.160417 0.100000 0.125000 0.065625 0.131250 0.065625 0.162500
4 0.129593 0.180114 0.092188 0.168750 0.093750 0.179167 0.100000 0.185417 0.104688 0.197917 0.112500 0.204167 0.121875 0.212500 0.112500 0.218750 0.106250 0.222917 0.093750 0.218750 0.096875 0.231250 0.106250 0.237500 0.120313 0.237500 0.128125 0.225000 0.137500 0.237500 0.145313 0.247917 0.162500 0.243750 0.171875 0.243750 0.176563 0.222917 0.171875 0.212500 0.165625 0.206250 0.162500 0.179167 0.165625 0.147917 0.179688 0.137500 0.181250 0.112500 0.171875 0.104167 0.162500 0.097917 0.148438 0.093750 0.131250 0.100000 0.112500 0.100000 0.106250 0.100000 0.103125 0.118750 0.065625 0.129167 0.065625 0.168750
7 0.492578 0.514062 0.045312 0.904167 0.087500 0.108333 0.901563 0.100000 0.935937 0.943750
