0 0.796875 0.452708 0.787500 0.441667 0.784375 0.450000 0.784375 0.460417 0.787500 0.466667 0.798438 0.468750 0.807813 0.466667 0.809375 0.456250 0.809375 0.443750 0.803125 0.437500 0.796875 0.435417
1 0.057986 0.609259 0.046875 0.600000 0.043750 0.610417 0.050000 0.618750 0.057813 0.625000 0.065625 0.622917 0.071875 0.618750 0.068750 0.600000 0.062500 0.593750 0.054688 0.593750
2 0.100911 0.813021 0.078125 0.800000 0.087500 0.791667 0.100000 0.787500 0.115625 0.787500 0.125000 0.797917 0.131250 0.816667 0.125000 0.825000 0.112500 0.837500 0.100000 0.841667 0.084375 0.835417 0.076563 0.822917 0.075000 0.812500
3 0.352865 0.444271 0.368750 0.447917 0.400000 0.418750 0.390625 0.397917 0.356250 0.425000 0.332813 0.379167 0.318750 0.387500 0.337500 0.437500 0.303125 0.468750 0.314063 0.493750 0.350000 0.466667 0.375000 0.510417 0.387500 0.497917
5 0.048828 0.505729 0.054688 0.531250 0.042188 0.531250 0.043750 0.479167 0.054688 0.481250
6 0.917188 0.484896 0.907813 0.431250 0.918750 0.429167 0.925000 0.537500 0.917188 0.541667
8 0.488672 0.447917 0.465625 0.437500 0.487500 0.416667 0.512500 0.456250 0.489063 0.481250
9 0.524219 0.510938 0.501563 0.500000 0.523438 0.481250 0.546875 0.518750 0.525000 0.543750
4 0.498828 0.487674 0.442188 0.493750 0.450000 0.512500 0.457813 0.529167 0.465625 0.535417 0.478125 0.529167 0.492188 0.529167 0.489063 0.543750 0.492188 0.562500 0.500000 0.579167 0.512500 0.575000 0.571875 0.481250 0.564063 0.462500 0.550000 0.466667 0.543750 0.456250 0.550000 0.450000 0.528125 0.406250 0.512500 0.422917 0.515625 0.437500 0.510938 0.441667 0.487500 0.412500 0.462500 0.437500 0.475000 0.468750 0.462500 0.491667 0.457813 0.479167
7 0.575937 0.595833 0.071875 0.122917 0.879687 0.087500 0.939063 0.912500 0.940625 0.927083 0.048438 0.929167
