8 0.850781 0.570312 0.834375 0.541667 0.825000 0.575000 0.867188 0.600000 0.876563 0.564583
9 0.790234 0.535937 0.776563 0.506250 0.762500 0.543750 0.806250 0.564583 0.815625 0.529167
0 0.654464 0.319345 0.665625 0.312500 0.665625 0.325000 0.659375 0.335417 0.645312 0.333333 0.642188 0.320833 0.646875 0.306250 0.656250 0.302083
1 0.094420 0.177976 0.106250 0.170833 0.106250 0.185417 0.096875 0.193750 0.085938 0.193750 0.079687 0.177083 0.087500 0.162500 0.098437 0.162500
2 0.335313 0.643125 0.331250 0.614583 0.350000 0.618750 0.364063 0.629167 0.365625 0.650000 0.354687 0.664583 0.335938 0.675000 0.317188 0.670833 0.307812 0.656250 0.307812 0.633333 0.318750 0.618750
3 0.446094 0.460243 0.437500 0.387500 0.454688 0.387500 0.456250 0.441667 0.501563 0.443750 0.501563 0.475000 0.456250 0.477083 0.454688 0.537500 0.437500 0.537500 0.434375 0.475000 0.392188 0.472917 0.390625 0.443750 0.435937 0.443750
4 0.797091 0.571049 0.742188 0.497917 0.767188 0.493750 0.779687 0.500000 0.789062 0.510417 0.800000 0.514583 0.815625 0.495833 0.839063 0.495833 0.850000 0.504167 0.853125 0.508333 0.850000 0.522917 0.848437 0.539583 0.876563 0.560417 0.870313 0.604167 0.828125 0.583333 0.825000 0.606250 0.817187 0.622917 0.821875 0.633333 0.814063 0.658333 0.771875 0.639583 0.779687 0.612500 0.785937 0.606250 0.789062 0.602083 0.775000 0.597917 0.757812 0.618750 0.742188 0.620833 0.726562 0.610417 0.729688 0.600000 0.740625 0.602083 0.729688 0.597917
5 0.030078 0.463542 0.026562 0.433333 0.039062 0.439583 0.034375 0.493750 0.020313 0.487500
6 0.938672 0.435937 0.928125 0.385417 0.939063 0.379167 0.950000 0.487500 0.937500 0.491667
7 0.485156 0.486458 0.889062 0.056250 0.976562 0.885417 0.007812 0.931250 0.067187 0.072917
