6 0.932031 0.505208 0.925000 0.450000 0.934375 0.450000 0.939063 0.560417 0.929688 0.560417
1 0.070703 0.642188 0.075000 0.629167 0.078125 0.631250 0.081250 0.641667 0.078125 0.650000 0.071875 0.656250 0.062500 0.654167 0.059375 0.643750 0.059375 0.631250
5 0.067187 0.467708 0.075000 0.443750 0.065625 0.441667 0.059375 0.491667 0.068750 0.493750
2 0.064974 0.757292 0.046875 0.756250 0.050000 0.747917 0.056250 0.743750 0.065625 0.731250 0.081250 0.731250 0.089063 0.737500 0.092188 0.750000 0.087500 0.772917 0.068750 0.781250 0.054688 0.787500 0.043750 0.779167 0.043750 0.768750
3 0.416346 0.329006 0.410938 0.343750 0.371875 0.347917 0.368750 0.337500 0.368750 0.318750 0.409375 0.312500 0.407813 0.260417 0.428125 0.254167 0.429688 0.312500 0.470313 0.310417 0.471875 0.337500 0.431250 0.343750 0.431250 0.397917 0.412500 0.400000
0 0.711458 0.365972 0.720313 0.356250 0.721875 0.362500 0.721875 0.368750 0.718750 0.375000 0.710938 0.381250 0.703125 0.375000 0.700000 0.368750 0.700000 0.356250 0.706250 0.350000
8 0.235156 0.246875 0.225000 0.218750 0.218750 0.268750 0.243750 0.275000 0.253125 0.225000
9 0.221875 0.320833 0.212500 0.291667 0.203125 0.341667 0.231250 0.350000 0.240625 0.300000
4 0.254748 0.304407 0.196875 0.343750 0.218750 0.350000 0.218750 0.368750 0.231250 0.381250 0.281250 0.387500 0.287500 0.375000 0.290625 0.354167 0.281250 0.337500 0.278125 0.325000 0.281250 0.318750 0.290625 0.325000 0.306250 0.329167 0.312500 0.306250 0.315625 0.285417 0.309375 0.272917 0.290625 0.268750 0.282813 0.281250 0.250000 0.262500 0.256250 0.218750 0.225000 0.210417 0.218750 0.243750 0.209375 0.243750 0.196875 0.260417 0.193750 0.268750 0.193750 0.291667 0.206250 0.304167
7 0.500391 0.505729 0.915625 0.100000 0.100000 0.087500 0.048438 0.885417 0.937500 0.950000
