1 0.481771 0.488426 0.471875 0.487500 0.471875 0.493750 0.478125 0.506250 0.487500 0.504167 0.492188 0.493750 0.493750 0.485417 0.489063 0.475000 0.478125 0.475000 0.473438 0.475000
2 0.468646 0.912500 0.450000 0.897917 0.456250 0.887500 0.465625 0.885417 0.478125 0.881250 0.487500 0.887500 0.493750 0.897917 0.496875 0.912500 0.493750 0.929167 0.487500 0.937500 0.478125 0.941667 0.462500 0.941667 0.450000 0.937500 0.443750 0.931250 0.442188 0.918750 0.443750 0.900000
3 0.533073 0.484375 0.481250 0.468750 0.521875 0.491667 0.510938 0.543750 0.528125 0.556250 0.537500 0.500000 0.579688 0.518750 0.584375 0.497917 0.543750 0.475000 0.556250 0.425000 0.540625 0.416667 0.526563 0.468750 0.485938 0.450000
5 0.050391 0.507292 0.057813 0.535417 0.043750 0.531250 0.043750 0.481250 0.056250 0.481250
6 0.916406 0.485938 0.912500 0.541667 0.925000 0.537500 0.918750 0.429167 0.909375 0.435417
8 0.862109 0.658854 0.840625 0.637500 0.840625 0.675000 0.881250 0.681250 0.885938 0.641667
9 0.798438 0.652604 0.778125 0.631250 0.818750 0.635417 0.818750 0.675000 0.778125 0.668750
4 0.806534 0.660417 0.740625 0.662500 0.746875 0.679167 0.756250 0.691667 0.778125 0.693750 0.793750 0.687500 0.809375 0.693750 0.809375 0.706250 0.809375 0.722917 0.829688 0.731250 0.850000 0.731250 0.850000 0.679167 0.887500 0.687500 0.890625 0.637500 0.853125 0.631250 0.850000 0.579167 0.809375 0.575000 0.806250 0.604167 0.804688 0.612500 0.781250 0.612500 0.778125 0.625000 0.759375 0.635417 0.750000 0.650000
0 0.498047 0.533854 0.493750 0.518750 0.489063 0.525000 0.487500 0.537500 0.492188 0.547917 0.500000 0.547917 0.509375 0.543750 0.509375 0.531250 0.503125 0.518750
7 0.485547 0.518229 0.068750 0.125000 0.884375 0.093750 0.939063 0.925000 0.050000 0.929167
