8 0.805078 0.187500 0.796875 0.158333 0.823438 0.168750 0.814063 0.216667 0.785937 0.206250
9 0.789453 0.258333 0.779687 0.227083 0.807813 0.241667 0.800000 0.287500 0.770312 0.277083
0 0.026953 0.679167 0.042188 0.672917 0.042188 0.687500 0.032813 0.697917 0.017188 0.695833 0.012500 0.681250 0.015625 0.670833 0.021875 0.664583 0.031250 0.662500
1 0.094141 0.179427 0.101562 0.166667 0.106250 0.177083 0.106250 0.187500 0.100000 0.193750 0.087500 0.193750 0.082812 0.185417 0.079687 0.168750 0.089063 0.162500
2 0.530729 0.200000 0.551562 0.208333 0.534375 0.229167 0.512500 0.231250 0.507812 0.218750 0.510938 0.193750 0.521875 0.177083 0.534375 0.170833 0.550000 0.177083 0.553125 0.193750
3 0.445964 0.459549 0.437500 0.385417 0.454688 0.385417 0.454688 0.441667 0.501563 0.443750 0.501563 0.475000 0.456250 0.477083 0.454688 0.535417 0.437500 0.535417 0.435937 0.475000 0.390625 0.475000 0.390625 0.443750 0.435937 0.441667
4 0.765234 0.256510 0.729688 0.325000 0.803125 0.339583 0.814063 0.325000 0.809375 0.302083 0.806250 0.291667 0.807813 0.272917 0.823438 0.277083 0.837500 0.241667 0.831250 0.227083 0.821875 0.218750 0.826562 0.164583 0.795312 0.156250 0.784375 0.200000 0.764062 0.195833 0.751563 0.197917 0.748437 0.197917 0.732812 0.193750 0.728125 0.191667 0.715625 0.245833 0.729688 0.254167 0.746875 0.239583 0.753125 0.243750 0.753125 0.250000 0.745313 0.264583 0.743750 0.268750 0.743750 0.275000 0.732812 0.283333 0.720313 0.297917 0.718750 0.304167 0.720313 0.312500 0.721875 0.322917 0.726562 0.327083
5 0.030078 0.457292 0.026562 0.427083 0.021875 0.481250 0.034375 0.485417 0.037500 0.435417
6 0.941406 0.454688 0.929688 0.404167 0.940625 0.397917 0.953125 0.506250 0.942187 0.510417
7 0.487109 0.494271 0.890625 0.072917 0.979688 0.910417 0.009375 0.925000 0.068750 0.068750
