8 0.177344 0.291667 0.153125 0.281250 0.175000 0.260417 0.203125 0.300000 0.178125 0.325000
9 0.216016 0.351042 0.192188 0.343750 0.214062 0.320833 0.242188 0.356250 0.215625 0.383333
0 0.542773 0.545052 0.556250 0.539583 0.554688 0.552083 0.546875 0.562500 0.535937 0.560417 0.529687 0.550000 0.531250 0.537500 0.537500 0.529167 0.550000 0.529167
1 0.439955 0.523214 0.451562 0.516667 0.451562 0.527083 0.446875 0.539583 0.432812 0.537500 0.426563 0.525000 0.428125 0.510417 0.442188 0.506250
2 0.716493 0.583796 0.735938 0.564583 0.739062 0.589583 0.731250 0.614583 0.718750 0.620833 0.701562 0.612500 0.695312 0.587500 0.698438 0.566667 0.706250 0.552083 0.721875 0.545833
3 0.463151 0.458160 0.453125 0.383333 0.471875 0.383333 0.471875 0.441667 0.518750 0.441667 0.517188 0.472917 0.473438 0.472917 0.473438 0.535417 0.454688 0.533333 0.453125 0.472917 0.409375 0.475000 0.407813 0.443750 0.453125 0.441667
4 0.214873 0.342207 0.150000 0.281250 0.175000 0.256250 0.204687 0.295833 0.209375 0.287500 0.221875 0.285417 0.226562 0.277083 0.239063 0.266667 0.264062 0.308333 0.248438 0.322917 0.240625 0.322917 0.240625 0.331250 0.250000 0.341667 0.265625 0.327083 0.282813 0.331250 0.292187 0.350000 0.229687 0.441667 0.212500 0.437500 0.206250 0.418750 0.210938 0.391667 0.204687 0.385417 0.200000 0.377083 0.190625 0.379167 0.190625 0.393750 0.170313 0.402083 0.143750 0.360417 0.156250 0.343750 0.175000 0.322917
5 0.050391 0.440104 0.046875 0.410417 0.057813 0.418750 0.054688 0.468750 0.042188 0.462500
6 0.959375 0.454167 0.948438 0.404167 0.959375 0.395833 0.970313 0.506250 0.959375 0.510417
7 0.504297 0.483333 0.912500 0.068750 0.990625 0.910417 0.021875 0.902083 0.092188 0.052083
