8 0.413672 0.646875 0.396875 0.618750 0.389062 0.658333 0.429688 0.675000 0.439063 0.635417
9 0.353125 0.624479 0.337500 0.597917 0.328125 0.637500 0.368750 0.650000 0.378125 0.612500
0 0.088839 0.298810 0.103125 0.300000 0.098437 0.314583 0.084375 0.316667 0.075000 0.304167 0.076563 0.287500 0.085938 0.283333 0.098437 0.285417
1 0.127009 0.736607 0.135937 0.718750 0.140625 0.733333 0.139063 0.745833 0.126562 0.754167 0.115625 0.750000 0.110937 0.733333 0.120313 0.720833
2 0.376215 0.834259 0.393750 0.808333 0.398438 0.833333 0.393750 0.854167 0.387500 0.875000 0.370312 0.872917 0.357812 0.852083 0.351562 0.818750 0.356250 0.802083 0.376563 0.791667
3 0.461328 0.459201 0.454688 0.385417 0.471875 0.385417 0.470313 0.443750 0.515625 0.445833 0.515625 0.475000 0.470313 0.475000 0.468750 0.535417 0.451562 0.535417 0.453125 0.472917 0.406250 0.472917 0.406250 0.441667 0.451562 0.441667
4 0.394127 0.643534 0.412500 0.700000 0.423438 0.706250 0.417187 0.731250 0.378125 0.720833 0.379688 0.704167 0.370312 0.697917 0.360938 0.710417 0.345313 0.712500 0.335938 0.706250 0.332813 0.695833 0.325000 0.633333 0.334375 0.593750 0.348438 0.581250 0.356250 0.575000 0.376563 0.583333 0.385937 0.579167 0.400000 0.572917 0.406250 0.572917 0.410938 0.564583 0.450000 0.575000 0.443750 0.606250 0.432812 0.602083 0.426563 0.616667 0.418750 0.629167 0.442188 0.631250 0.435937 0.675000 0.440625 0.635417 0.429688 0.677083 0.409375 0.672917
5 0.049609 0.455208 0.046875 0.425000 0.040625 0.479167 0.053125 0.485417 0.057813 0.431250
6 0.958984 0.445833 0.948438 0.395833 0.959375 0.387500 0.970313 0.497917 0.957812 0.502083
7 0.503906 0.487500 0.912500 0.062500 0.990625 0.902083 0.021875 0.918750 0.090625 0.066667
