2 0.096094 0.367917 0.085938 0.337500 0.093750 0.337500 0.104688 0.350000 0.112500 0.360417 0.115625 0.379167 0.112500 0.393750 0.096875 0.400000 0.085938 0.393750 0.076563 0.372917 0.076563 0.354167
0 0.072266 0.702604 0.068750 0.687500 0.076563 0.687500 0.084375 0.693750 0.084375 0.706250 0.076563 0.722917 0.065625 0.718750 0.059375 0.706250 0.062500 0.697917
3 0.356771 0.642535 0.315625 0.600000 0.340625 0.641667 0.309375 0.681250 0.321875 0.704167 0.356250 0.662500 0.381250 0.706250 0.400000 0.687500 0.371875 0.643750 0.403125 0.604167 0.392188 0.581250 0.356250 0.622917 0.332813 0.575000
6 0.935156 0.501563 0.928125 0.450000 0.940625 0.443750 0.940625 0.556250 0.931250 0.556250
5 0.069141 0.466146 0.078125 0.441667 0.065625 0.437500 0.059375 0.491667 0.073438 0.493750
1 0.964583 0.487500 0.956250 0.472917 0.965625 0.472917 0.971875 0.481250 0.971875 0.493750 0.965625 0.500000 0.956250 0.504167
8 0.778906 0.652604 0.773438 0.618750 0.751563 0.647917 0.784375 0.687500 0.806250 0.656250
9 0.732031 0.593750 0.759375 0.600000 0.737500 0.625000 0.706250 0.587500 0.725000 0.562500
4 0.743570 0.625401 0.756250 0.575000 0.746875 0.581250 0.725000 0.556250 0.718750 0.556250 0.710938 0.554167 0.700000 0.556250 0.668750 0.606250 0.673438 0.631250 0.689063 0.643750 0.709375 0.641667 0.715625 0.650000 0.703125 0.681250 0.710938 0.700000 0.731250 0.716667 0.745313 0.693750 0.737500 0.681250 0.756250 0.668750 0.784375 0.697917 0.814063 0.656250 0.787500 0.629167 0.790625 0.625000 0.798438 0.625000 0.809375 0.606250 0.798438 0.585417 0.782813 0.572917 0.768750 0.568750
7 0.502734 0.506250 0.915625 0.100000 0.104688 0.091667 0.050000 0.885417 0.940625 0.947917
