8 0.591406 0.511458 0.567187 0.500000 0.590625 0.477083 0.617188 0.522917 0.590625 0.545833
9 0.555469 0.443750 0.531250 0.435417 0.556250 0.410417 0.579688 0.454167 0.554688 0.475000
0 0.295833 0.460417 0.304688 0.445833 0.307812 0.462500 0.301563 0.475000 0.290625 0.475000 0.281250 0.460417 0.289062 0.443750
1 0.772545 0.392262 0.779687 0.377083 0.784375 0.389583 0.781250 0.404167 0.771875 0.410417 0.759375 0.402083 0.760938 0.385417 0.770312 0.377083
2 0.706424 0.627083 0.700000 0.600000 0.715625 0.604167 0.729688 0.614583 0.734375 0.631250 0.728125 0.647917 0.706250 0.658333 0.684375 0.652083 0.676562 0.629167 0.682813 0.606250
3 0.413542 0.417361 0.403125 0.343750 0.421875 0.341667 0.423438 0.402083 0.467187 0.397917 0.468750 0.429167 0.425000 0.431250 0.425000 0.491667 0.404687 0.493750 0.403125 0.433333 0.359375 0.435417 0.357812 0.406250 0.403125 0.402083
4 0.569875 0.486250 0.507812 0.454167 0.529687 0.433333 0.537500 0.418750 0.557813 0.402083 0.576562 0.439583 0.596875 0.433333 0.609375 0.441667 0.617188 0.441667 0.621875 0.441667 0.640625 0.483333 0.625000 0.504167 0.615625 0.487500 0.603125 0.495833 0.617188 0.522917 0.593750 0.547917 0.578125 0.522917 0.560937 0.537500 0.562500 0.560417 0.542188 0.572917 0.523438 0.533333 0.534375 0.518750 0.534375 0.502083 0.539062 0.493750 0.515625 0.489583 0.506250 0.477083
5 0.030078 0.470313 0.025000 0.441667 0.037500 0.445833 0.035937 0.497917 0.021875 0.495833
6 0.942187 0.505729 0.934375 0.450000 0.946875 0.447917 0.950000 0.562500 0.937500 0.562500
7 0.487109 0.505208 0.921875 0.087500 0.943750 0.958333 0.020313 0.916667 0.062500 0.058333
