8 0.296484 0.166667 0.275000 0.150000 0.301563 0.137500 0.318750 0.181250 0.290625 0.197917
9 0.324609 0.232292 0.303125 0.218750 0.328125 0.204167 0.348438 0.243750 0.318750 0.262500
0 0.088281 0.297396 0.093750 0.312500 0.084375 0.312500 0.075000 0.304167 0.075000 0.287500 0.084375 0.281250 0.093750 0.281250 0.100000 0.293750 0.100000 0.306250
1 0.440179 0.521726 0.450000 0.525000 0.446875 0.537500 0.434375 0.537500 0.426563 0.522917 0.431250 0.510417 0.442188 0.506250 0.450000 0.512500
2 0.689375 0.602917 0.712500 0.610417 0.704688 0.631250 0.689063 0.643750 0.671875 0.631250 0.667188 0.612500 0.668750 0.593750 0.678125 0.581250 0.684375 0.568750 0.706250 0.568750 0.710938 0.587500
3 0.462891 0.456424 0.453125 0.381250 0.470313 0.381250 0.471875 0.437500 0.518750 0.441667 0.518750 0.468750 0.473438 0.472917 0.475000 0.531250 0.454688 0.535417 0.453125 0.472917 0.407813 0.472917 0.407813 0.443750 0.450000 0.437500
4 0.321205 0.226414 0.390625 0.262500 0.325000 0.329167 0.306250 0.318750 0.304688 0.300000 0.312500 0.275000 0.306250 0.262500 0.303125 0.254167 0.290625 0.254167 0.290625 0.266667 0.278125 0.279167 0.254688 0.229167 0.265625 0.216667 0.271875 0.206250 0.285938 0.191667 0.275000 0.150000 0.304688 0.135417 0.318750 0.168750 0.328125 0.175000 0.337500 0.168750 0.350000 0.168750 0.353125 0.166667 0.371875 0.206250 0.360938 0.218750 0.353125 0.212500 0.348438 0.218750 0.350000 0.231250 0.368750 0.231250 0.387500 0.241667
5 0.050781 0.438542 0.046875 0.406250 0.059375 0.416667 0.054688 0.468750 0.042188 0.462500
6 0.960547 0.453646 0.950000 0.404167 0.960938 0.393750 0.971875 0.506250 0.959375 0.510417
7 0.504297 0.482812 0.912500 0.068750 0.990625 0.912500 0.021875 0.900000 0.092188 0.050000
