0 0.773438 0.728472 0.778125 0.712500 0.784375 0.718750 0.784375 0.731250 0.781250 0.737500 0.775000 0.743750 0.767188 0.741667 0.760938 0.731250 0.762500 0.722917 0.767188 0.716667
1 0.812500 0.487292 0.809375 0.504167 0.815625 0.500000 0.825000 0.500000 0.825000 0.485417 0.821875 0.475000 0.815625 0.475000 0.809375 0.475000 0.803125 0.479167 0.800000 0.485417 0.800000 0.493750
6 0.932422 0.504167 0.925000 0.454167 0.934375 0.443750 0.939063 0.556250 0.931250 0.562500
5 0.067187 0.466146 0.075000 0.441667 0.062500 0.437500 0.059375 0.491667 0.071875 0.493750
2 0.066912 0.757475 0.081250 0.731250 0.071875 0.729167 0.062500 0.731250 0.057813 0.737500 0.050000 0.743750 0.046875 0.754167 0.043750 0.762500 0.043750 0.772917 0.046875 0.781250 0.054688 0.781250 0.062500 0.785417 0.071875 0.781250 0.081250 0.779167 0.087500 0.768750 0.092188 0.756250 0.092188 0.743750 0.090625 0.737500
3 0.346745 0.496354 0.340625 0.481250 0.356250 0.425000 0.371875 0.435417 0.362500 0.487500 0.400000 0.510417 0.393750 0.535417 0.353125 0.510417 0.337500 0.568750 0.318750 0.556250 0.332813 0.504167 0.293750 0.481250 0.300000 0.460417
8 0.778906 0.655208 0.806250 0.660417 0.784375 0.691667 0.751563 0.650000 0.773438 0.618750
9 0.731641 0.594792 0.725000 0.562500 0.704688 0.587500 0.737500 0.629167 0.759375 0.600000
4 0.743750 0.628627 0.710938 0.554167 0.693750 0.562500 0.671875 0.606250 0.673438 0.625000 0.687500 0.641667 0.709375 0.637500 0.715625 0.650000 0.704688 0.675000 0.709375 0.693750 0.725000 0.712500 0.731250 0.716667 0.745313 0.697917 0.740625 0.687500 0.756250 0.662500 0.784375 0.700000 0.809375 0.662500 0.784375 0.629167 0.787500 0.618750 0.793750 0.625000 0.809375 0.606250 0.806250 0.593750 0.793750 0.581250 0.781250 0.572917 0.762500 0.568750 0.750000 0.581250 0.725000 0.554167 0.718750 0.556250
7 0.498437 0.508333 0.912500 0.104167 0.103125 0.091667 0.043750 0.887500 0.934375 0.950000
