0 0.055469 0.744010 0.065625 0.729167 0.056250 0.729167 0.043750 0.735417 0.042188 0.743750 0.046875 0.756250 0.054688 0.760417 0.065625 0.756250 0.068750 0.741667
1 0.067187 0.873611 0.059375 0.862500 0.054688 0.868750 0.056250 0.881250 0.062500 0.891667 0.071875 0.891667 0.078125 0.885417 0.078125 0.868750 0.078125 0.856250 0.065625 0.856250
2 0.348153 0.499432 0.332813 0.487500 0.328125 0.497917 0.331250 0.510417 0.340625 0.525000 0.353125 0.529167 0.365625 0.518750 0.367188 0.504167 0.365625 0.487500 0.356250 0.479167 0.348438 0.475000 0.340625 0.479167
3 0.430729 0.519792 0.390625 0.475000 0.403125 0.460417 0.431250 0.500000 0.462500 0.462500 0.475000 0.481250 0.443750 0.518750 0.473438 0.566667 0.460938 0.581250 0.429688 0.537500 0.398438 0.575000 0.384375 0.560417 0.415625 0.518750
5 0.058203 0.497396 0.062500 0.522917 0.050000 0.522917 0.054688 0.468750 0.065625 0.475000
6 0.926953 0.495312 0.925000 0.550000 0.934375 0.550000 0.929688 0.437500 0.918750 0.443750
8 0.455078 0.257812 0.437500 0.279167 0.465625 0.287500 0.473438 0.235417 0.443750 0.229167
9 0.444531 0.329167 0.434375 0.300000 0.460938 0.306250 0.456250 0.356250 0.426563 0.354167
4 0.456108 0.314015 0.409375 0.256250 0.403125 0.268750 0.403125 0.291667 0.406250 0.304167 0.418750 0.316667 0.429688 0.318750 0.425000 0.356250 0.425000 0.379167 0.434375 0.393750 0.484375 0.393750 0.492188 0.385417 0.493750 0.362500 0.485938 0.343750 0.484375 0.329167 0.492188 0.325000 0.509375 0.329167 0.512500 0.281250 0.496875 0.279167 0.471875 0.275000 0.475000 0.231250 0.443750 0.225000 0.437500 0.262500
7 0.491797 0.517708 0.090625 0.118750 0.901563 0.093750 0.932813 0.941667 0.042188 0.916667
