8 0.268359 0.569271 0.265625 0.535417 0.293750 0.552083 0.270313 0.602083 0.243750 0.587500
9 0.301563 0.495833 0.298438 0.466667 0.325000 0.479167 0.304688 0.525000 0.278125 0.512500
0 0.476339 0.730060 0.489063 0.722917 0.489063 0.735417 0.482812 0.747917 0.465625 0.745833 0.462500 0.729167 0.467187 0.716667 0.478125 0.712500
1 0.334549 0.443287 0.348438 0.443750 0.345313 0.431250 0.335938 0.427083 0.329688 0.429167 0.323437 0.435417 0.321875 0.450000 0.325000 0.458333 0.335938 0.458333 0.345313 0.456250
2 0.700852 0.188068 0.712500 0.216667 0.725000 0.202083 0.726562 0.185417 0.721875 0.172917 0.715625 0.164583 0.701562 0.164583 0.687500 0.166667 0.673438 0.175000 0.671875 0.191667 0.678125 0.212500 0.695312 0.216667
3 0.445833 0.459722 0.437500 0.387500 0.454688 0.387500 0.456250 0.441667 0.501563 0.443750 0.501563 0.472917 0.456250 0.472917 0.454688 0.535417 0.435937 0.535417 0.435937 0.475000 0.390625 0.475000 0.390625 0.445833 0.434375 0.443750
4 0.297716 0.545994 0.282813 0.466667 0.298438 0.464583 0.328125 0.479167 0.357812 0.497917 0.362500 0.518750 0.351562 0.537500 0.339062 0.541667 0.335938 0.552083 0.337500 0.570833 0.354687 0.583333 0.337500 0.629167 0.317188 0.620833 0.318750 0.595833 0.304688 0.589583 0.290625 0.587500 0.282813 0.579167 0.270313 0.604167 0.242188 0.589583 0.256250 0.554167 0.245312 0.572917 0.229687 0.562500 0.245312 0.516667 0.254688 0.506250 0.257812 0.495833 0.267188 0.497917 0.271875 0.481250
5 0.030859 0.455729 0.026562 0.425000 0.039062 0.431250 0.034375 0.485417 0.023438 0.481250
6 0.941406 0.458333 0.929688 0.408333 0.940625 0.400000 0.953125 0.510417 0.942187 0.514583
7 0.486719 0.494271 0.890625 0.075000 0.979688 0.910417 0.009375 0.922917 0.067187 0.068750
