0 0.141493 0.881481 0.134375 0.868750 0.128125 0.875000 0.125000 0.885417 0.131250 0.893750 0.140625 0.900000 0.153125 0.897917 0.159375 0.881250 0.154688 0.868750 0.146875 0.862500
1 0.746007 0.931250 0.740625 0.916667 0.734375 0.918750 0.734375 0.931250 0.737500 0.943750 0.746875 0.950000 0.753125 0.947917 0.759375 0.937500 0.756250 0.922917 0.751563 0.912500
2 0.526847 0.515341 0.518750 0.491667 0.510938 0.500000 0.509375 0.510417 0.509375 0.525000 0.518750 0.541667 0.528125 0.541667 0.540625 0.537500 0.543750 0.525000 0.543750 0.506250 0.540625 0.497917 0.531250 0.491667
3 0.431250 0.521181 0.446875 0.525000 0.478125 0.485417 0.462500 0.462500 0.431250 0.504167 0.403125 0.462500 0.390625 0.475000 0.415625 0.518750 0.384375 0.556250 0.400000 0.579167 0.431250 0.537500 0.457813 0.581250 0.473438 0.566667
5 0.066016 0.491146 0.071875 0.516667 0.059375 0.518750 0.059375 0.462500 0.073438 0.466667
6 0.932813 0.500000 0.931250 0.556250 0.940625 0.556250 0.934375 0.443750 0.925000 0.443750
8 0.554297 0.229687 0.528125 0.237500 0.553125 0.260417 0.578125 0.222917 0.557813 0.197917
9 0.514453 0.282292 0.517188 0.254167 0.492188 0.287500 0.510938 0.312500 0.537500 0.275000
4 0.532880 0.271377 0.473438 0.306250 0.550000 0.368750 0.559375 0.356250 0.559375 0.337500 0.571875 0.325000 0.575000 0.329167 0.596875 0.293750 0.584375 0.275000 0.575000 0.281250 0.559375 0.256250 0.581250 0.218750 0.557813 0.193750 0.537500 0.218750 0.521875 0.200000 0.509375 0.206250 0.500000 0.216667 0.496875 0.231250 0.500000 0.254167 0.503125 0.260417 0.496875 0.272917 0.490625 0.275000 0.481250 0.279167 0.475000 0.285417
7 0.499609 0.520312 0.093750 0.120833 0.906250 0.106250 0.943750 0.945833 0.054688 0.908333
