0 0.489410 0.898843 0.481250 0.885417 0.478125 0.893750 0.478125 0.906250 0.481250 0.912500 0.490625 0.918750 0.503125 0.912500 0.503125 0.893750 0.496875 0.885417 0.492188 0.881250
2 0.399740 0.904861 0.379688 0.918750 0.379688 0.904167 0.384375 0.887500 0.395313 0.868750 0.406250 0.862500 0.412500 0.868750 0.418750 0.887500 0.421875 0.910417 0.418750 0.931250 0.407813 0.943750 0.390625 0.943750 0.381250 0.931250
1 0.878125 0.096875 0.870313 0.087500 0.867188 0.093750 0.867188 0.106250 0.871875 0.112500 0.881250 0.112500 0.887500 0.106250 0.890625 0.100000 0.887500 0.087500 0.881250 0.081250 0.876563 0.081250
3 0.612500 0.616146 0.600000 0.606250 0.589063 0.550000 0.606250 0.541667 0.618750 0.600000 0.662500 0.585417 0.665625 0.610417 0.625000 0.625000 0.635938 0.685417 0.620313 0.693750 0.604688 0.629167 0.564063 0.643750 0.557813 0.622917
5 0.050391 0.506250 0.056250 0.531250 0.043750 0.531250 0.043750 0.481250 0.057813 0.481250
6 0.916797 0.486458 0.915625 0.541667 0.925000 0.541667 0.918750 0.431250 0.907813 0.431250
8 0.394922 0.266146 0.381250 0.293750 0.409375 0.291667 0.407813 0.241667 0.381250 0.237500
9 0.395703 0.342187 0.381250 0.316667 0.409375 0.316667 0.410938 0.366667 0.381250 0.368750
4 0.396875 0.321250 0.346875 0.281250 0.348438 0.322917 0.353125 0.329167 0.362500 0.335417 0.376563 0.337500 0.371875 0.343750 0.364063 0.356250 0.360938 0.372917 0.362500 0.387500 0.367188 0.387500 0.465625 0.362500 0.465625 0.350000 0.462500 0.341667 0.457813 0.331250 0.454688 0.275000 0.437500 0.275000 0.412500 0.281250 0.407813 0.237500 0.379688 0.237500 0.379688 0.279167
7 0.487109 0.517708 0.889062 0.081250 0.073438 0.127083 0.045312 0.933333 0.940625 0.929167
