0 0.732812 0.410119 0.725000 0.422917 0.721875 0.412500 0.725000 0.400000 0.734375 0.397917 0.742188 0.400000 0.745313 0.412500 0.735938 0.425000
1 0.881445 0.290365 0.870313 0.281250 0.868750 0.293750 0.875000 0.306250 0.885938 0.306250 0.893750 0.300000 0.893750 0.285417 0.887500 0.275000 0.876563 0.275000
2 0.388542 0.405787 0.367188 0.397917 0.365625 0.412500 0.375000 0.429167 0.392188 0.431250 0.410938 0.425000 0.415625 0.406250 0.406250 0.387500 0.392188 0.381250 0.371875 0.381250
3 0.612109 0.512326 0.559375 0.510417 0.600000 0.500000 0.596875 0.443750 0.612500 0.441667 0.620313 0.497917 0.662500 0.493750 0.667188 0.516667 0.621875 0.525000 0.628125 0.581250 0.612500 0.581250 0.604688 0.525000 0.559375 0.531250
5 0.050391 0.505208 0.056250 0.531250 0.043750 0.531250 0.043750 0.479167 0.057813 0.479167
6 0.916797 0.483854 0.912500 0.537500 0.928125 0.537500 0.918750 0.429167 0.907813 0.431250
8 0.820703 0.425521 0.798438 0.412500 0.800000 0.443750 0.843750 0.441667 0.840625 0.404167
9 0.760156 0.437500 0.742188 0.460417 0.737500 0.422917 0.778125 0.416667 0.782813 0.450000
4 0.777038 0.447826 0.721875 0.425000 0.712500 0.437500 0.709375 0.450000 0.715625 0.497917 0.731250 0.506250 0.746875 0.504167 0.759375 0.487500 0.775000 0.491667 0.778125 0.510417 0.823438 0.510417 0.818750 0.485417 0.812500 0.479167 0.812500 0.456250 0.807813 0.450000 0.846875 0.447917 0.846875 0.400000 0.807813 0.406250 0.806250 0.400000 0.803125 0.362500 0.765625 0.368750 0.762500 0.393750 0.762500 0.412500 0.745313 0.416667
7 0.483984 0.516146 0.071875 0.125000 0.884375 0.089583 0.937500 0.922917 0.042188 0.927083
