5 0.061719 0.468229 0.068750 0.443750 0.059375 0.441667 0.056250 0.493750 0.062500 0.493750
6 0.927344 0.508854 0.918750 0.456250 0.931250 0.450000 0.934375 0.562500 0.925000 0.566667
0 0.927902 0.902976 0.925000 0.887500 0.934375 0.887500 0.940625 0.900000 0.939063 0.922917 0.923438 0.918750 0.915625 0.910417 0.917188 0.893750
3 0.495443 0.585938 0.446875 0.556250 0.481250 0.587500 0.457813 0.637500 0.473438 0.654167 0.496875 0.604167 0.534375 0.637500 0.543750 0.616667 0.509375 0.581250 0.532813 0.535417 0.517188 0.516667 0.493750 0.568750 0.457813 0.535417
2 0.414062 0.554948 0.403125 0.537500 0.412500 0.531250 0.425000 0.537500 0.431250 0.550000 0.431250 0.575000 0.412500 0.585417 0.400000 0.572917 0.396875 0.550000
1 0.369271 0.546875 0.362500 0.535417 0.371875 0.531250 0.381250 0.541667 0.378125 0.560417 0.365625 0.562500 0.356250 0.550000
9 0.313672 0.361458 0.293750 0.337500 0.303125 0.387500 0.332813 0.385417 0.325000 0.335417
8 0.323828 0.431771 0.306250 0.406250 0.312500 0.462500 0.340625 0.454167 0.335938 0.404167
4 0.335185 0.410571 0.284375 0.431250 0.282813 0.437500 0.284375 0.462500 0.290625 0.479167 0.306250 0.479167 0.314063 0.472917 0.345313 0.456250 0.345313 0.443750 0.360938 0.441667 0.368750 0.443750 0.381250 0.456250 0.392188 0.454167 0.398438 0.441667 0.396875 0.418750 0.390625 0.400000 0.375000 0.400000 0.365625 0.375000 0.356250 0.366667 0.350000 0.354167 0.345313 0.343750 0.334375 0.341667 0.325000 0.325000 0.290625 0.331250 0.293750 0.362500 0.290625 0.375000 0.296875 0.391667 0.284375 0.400000
7 0.494531 0.509375 0.906250 0.104167 0.093750 0.091667 0.043750 0.885417 0.934375 0.956250
