3 0.347135 0.497049 0.356250 0.425000 0.340625 0.481250 0.301563 0.460417 0.293750 0.481250 0.334375 0.504167 0.318750 0.556250 0.337500 0.568750 0.353125 0.516667 0.393750 0.535417 0.400000 0.510417 0.360938 0.487500 0.375000 0.437500
2 0.069687 0.758958 0.043750 0.766667 0.046875 0.750000 0.059375 0.737500 0.076563 0.731250 0.089063 0.735417 0.093750 0.750000 0.092188 0.768750 0.081250 0.779167 0.065625 0.785417 0.048438 0.785417
0 0.658398 0.708854 0.662500 0.693750 0.668750 0.700000 0.668750 0.712500 0.665625 0.722917 0.656250 0.722917 0.650000 0.718750 0.646875 0.706250 0.648438 0.693750
6 0.931641 0.506250 0.925000 0.454167 0.934375 0.447917 0.939063 0.560417 0.928125 0.562500
5 0.067969 0.466667 0.075000 0.441667 0.065625 0.437500 0.059375 0.493750 0.071875 0.493750
1 0.972500 0.497708 0.959375 0.485417 0.965625 0.481250 0.978125 0.481250 0.985938 0.485417 0.987500 0.493750 0.984375 0.506250 0.978125 0.510417 0.968750 0.516667 0.960938 0.510417 0.956250 0.506250
8 0.778125 0.651563 0.771875 0.618750 0.750000 0.643750 0.784375 0.687500 0.806250 0.656250
9 0.730469 0.594792 0.725000 0.562500 0.704688 0.587500 0.735938 0.629167 0.756250 0.600000
4 0.742668 0.627564 0.728125 0.554167 0.720313 0.560417 0.706250 0.556250 0.700000 0.562500 0.671875 0.606250 0.675000 0.625000 0.689063 0.641667 0.709375 0.637500 0.715625 0.643750 0.715625 0.650000 0.704688 0.675000 0.712500 0.693750 0.728125 0.712500 0.745313 0.693750 0.740625 0.685417 0.756250 0.662500 0.784375 0.697917 0.812500 0.656250 0.787500 0.629167 0.787500 0.618750 0.798438 0.625000 0.809375 0.610417 0.806250 0.593750 0.787500 0.575000 0.765625 0.568750 0.751563 0.581250
7 0.499219 0.505208 0.915625 0.100000 0.100000 0.087500 0.046875 0.885417 0.934375 0.947917
