0 0.052083 0.864583 0.065625 0.872917 0.065625 0.856250 0.059375 0.850000 0.050000 0.847917 0.042188 0.854167 0.037500 0.862500 0.040625 0.875000 0.048438 0.881250 0.059375 0.881250
1 0.928472 0.943519 0.915625 0.935417 0.915625 0.947917 0.921875 0.956250 0.931250 0.962500 0.939063 0.960417 0.943750 0.947917 0.939063 0.931250 0.928125 0.925000 0.921875 0.925000
2 0.412630 0.555382 0.400000 0.537500 0.396875 0.543750 0.393750 0.554167 0.396875 0.568750 0.403125 0.581250 0.415625 0.581250 0.426563 0.579167 0.431250 0.568750 0.431250 0.550000 0.428125 0.537500 0.418750 0.531250 0.409375 0.531250
3 0.461589 0.401215 0.428125 0.454167 0.415625 0.431250 0.446875 0.397917 0.425000 0.350000 0.437500 0.337500 0.462500 0.381250 0.493750 0.347917 0.509375 0.368750 0.478125 0.404167 0.496875 0.450000 0.485938 0.466667 0.459375 0.425000
5 0.062891 0.470833 0.065625 0.497917 0.054688 0.493750 0.059375 0.443750 0.071875 0.447917
6 0.927344 0.509896 0.923438 0.566667 0.934375 0.566667 0.929688 0.450000 0.921875 0.456250
8 0.294141 0.387500 0.293750 0.418750 0.273438 0.400000 0.293750 0.356250 0.315625 0.375000
9 0.262500 0.447917 0.262500 0.479167 0.240625 0.456250 0.262500 0.418750 0.284375 0.437500
4 0.301136 0.430777 0.271875 0.354167 0.265625 0.362500 0.256250 0.372917 0.250000 0.387500 0.243750 0.400000 0.254688 0.416667 0.234375 0.456250 0.259375 0.487500 0.298438 0.518750 0.314063 0.510417 0.318750 0.500000 0.318750 0.475000 0.325000 0.456250 0.337500 0.468750 0.353125 0.466667 0.360938 0.447917 0.356250 0.425000 0.348438 0.418750 0.335938 0.422917 0.306250 0.406250 0.318750 0.372917 0.296875 0.350000
7 0.498437 0.511979 0.046875 0.887500 0.942187 0.958333 0.904687 0.106250 0.100000 0.095833
