8 0.614062 0.551042 0.587500 0.550000 0.625000 0.518750 0.640625 0.554167 0.603125 0.581250
9 0.559766 0.593229 0.568750 0.562500 0.585938 0.597917 0.550000 0.625000 0.534375 0.587500
0 0.389062 0.891369 0.400000 0.875000 0.403125 0.893750 0.398438 0.906250 0.384375 0.906250 0.376563 0.900000 0.376563 0.885417 0.384375 0.872917
1 0.247321 0.595536 0.254688 0.579167 0.259375 0.593750 0.256250 0.606250 0.248438 0.612500 0.237500 0.606250 0.234375 0.591667 0.240625 0.579167
2 0.656076 0.118519 0.662500 0.087500 0.671875 0.104167 0.675000 0.125000 0.671875 0.147917 0.657813 0.156250 0.640625 0.143750 0.635938 0.116667 0.640625 0.097917 0.648438 0.087500
3 0.382292 0.441319 0.378125 0.366667 0.396875 0.368750 0.393750 0.425000 0.439063 0.429167 0.439063 0.460417 0.393750 0.456250 0.387500 0.516667 0.368750 0.516667 0.368750 0.456250 0.325000 0.454167 0.325000 0.422917 0.371875 0.422917
4 0.585352 0.586632 0.559375 0.675000 0.512500 0.600000 0.517188 0.579167 0.528125 0.566667 0.553125 0.568750 0.550000 0.535417 0.550000 0.510417 0.581250 0.485417 0.595313 0.510417 0.587500 0.522917 0.596875 0.535417 0.625000 0.510417 0.643750 0.554167 0.612500 0.581250 0.621875 0.600000 0.635938 0.597917 0.646875 0.618750 0.612500 0.650000 0.600000 0.631250 0.590625 0.622917 0.585938 0.631250 0.587500 0.650000 0.581250 0.666667 0.573438 0.675000
5 0.050391 0.429167 0.046875 0.400000 0.057813 0.406250 0.054688 0.456250 0.042188 0.454167
6 0.957812 0.455729 0.946875 0.406250 0.959375 0.400000 0.968750 0.506250 0.956250 0.510417
7 0.504297 0.484375 0.912500 0.075000 0.987500 0.916667 0.023438 0.891667 0.093750 0.054167
