8 0.135156 0.353125 0.120313 0.325000 0.150000 0.325000 0.150000 0.381250 0.120313 0.381250
9 0.133594 0.433854 0.118750 0.406250 0.148438 0.406250 0.150000 0.460417 0.117188 0.462500
0 0.388616 0.891667 0.400000 0.879167 0.400000 0.893750 0.395313 0.906250 0.381250 0.910417 0.376563 0.897917 0.376563 0.881250 0.390625 0.872917
1 0.438839 0.523810 0.450000 0.510417 0.450000 0.529167 0.443750 0.537500 0.434375 0.541667 0.428125 0.531250 0.428125 0.510417 0.437500 0.506250
2 0.707188 0.582083 0.725000 0.562500 0.728125 0.587500 0.721875 0.610417 0.710938 0.618750 0.693750 0.616667 0.684375 0.600000 0.687500 0.575000 0.693750 0.556250 0.706250 0.543750 0.720313 0.550000
3 0.462760 0.457465 0.453125 0.385417 0.471875 0.381250 0.473438 0.437500 0.518750 0.437500 0.518750 0.475000 0.473438 0.475000 0.473438 0.531250 0.453125 0.535417 0.450000 0.475000 0.409375 0.475000 0.407813 0.443750 0.450000 0.437500
4 0.162125 0.409667 0.215625 0.481250 0.139063 0.500000 0.125000 0.487500 0.125000 0.466667 0.115625 0.462500 0.115625 0.425000 0.100000 0.422917 0.096875 0.410417 0.096875 0.385417 0.104688 0.366667 0.118750 0.366667 0.118750 0.325000 0.150000 0.322917 0.156250 0.366667 0.185938 0.372917 0.190625 0.381250 0.196875 0.362500 0.218750 0.362500 0.228125 0.387500 0.223438 0.416667 0.203125 0.416667 0.196875 0.418750 0.196875 0.429167 0.215625 0.441667 0.218750 0.462500
5 0.050391 0.430208 0.046875 0.400000 0.057813 0.406250 0.054688 0.460417 0.042188 0.454167
6 0.958594 0.455729 0.948438 0.406250 0.959375 0.400000 0.970313 0.506250 0.956250 0.510417
7 0.503125 0.478125 0.909375 0.075000 0.987500 0.906250 0.021875 0.887500 0.093750 0.043750
