8 0.710156 0.396875 0.687500 0.381250 0.689063 0.418750 0.734375 0.412500 0.729688 0.375000
9 0.648438 0.402604 0.626563 0.385417 0.626563 0.425000 0.671875 0.418750 0.668750 0.381250
0 0.135937 0.463095 0.146875 0.452083 0.148438 0.464583 0.143750 0.479167 0.131250 0.481250 0.121875 0.466667 0.123438 0.452083 0.135937 0.445833
1 0.058594 0.833333 0.071875 0.818750 0.073438 0.835417 0.067187 0.850000 0.054688 0.852083 0.045312 0.845833 0.045312 0.829167 0.050000 0.818750 0.060937 0.816667
2 0.747812 0.817500 0.754687 0.785417 0.762500 0.802083 0.770312 0.825000 0.768750 0.843750 0.762500 0.854167 0.742188 0.856250 0.726562 0.835417 0.721875 0.806250 0.725000 0.787500 0.743750 0.779167
3 0.576042 0.314063 0.564063 0.239583 0.584375 0.237500 0.585938 0.297917 0.632812 0.295833 0.631250 0.329167 0.587500 0.327083 0.585938 0.391667 0.568750 0.391667 0.565625 0.329167 0.520312 0.329167 0.520312 0.302083 0.565625 0.297917
4 0.670952 0.411269 0.601562 0.437500 0.609375 0.416667 0.618750 0.402083 0.623437 0.383333 0.657813 0.375000 0.657813 0.345833 0.664062 0.335417 0.701562 0.331250 0.703125 0.362500 0.698438 0.366667 0.700000 0.375000 0.731250 0.372917 0.735938 0.412500 0.696875 0.422917 0.698438 0.458333 0.707812 0.458333 0.710938 0.481250 0.675000 0.487500 0.665625 0.460417 0.654687 0.450000 0.635938 0.456250 0.612500 0.456250
5 0.030078 0.470833 0.025000 0.441667 0.035937 0.445833 0.035937 0.497917 0.023438 0.497917
6 0.943359 0.504167 0.935937 0.450000 0.948438 0.445833 0.950000 0.560417 0.939063 0.560417
7 0.487109 0.504687 0.921875 0.087500 0.945312 0.956250 0.018750 0.914583 0.062500 0.060417
