2 0.067522 0.758482 0.076563 0.731250 0.062500 0.735417 0.059375 0.737500 0.053125 0.743750 0.046875 0.754167 0.043750 0.762500 0.043750 0.779167 0.053125 0.785417 0.065625 0.785417 0.078125 0.781250 0.087500 0.775000 0.092188 0.762500 0.093750 0.750000 0.089063 0.735417
1 0.429911 0.211607 0.425000 0.229167 0.434375 0.225000 0.440625 0.216667 0.437500 0.200000 0.429688 0.197917 0.423438 0.200000 0.418750 0.212500
0 0.147031 0.401875 0.150000 0.387500 0.156250 0.391667 0.159375 0.400000 0.156250 0.410417 0.154688 0.416667 0.145313 0.416667 0.139063 0.412500 0.134375 0.404167 0.134375 0.391667 0.140625 0.387500
5 0.067187 0.465104 0.075000 0.443750 0.062500 0.437500 0.059375 0.487500 0.071875 0.491667
6 0.933594 0.504167 0.925000 0.450000 0.937500 0.450000 0.940625 0.556250 0.931250 0.560417
3 0.415513 0.333185 0.407813 0.260417 0.410938 0.312500 0.367188 0.316667 0.367188 0.337500 0.368750 0.347917 0.409375 0.343750 0.412500 0.393750 0.412500 0.400000 0.431250 0.393750 0.431250 0.343750 0.471875 0.337500 0.471875 0.310417 0.429688 0.312500 0.425000 0.254167
8 0.234766 0.246875 0.225000 0.218750 0.218750 0.268750 0.243750 0.275000 0.251563 0.225000
9 0.221875 0.319271 0.212500 0.287500 0.203125 0.341667 0.231250 0.347917 0.240625 0.300000
4 0.256864 0.305878 0.196875 0.347917 0.218750 0.350000 0.218750 0.368750 0.228125 0.379167 0.278125 0.387500 0.290625 0.375000 0.290625 0.354167 0.278125 0.337500 0.281250 0.322917 0.275000 0.312500 0.281250 0.312500 0.285938 0.318750 0.301563 0.325000 0.306250 0.318750 0.312500 0.306250 0.314063 0.287500 0.309375 0.275000 0.290625 0.268750 0.282813 0.281250 0.250000 0.262500 0.256250 0.218750 0.223438 0.210417 0.217188 0.243750 0.206250 0.243750 0.196875 0.262500 0.193750 0.281250 0.200000 0.306250 0.207813 0.306250
7 0.500000 0.506250 0.915625 0.097917 0.100000 0.091667 0.046875 0.885417 0.937500 0.950000
