8 0.512891 0.246354 0.512500 0.216667 0.537500 0.235417 0.512500 0.279167 0.489063 0.254167
9 0.475781 0.309375 0.478125 0.279167 0.500000 0.300000 0.475000 0.341667 0.450000 0.316667
0 0.087500 0.295833 0.100000 0.291667 0.100000 0.300000 0.093750 0.312500 0.081250 0.312500 0.075000 0.300000 0.075000 0.287500 0.081250 0.281250 0.093750 0.281250
1 0.437723 0.521131 0.450000 0.510417 0.450000 0.529167 0.440625 0.537500 0.431250 0.537500 0.426563 0.518750 0.428125 0.510417 0.437500 0.504167
2 0.116146 0.072222 0.134375 0.050000 0.140625 0.062500 0.140625 0.085417 0.129688 0.093750 0.109375 0.097917 0.093750 0.087500 0.090625 0.068750 0.096875 0.056250 0.109375 0.047917
3 0.463672 0.457986 0.454688 0.381250 0.471875 0.381250 0.473438 0.441667 0.518750 0.441667 0.518750 0.472917 0.473438 0.472917 0.473438 0.535417 0.454688 0.535417 0.454688 0.475000 0.409375 0.472917 0.407813 0.443750 0.453125 0.441667
4 0.498206 0.298920 0.437500 0.356250 0.506250 0.400000 0.518750 0.387500 0.518750 0.368750 0.512500 0.347917 0.518750 0.329167 0.526563 0.341667 0.537500 0.350000 0.559375 0.316667 0.543750 0.293750 0.534375 0.300000 0.528125 0.287500 0.525000 0.272917 0.521875 0.268750 0.540625 0.231250 0.512500 0.218750 0.493750 0.243750 0.489063 0.247917 0.485938 0.237500 0.471875 0.225000 0.450000 0.262500 0.456250 0.268750 0.453125 0.285417 0.462500 0.287500 0.462500 0.293750 0.446875 0.316667 0.437500 0.331250
5 0.049609 0.444792 0.046875 0.412500 0.056250 0.422917 0.053125 0.475000 0.042188 0.468750
6 0.958203 0.449479 0.946875 0.400000 0.959375 0.391667 0.970313 0.500000 0.956250 0.506250
7 0.503906 0.485417 0.912500 0.062500 0.990625 0.906250 0.021875 0.910417 0.090625 0.062500
