8 0.724219 0.584375 0.715625 0.550000 0.746875 0.562500 0.731250 0.618750 0.703125 0.606250
9 0.704688 0.665104 0.696875 0.631250 0.725000 0.643750 0.714063 0.700000 0.682813 0.685417
0 0.389236 0.890046 0.396875 0.872917 0.403125 0.887500 0.403125 0.900000 0.395313 0.906250 0.384375 0.910417 0.376563 0.900000 0.376563 0.887500 0.379688 0.872917 0.387500 0.872917
1 0.246094 0.593490 0.256250 0.581250 0.259375 0.593750 0.256250 0.606250 0.246875 0.610417 0.234375 0.604167 0.234375 0.591667 0.234375 0.581250 0.246875 0.579167
2 0.654167 0.119907 0.659375 0.087500 0.671875 0.104167 0.675000 0.129167 0.667188 0.150000 0.651563 0.156250 0.637500 0.141667 0.637500 0.118750 0.640625 0.104167 0.646875 0.087500
3 0.382552 0.442535 0.378125 0.368750 0.396875 0.368750 0.395313 0.425000 0.439063 0.431250 0.439063 0.462500 0.393750 0.460417 0.387500 0.518750 0.367188 0.516667 0.368750 0.456250 0.328125 0.454167 0.325000 0.425000 0.371875 0.422917
4 0.696470 0.623688 0.646875 0.700000 0.725000 0.718750 0.737500 0.704167 0.737500 0.681250 0.725000 0.662500 0.734375 0.660417 0.746875 0.660417 0.753125 0.650000 0.767188 0.606250 0.746875 0.600000 0.737500 0.600000 0.746875 0.562500 0.715625 0.550000 0.703125 0.585417 0.689063 0.585417 0.679688 0.581250 0.671875 0.575000 0.671875 0.560417 0.648438 0.550000 0.635938 0.597917 0.653125 0.610417 0.662500 0.612500 0.665625 0.622917 0.662500 0.637500 0.659375 0.641667 0.643750 0.650000 0.637500 0.672917
5 0.050391 0.428125 0.046875 0.400000 0.057813 0.406250 0.054688 0.456250 0.042188 0.450000
6 0.958594 0.455729 0.948438 0.406250 0.959375 0.400000 0.970313 0.506250 0.956250 0.510417
7 0.504297 0.479167 0.912500 0.072917 0.987500 0.912500 0.023438 0.887500 0.093750 0.043750
