0 0.133482 0.343750 0.134375 0.329167 0.143750 0.331250 0.146875 0.347917 0.139063 0.362500 0.125000 0.356250 0.121875 0.343750 0.123438 0.335417
1 0.535045 0.448810 0.532813 0.435417 0.540625 0.435417 0.546875 0.443750 0.543750 0.460417 0.532813 0.468750 0.523438 0.456250 0.525000 0.441667
3 0.388802 0.591667 0.368750 0.525000 0.392188 0.572917 0.429688 0.541667 0.439063 0.562500 0.403125 0.593750 0.426563 0.643750 0.409375 0.662500 0.384375 0.610417 0.346875 0.643750 0.337500 0.618750 0.375000 0.587500 0.353125 0.537500
6 0.932031 0.505208 0.925000 0.450000 0.934375 0.447917 0.939063 0.560417 0.929688 0.562500
5 0.067969 0.466667 0.075000 0.443750 0.065625 0.437500 0.059375 0.491667 0.071875 0.493750
2 0.530859 0.198264 0.523438 0.166667 0.532813 0.168750 0.540625 0.179167 0.546875 0.193750 0.550000 0.206250 0.546875 0.218750 0.540625 0.231250 0.526563 0.229167 0.517188 0.218750 0.512500 0.200000 0.515625 0.187500 0.517188 0.179167
8 0.234766 0.248958 0.225000 0.218750 0.217188 0.268750 0.243750 0.279167 0.253125 0.229167
9 0.221875 0.320312 0.212500 0.291667 0.240625 0.300000 0.231250 0.347917 0.203125 0.341667
4 0.251771 0.299306 0.218750 0.243750 0.209375 0.243750 0.203125 0.250000 0.196875 0.262500 0.196875 0.268750 0.196875 0.285417 0.196875 0.300000 0.206250 0.306250 0.196875 0.350000 0.223438 0.350000 0.228125 0.375000 0.237500 0.381250 0.270313 0.391667 0.278125 0.381250 0.284375 0.362500 0.278125 0.337500 0.278125 0.329167 0.282813 0.318750 0.303125 0.325000 0.314063 0.297917 0.312500 0.287500 0.309375 0.275000 0.300000 0.268750 0.290625 0.268750 0.284375 0.281250 0.267188 0.275000 0.254688 0.266667 0.251563 0.262500 0.259375 0.222917 0.223438 0.210417
7 0.499219 0.505729 0.912500 0.100000 0.100000 0.087500 0.046875 0.885417 0.937500 0.950000
