8 0.371875 0.316667 0.351562 0.300000 0.350000 0.335417 0.392188 0.333333 0.393750 0.297917
9 0.314063 0.319271 0.295312 0.300000 0.335938 0.300000 0.332813 0.337500 0.292187 0.339583
0 0.090234 0.296875 0.104688 0.297917 0.100000 0.308333 0.087500 0.316667 0.076563 0.308333 0.075000 0.291667 0.082812 0.283333 0.095312 0.281250 0.100000 0.287500
1 0.127455 0.735119 0.142187 0.729167 0.139063 0.743750 0.129688 0.754167 0.114062 0.747917 0.112500 0.733333 0.120313 0.718750 0.134375 0.718750
2 0.377083 0.833796 0.371875 0.793750 0.384375 0.795833 0.395313 0.818750 0.396875 0.843750 0.392188 0.864583 0.384375 0.875000 0.365625 0.875000 0.351562 0.833333 0.351562 0.804167
3 0.461849 0.458854 0.454688 0.385417 0.471875 0.383333 0.471875 0.443750 0.518750 0.443750 0.515625 0.475000 0.471875 0.475000 0.470313 0.533333 0.451562 0.533333 0.451562 0.475000 0.406250 0.475000 0.406250 0.441667 0.451562 0.441667
4 0.351042 0.343519 0.365625 0.268750 0.396875 0.277083 0.395313 0.295833 0.393750 0.335417 0.393750 0.391667 0.393750 0.420833 0.354687 0.418750 0.354687 0.393750 0.345313 0.389583 0.339062 0.410417 0.323437 0.422917 0.310937 0.414583 0.290625 0.337500 0.293750 0.297917 0.331250 0.297917 0.334375 0.275000 0.342187 0.270833 0.359375 0.264583
5 0.049219 0.455208 0.046875 0.425000 0.056250 0.431250 0.053125 0.485417 0.040625 0.479167
6 0.958984 0.445312 0.948438 0.395833 0.957812 0.387500 0.970313 0.497917 0.959375 0.500000
7 0.503125 0.487500 0.912500 0.062500 0.989062 0.902083 0.020313 0.918750 0.090625 0.066667
