8 0.600391 0.400000 0.589063 0.372917 0.625000 0.393750 0.612500 0.429167 0.575000 0.404167
9 0.548828 0.360417 0.537500 0.331250 0.573438 0.356250 0.559375 0.387500 0.525000 0.366667
0 0.389453 0.892969 0.400000 0.879167 0.403125 0.893750 0.400000 0.906250 0.392188 0.910417 0.381250 0.906250 0.375000 0.893750 0.376563 0.881250 0.387500 0.872917
1 0.247321 0.593750 0.259375 0.579167 0.259375 0.593750 0.256250 0.610417 0.243750 0.612500 0.234375 0.600000 0.234375 0.585417 0.243750 0.575000
2 0.656875 0.122500 0.665625 0.091667 0.671875 0.106250 0.675000 0.125000 0.675000 0.141667 0.665625 0.154167 0.651563 0.156250 0.637500 0.143750 0.635938 0.118750 0.640625 0.100000 0.650000 0.087500
3 0.382552 0.441840 0.378125 0.368750 0.396875 0.368750 0.393750 0.425000 0.439063 0.429167 0.437500 0.462500 0.393750 0.460417 0.387500 0.516667 0.367188 0.510417 0.368750 0.456250 0.328125 0.454167 0.328125 0.425000 0.371875 0.425000
4 0.570703 0.408750 0.506250 0.437500 0.523438 0.366667 0.534375 0.325000 0.573438 0.350000 0.579688 0.335417 0.587500 0.335417 0.603125 0.337500 0.631250 0.362500 0.625000 0.387500 0.628125 0.393750 0.612500 0.431250 0.590625 0.422917 0.579688 0.456250 0.587500 0.472917 0.575000 0.497917 0.543750 0.475000 0.548438 0.450000 0.543750 0.437500 0.528125 0.450000 0.512500 0.450000
5 0.050391 0.428125 0.046875 0.400000 0.057813 0.406250 0.054688 0.456250 0.042188 0.450000
6 0.958594 0.455729 0.948438 0.406250 0.959375 0.400000 0.970313 0.506250 0.956250 0.510417
7 0.503906 0.480208 0.912500 0.068750 0.987500 0.912500 0.021875 0.891667 0.093750 0.047917
