8 0.130859 0.423438 0.106250 0.410417 0.110937 0.447917 0.154688 0.435417 0.151562 0.400000
9 0.194531 0.406250 0.175000 0.429167 0.218750 0.418750 0.212500 0.383333 0.171875 0.393750
0 0.388867 0.893229 0.400000 0.879167 0.401562 0.891667 0.400000 0.904167 0.390625 0.910417 0.381250 0.908333 0.375000 0.897917 0.376563 0.881250 0.385937 0.872917
1 0.440179 0.525000 0.450000 0.512500 0.451562 0.527083 0.446875 0.541667 0.437500 0.541667 0.428125 0.531250 0.428125 0.514583 0.439063 0.506250
2 0.708125 0.583958 0.729688 0.572917 0.728125 0.597917 0.721875 0.616667 0.709375 0.622917 0.690625 0.612500 0.685937 0.591667 0.687500 0.570833 0.696875 0.552083 0.707812 0.545833 0.723437 0.556250
3 0.463281 0.458160 0.454688 0.383333 0.470313 0.383333 0.473438 0.441667 0.517188 0.441667 0.518750 0.470833 0.475000 0.472917 0.473438 0.533333 0.454688 0.533333 0.453125 0.472917 0.407813 0.475000 0.407813 0.447917 0.453125 0.441667
4 0.178241 0.437037 0.140625 0.400000 0.107813 0.406250 0.107813 0.452083 0.150000 0.443750 0.153125 0.466667 0.157812 0.491667 0.153125 0.502083 0.156250 0.527083 0.200000 0.522917 0.200000 0.493750 0.190625 0.489583 0.190625 0.479167 0.200000 0.472917 0.210938 0.472917 0.228125 0.489583 0.245312 0.489583 0.256250 0.470833 0.221875 0.360417 0.201563 0.362500 0.192188 0.377083 0.190625 0.389583 0.176563 0.389583 0.178125 0.370833 0.167187 0.366667 0.154688 0.364583 0.142187 0.368750 0.139063 0.379167
5 0.050000 0.429167 0.046875 0.400000 0.057813 0.406250 0.053125 0.458333 0.042188 0.452083
6 0.958984 0.456250 0.948438 0.406250 0.959375 0.397917 0.968750 0.508333 0.959375 0.512500
7 0.504687 0.481771 0.914062 0.070833 0.989062 0.914583 0.020313 0.889583 0.095312 0.052083
