8 0.201563 0.756250 0.204687 0.718750 0.229687 0.745833 0.198437 0.793750 0.173437 0.766667
9 0.244922 0.684896 0.218750 0.697917 0.243750 0.718750 0.270313 0.672917 0.246875 0.650000
0 0.353125 0.372024 0.364063 0.383333 0.365625 0.366667 0.357812 0.356250 0.346875 0.358333 0.340625 0.368750 0.343750 0.383333 0.353125 0.387500
1 0.660742 0.545573 0.651563 0.558333 0.659375 0.564583 0.671875 0.556250 0.673438 0.545833 0.670312 0.535417 0.662500 0.529167 0.651563 0.531250 0.645312 0.543750
2 0.332031 0.460000 0.359375 0.462500 0.353125 0.477083 0.339062 0.485417 0.323437 0.489583 0.307812 0.477083 0.304688 0.454167 0.312500 0.439583 0.325000 0.435417 0.339062 0.437500 0.356250 0.441667
3 0.461458 0.459028 0.454688 0.383333 0.471875 0.383333 0.470313 0.443750 0.517188 0.443750 0.517188 0.475000 0.470313 0.477083 0.470313 0.535417 0.450000 0.533333 0.450000 0.475000 0.407813 0.472917 0.406250 0.443750 0.451562 0.441667
4 0.240125 0.722417 0.248438 0.625000 0.312500 0.672917 0.314063 0.697917 0.304688 0.714583 0.284375 0.722917 0.279687 0.739583 0.265625 0.750000 0.278125 0.756250 0.296875 0.777083 0.270313 0.818750 0.246875 0.800000 0.250000 0.785417 0.221875 0.762500 0.198437 0.795833 0.168750 0.766667 0.195312 0.729167 0.189062 0.722917 0.181250 0.725000 0.175000 0.714583 0.200000 0.670833 0.210938 0.675000 0.220312 0.677083 0.232813 0.672917 0.226562 0.656250 0.231250 0.631250
5 0.049609 0.454167 0.045312 0.425000 0.057813 0.431250 0.053125 0.483333 0.042188 0.477083
6 0.957812 0.445312 0.946875 0.395833 0.957812 0.387500 0.970313 0.497917 0.956250 0.500000
7 0.503906 0.486979 0.990625 0.902083 0.021875 0.916667 0.090625 0.064583 0.912500 0.064583
