0 0.064648 0.594531 0.062500 0.575000 0.053125 0.581250 0.050000 0.597917 0.056250 0.610417 0.065625 0.612500 0.078125 0.604167 0.078125 0.593750 0.073438 0.581250
1 0.738477 0.346875 0.729688 0.335417 0.725000 0.343750 0.725000 0.356250 0.737500 0.362500 0.746875 0.360417 0.751563 0.350000 0.751563 0.337500 0.740625 0.329167
2 0.460369 0.504356 0.450000 0.485417 0.443750 0.493750 0.442188 0.504167 0.443750 0.525000 0.456250 0.535417 0.468750 0.531250 0.478125 0.518750 0.478125 0.506250 0.475000 0.487500 0.465625 0.481250 0.462500 0.479167
3 0.457943 0.664757 0.453125 0.650000 0.471875 0.593750 0.490625 0.600000 0.471875 0.656250 0.510938 0.681250 0.503125 0.704167 0.462500 0.681250 0.446875 0.737500 0.425000 0.731250 0.443750 0.668750 0.403125 0.647917 0.412500 0.625000
5 0.060547 0.480729 0.065625 0.506250 0.053125 0.506250 0.054688 0.454167 0.068750 0.456250
6 0.926953 0.505208 0.923438 0.560417 0.934375 0.562500 0.928125 0.447917 0.921875 0.450000
8 0.400781 0.361458 0.384375 0.385417 0.387500 0.335417 0.415625 0.337500 0.415625 0.387500
9 0.397266 0.436458 0.412500 0.462500 0.410938 0.412500 0.384375 0.410417 0.381250 0.460417
4 0.406864 0.415551 0.400000 0.491667 0.440625 0.487500 0.446875 0.481250 0.450000 0.466667 0.450000 0.454167 0.442188 0.441667 0.440625 0.425000 0.454688 0.422917 0.465625 0.418750 0.462500 0.368750 0.443750 0.368750 0.443750 0.379167 0.421875 0.379167 0.415625 0.337500 0.387500 0.331250 0.381250 0.375000 0.376563 0.368750 0.379688 0.362500 0.359375 0.356250 0.353125 0.379167 0.350000 0.400000 0.356250 0.412500 0.365625 0.422917 0.376563 0.431250 0.378125 0.447917 0.378125 0.462500 0.384375 0.475000 0.387500 0.487500
7 0.493359 0.513542 0.090625 0.104167 0.901563 0.106250 0.934375 0.950000 0.046875 0.893750
