0 0.517773 0.144010 0.518750 0.131250 0.510938 0.131250 0.506250 0.141667 0.506250 0.156250 0.517188 0.162500 0.528125 0.156250 0.528125 0.141667 0.526563 0.131250
3 0.420964 0.327778 0.409375 0.260417 0.410938 0.316667 0.368750 0.318750 0.368750 0.343750 0.410938 0.343750 0.415625 0.400000 0.434375 0.393750 0.431250 0.343750 0.473438 0.337500 0.471875 0.310417 0.428125 0.310417 0.428125 0.254167
1 0.075694 0.531481 0.078125 0.518750 0.075000 0.516667 0.065625 0.518750 0.062500 0.529167 0.065625 0.541667 0.073438 0.547917 0.084375 0.547917 0.089063 0.537500 0.087500 0.525000
2 0.095871 0.443304 0.076563 0.431250 0.084375 0.425000 0.093750 0.422917 0.103125 0.422917 0.112500 0.425000 0.120313 0.431250 0.123438 0.443750 0.121875 0.460417 0.109375 0.468750 0.093750 0.468750 0.081250 0.462500 0.076563 0.454167 0.073438 0.447917 0.071875 0.441667
5 0.066406 0.464062 0.071875 0.437500 0.062500 0.437500 0.059375 0.487500 0.071875 0.493750
6 0.932813 0.504167 0.925000 0.450000 0.937500 0.447917 0.940625 0.556250 0.928125 0.562500
8 0.234375 0.246875 0.225000 0.218750 0.217188 0.268750 0.243750 0.275000 0.251563 0.225000
9 0.222266 0.319792 0.212500 0.291667 0.203125 0.337500 0.231250 0.350000 0.242188 0.300000
4 0.256203 0.301389 0.225000 0.379167 0.284375 0.387500 0.290625 0.372917 0.290625 0.350000 0.281250 0.335417 0.281250 0.322917 0.275000 0.312500 0.281250 0.306250 0.285938 0.318750 0.298438 0.322917 0.306250 0.322917 0.312500 0.300000 0.314063 0.287500 0.309375 0.279167 0.306250 0.275000 0.296875 0.268750 0.290625 0.268750 0.282813 0.281250 0.253125 0.266667 0.250000 0.260417 0.256250 0.218750 0.221875 0.212500 0.218750 0.237500 0.210938 0.243750 0.203125 0.254167 0.196875 0.266667 0.193750 0.281250 0.201563 0.304167 0.206250 0.310417 0.193750 0.337500 0.201563 0.347917 0.217188 0.350000 0.217188 0.362500
7 0.500000 0.504687 0.937500 0.950000 0.915625 0.100000 0.100000 0.087500 0.046875 0.881250
