8 0.601172 0.400000 0.589063 0.368750 0.628125 0.397917 0.612500 0.429167 0.575000 0.404167
9 0.548438 0.363542 0.537500 0.335417 0.573438 0.360417 0.559375 0.391667 0.523438 0.366667
0 0.389453 0.890365 0.400000 0.875000 0.403125 0.891667 0.400000 0.904167 0.392188 0.906250 0.379688 0.906250 0.375000 0.891667 0.378125 0.875000 0.387500 0.872917
1 0.248438 0.594345 0.259375 0.587500 0.259375 0.600000 0.253125 0.606250 0.243750 0.610417 0.234375 0.600000 0.237500 0.581250 0.251563 0.575000
2 0.591016 0.232292 0.604688 0.206250 0.610938 0.231250 0.606250 0.254167 0.590625 0.268750 0.579688 0.254167 0.571875 0.235417 0.575000 0.210417 0.589063 0.197917
3 0.382422 0.441146 0.378125 0.366667 0.396875 0.368750 0.393750 0.425000 0.439063 0.429167 0.439063 0.460417 0.392188 0.456250 0.387500 0.516667 0.368750 0.510417 0.368750 0.456250 0.328125 0.454167 0.325000 0.425000 0.371875 0.425000
4 0.565057 0.411458 0.506250 0.435417 0.518750 0.362500 0.537500 0.331250 0.565625 0.350000 0.578125 0.337500 0.593750 0.335417 0.600000 0.337500 0.631250 0.362500 0.626563 0.387500 0.628125 0.397917 0.615625 0.431250 0.590625 0.422917 0.579688 0.460417 0.587500 0.472917 0.575000 0.493750 0.543750 0.475000 0.550000 0.450000 0.546875 0.437500 0.532813 0.450000 0.517188 0.454167 0.503125 0.437500 0.503125 0.429167
5 0.050391 0.429167 0.046875 0.400000 0.057813 0.406250 0.054688 0.456250 0.042188 0.454167
6 0.958203 0.456771 0.948438 0.406250 0.959375 0.400000 0.968750 0.510417 0.956250 0.510417
7 0.503906 0.482812 0.912500 0.075000 0.987500 0.916667 0.021875 0.891667 0.093750 0.047917
