2 0.063942 0.760577 0.043750 0.768750 0.043750 0.762500 0.048438 0.750000 0.053125 0.743750 0.062500 0.731250 0.073438 0.731250 0.089063 0.737500 0.093750 0.754167 0.089063 0.772917 0.078125 0.781250 0.062500 0.787500 0.050000 0.785417 0.043750 0.781250
1 0.145313 0.096354 0.150000 0.112500 0.140625 0.110417 0.134375 0.100000 0.134375 0.087500 0.140625 0.081250 0.150000 0.085417 0.156250 0.093750 0.156250 0.100000
0 0.530078 0.688281 0.537500 0.675000 0.542188 0.685417 0.540625 0.693750 0.534375 0.700000 0.521875 0.704167 0.518750 0.693750 0.518750 0.681250 0.526563 0.672917
3 0.568620 0.553299 0.568750 0.572917 0.532813 0.606250 0.518750 0.587500 0.554688 0.550000 0.528125 0.506250 0.543750 0.487500 0.568750 0.535417 0.604688 0.500000 0.615625 0.518750 0.584375 0.556250 0.609375 0.600000 0.593750 0.618750
5 0.067187 0.466667 0.075000 0.443750 0.062500 0.437500 0.059375 0.491667 0.071875 0.493750
6 0.932813 0.506250 0.925000 0.454167 0.937500 0.450000 0.939063 0.560417 0.929688 0.560417
8 0.616406 0.738021 0.600000 0.706250 0.600000 0.768750 0.634375 0.766667 0.631250 0.710417
9 0.613281 0.655208 0.596875 0.629167 0.600000 0.681250 0.628125 0.681250 0.628125 0.629167
4 0.611238 0.693349 0.626563 0.612500 0.612500 0.606250 0.568750 0.618750 0.562500 0.635417 0.564063 0.656250 0.579688 0.672917 0.571875 0.685417 0.562500 0.691667 0.553125 0.693750 0.554688 0.743750 0.575000 0.743750 0.575000 0.729167 0.595313 0.725000 0.596875 0.775000 0.637500 0.768750 0.635938 0.731250 0.646875 0.731250 0.650000 0.747917 0.671875 0.743750 0.671875 0.718750 0.668750 0.697917 0.662500 0.679167 0.651563 0.668750 0.631250 0.662500 0.631250 0.650000 0.634375 0.637500
7 0.500781 0.508333 0.915625 0.100000 0.103125 0.091667 0.046875 0.891667 0.937500 0.950000
