0 0.052431 0.865972 0.042188 0.856250 0.037500 0.862500 0.042188 0.881250 0.050000 0.885417 0.059375 0.879167 0.065625 0.868750 0.065625 0.860417 0.059375 0.850000 0.050000 0.850000
1 0.879861 0.895139 0.868750 0.881250 0.865625 0.891667 0.868750 0.904167 0.875000 0.910417 0.885938 0.912500 0.892188 0.906250 0.893750 0.893750 0.890625 0.881250 0.878125 0.875000
2 0.072396 0.773785 0.048438 0.787500 0.050000 0.768750 0.059375 0.756250 0.068750 0.741667 0.081250 0.737500 0.090625 0.743750 0.096875 0.756250 0.093750 0.775000 0.089063 0.793750 0.078125 0.810417 0.062500 0.810417 0.050000 0.804167
3 0.458594 0.666493 0.428125 0.731250 0.443750 0.675000 0.406250 0.650000 0.412500 0.622917 0.454688 0.647917 0.473438 0.593750 0.490625 0.606250 0.473438 0.660417 0.510938 0.681250 0.503125 0.706250 0.462500 0.685417 0.443750 0.737500
5 0.060547 0.475521 0.062500 0.504167 0.053125 0.500000 0.057813 0.447917 0.068750 0.450000
6 0.928125 0.506250 0.923438 0.562500 0.934375 0.562500 0.932813 0.450000 0.921875 0.450000
8 0.266406 0.443750 0.246875 0.456250 0.251563 0.425000 0.285938 0.431250 0.281250 0.462500
9 0.214062 0.433854 0.228125 0.456250 0.234375 0.418750 0.200000 0.412500 0.193750 0.447917
4 0.259986 0.449004 0.190625 0.450000 0.225000 0.456250 0.223438 0.475000 0.212500 0.481250 0.218750 0.497917 0.240625 0.506250 0.253125 0.506250 0.254688 0.518750 0.275000 0.525000 0.293750 0.529167 0.296875 0.510417 0.287500 0.500000 0.298438 0.418750 0.309375 0.418750 0.312500 0.397917 0.312500 0.391667 0.296875 0.381250 0.278125 0.381250 0.271875 0.387500 0.251563 0.381250 0.240625 0.393750 0.239063 0.412500 0.196875 0.406250
7 0.494531 0.510938 0.093750 0.100000 0.904687 0.106250 0.935937 0.947917 0.043750 0.889583
