6 0.932813 0.505208 0.925000 0.450000 0.937500 0.447917 0.939063 0.560417 0.929688 0.562500
1 0.247768 0.362798 0.243750 0.350000 0.251563 0.350000 0.256250 0.354167 0.256250 0.368750 0.250000 0.379167 0.239063 0.375000 0.237500 0.362500
3 0.416466 0.328526 0.368750 0.318750 0.367188 0.337500 0.371875 0.347917 0.410938 0.343750 0.415625 0.400000 0.434375 0.397917 0.431250 0.343750 0.471875 0.337500 0.470313 0.310417 0.428125 0.312500 0.426563 0.254167 0.407813 0.254167 0.409375 0.312500
0 0.173214 0.480357 0.176563 0.466667 0.181250 0.468750 0.185938 0.481250 0.178125 0.493750 0.165625 0.493750 0.162500 0.485417 0.162500 0.472917
5 0.066797 0.466667 0.073438 0.443750 0.065625 0.437500 0.059375 0.491667 0.068750 0.493750
2 0.098549 0.444048 0.076563 0.429167 0.081250 0.425000 0.092188 0.422917 0.100000 0.418750 0.112500 0.425000 0.120313 0.431250 0.125000 0.443750 0.121875 0.456250 0.115625 0.466667 0.106250 0.468750 0.093750 0.468750 0.084375 0.462500 0.078125 0.454167 0.071875 0.443750
8 0.234766 0.246875 0.225000 0.218750 0.217188 0.268750 0.243750 0.275000 0.253125 0.225000
9 0.221875 0.319792 0.212500 0.291667 0.240625 0.300000 0.231250 0.350000 0.203125 0.337500
4 0.257812 0.303190 0.215625 0.366667 0.225000 0.381250 0.282813 0.387500 0.290625 0.375000 0.290625 0.350000 0.278125 0.337500 0.278125 0.325000 0.275000 0.316667 0.281250 0.312500 0.285938 0.318750 0.296875 0.322917 0.303125 0.325000 0.306250 0.318750 0.309375 0.312500 0.314063 0.297917 0.309375 0.279167 0.301563 0.275000 0.290625 0.272917 0.284375 0.279167 0.265625 0.272917 0.251563 0.262500 0.259375 0.218750 0.221875 0.210417 0.218750 0.237500 0.207813 0.243750 0.200000 0.254167 0.196875 0.266667 0.193750 0.281250 0.196875 0.300000 0.206250 0.306250 0.196875 0.343750 0.215625 0.350000
7 0.501172 0.505208 0.915625 0.100000 0.103125 0.087500 0.048438 0.885417 0.937500 0.947917
