2 0.528551 0.196970 0.518750 0.168750 0.515625 0.181250 0.512500 0.193750 0.512500 0.212500 0.518750 0.225000 0.534375 0.231250 0.543750 0.222917 0.548438 0.204167 0.543750 0.185417 0.537500 0.172917 0.528125 0.168750
1 0.777539 0.409115 0.778125 0.393750 0.784375 0.393750 0.790625 0.406250 0.787500 0.418750 0.778125 0.425000 0.768750 0.422917 0.765625 0.412500 0.767188 0.400000
6 0.932813 0.506771 0.925000 0.454167 0.937500 0.450000 0.939063 0.560417 0.929688 0.562500
5 0.066406 0.468229 0.075000 0.443750 0.062500 0.441667 0.059375 0.493750 0.068750 0.493750
3 0.389062 0.591146 0.353125 0.537500 0.375000 0.587500 0.337500 0.616667 0.348438 0.643750 0.384375 0.610417 0.407813 0.660417 0.425000 0.643750 0.403125 0.593750 0.439063 0.562500 0.431250 0.541667 0.392188 0.572917 0.371875 0.522917
0 0.177232 0.512500 0.178125 0.500000 0.184375 0.500000 0.187500 0.510417 0.184375 0.525000 0.175000 0.529167 0.165625 0.516667 0.165625 0.506250
8 0.234766 0.247917 0.225000 0.218750 0.217188 0.268750 0.243750 0.279167 0.253125 0.225000
9 0.221875 0.321354 0.212500 0.291667 0.240625 0.300000 0.231250 0.350000 0.203125 0.343750
4 0.255066 0.301452 0.251563 0.262500 0.259375 0.268750 0.282813 0.281250 0.287500 0.275000 0.290625 0.268750 0.304688 0.275000 0.309375 0.279167 0.312500 0.287500 0.312500 0.306250 0.306250 0.318750 0.300000 0.325000 0.282813 0.318750 0.281250 0.310417 0.275000 0.318750 0.278125 0.329167 0.278125 0.341667 0.284375 0.356250 0.278125 0.381250 0.268750 0.387500 0.234375 0.381250 0.225000 0.368750 0.223438 0.354167 0.193750 0.343750 0.206250 0.306250 0.196875 0.300000 0.196875 0.287500 0.193750 0.279167 0.196875 0.262500 0.200000 0.254167 0.206250 0.243750 0.215625 0.243750 0.225000 0.212500 0.259375 0.218750
7 0.500781 0.505729 0.915625 0.100000 0.103125 0.091667 0.046875 0.881250 0.937500 0.950000
