8 0.885156 0.683854 0.864062 0.660417 0.860938 0.702083 0.906250 0.706250 0.909375 0.666667
9 0.819531 0.672917 0.798438 0.650000 0.796875 0.691667 0.840625 0.695833 0.842187 0.654167
0 0.655134 0.893750 0.662500 0.877083 0.670312 0.893750 0.665625 0.908333 0.654687 0.912500 0.642188 0.904167 0.642188 0.885417 0.648438 0.875000
1 0.070982 0.182738 0.079687 0.168750 0.084375 0.185417 0.079687 0.195833 0.068750 0.200000 0.057813 0.189583 0.057813 0.172917 0.068750 0.166667
2 0.597396 0.410417 0.614062 0.381250 0.621875 0.400000 0.615625 0.422917 0.603125 0.435417 0.590625 0.441667 0.576562 0.437500 0.573438 0.412500 0.582812 0.387500 0.598437 0.375000
3 0.485286 0.587500 0.507812 0.516667 0.523438 0.533333 0.500000 0.583333 0.537500 0.622917 0.525000 0.643750 0.487500 0.608333 0.464062 0.656250 0.445312 0.643750 0.470313 0.589583 0.434375 0.554167 0.445312 0.531250 0.482812 0.566667
4 0.831861 0.675906 0.753125 0.675000 0.771875 0.650000 0.792188 0.643750 0.800000 0.627083 0.820312 0.627083 0.823438 0.639583 0.828125 0.591667 0.873437 0.595833 0.870313 0.622917 0.868750 0.639583 0.871875 0.656250 0.910937 0.666667 0.909375 0.708333 0.867188 0.708333 0.865625 0.722917 0.865625 0.741667 0.864062 0.754167 0.818750 0.747917 0.820312 0.718750 0.806250 0.704167 0.793750 0.697917 0.779687 0.710417 0.757812 0.695833
5 0.030469 0.469792 0.025000 0.441667 0.039062 0.443750 0.035937 0.497917 0.021875 0.495833
6 0.942969 0.505208 0.935937 0.450000 0.946875 0.445833 0.950000 0.562500 0.939063 0.562500
7 0.486719 0.504687 0.920312 0.087500 0.945312 0.956250 0.018750 0.916667 0.062500 0.058333
