0 0.182812 0.281019 0.192188 0.268750 0.185938 0.266667 0.175000 0.266667 0.171875 0.272917 0.170313 0.287500 0.175000 0.293750 0.184375 0.297917 0.193750 0.293750 0.196875 0.281250
1 0.107617 0.250260 0.100000 0.235417 0.096875 0.237500 0.096875 0.250000 0.100000 0.262500 0.109375 0.266667 0.118750 0.262500 0.121875 0.250000 0.117188 0.237500
2 0.349290 0.500000 0.346875 0.475000 0.356250 0.475000 0.364063 0.481250 0.368750 0.493750 0.368750 0.510417 0.364063 0.525000 0.346875 0.531250 0.334375 0.525000 0.328125 0.510417 0.328125 0.491667 0.335938 0.481250
3 0.431380 0.520312 0.390625 0.475000 0.415625 0.518750 0.387500 0.556250 0.398438 0.579167 0.431250 0.537500 0.459375 0.581250 0.475000 0.562500 0.446875 0.522917 0.475000 0.485417 0.462500 0.462500 0.431250 0.500000 0.403125 0.462500
5 0.058984 0.498437 0.062500 0.522917 0.053125 0.522917 0.054688 0.472917 0.065625 0.475000
6 0.925391 0.496875 0.921875 0.550000 0.932813 0.554167 0.929688 0.441667 0.917188 0.441667
8 0.132812 0.138021 0.115625 0.156250 0.117188 0.122917 0.150000 0.118750 0.148438 0.154167
9 0.081250 0.144271 0.065625 0.129167 0.065625 0.162500 0.096875 0.160417 0.096875 0.125000
4 0.134511 0.164493 0.096875 0.225000 0.107813 0.231250 0.121875 0.231250 0.131250 0.222917 0.137500 0.235417 0.156250 0.243750 0.175000 0.243750 0.171875 0.218750 0.171875 0.212500 0.165625 0.212500 0.165625 0.150000 0.178125 0.137500 0.179688 0.112500 0.171875 0.100000 0.162500 0.097917 0.148438 0.097917 0.129688 0.093750 0.109375 0.097917 0.100000 0.100000 0.092188 0.112500 0.089063 0.118750 0.065625 0.125000 0.065625 0.162500
7 0.491797 0.516146 0.087500 0.114583 0.901563 0.100000 0.932813 0.935417 0.045312 0.914583
