5 0.065625 0.466146 0.075000 0.443750 0.062500 0.437500 0.059375 0.491667 0.065625 0.491667
6 0.932813 0.503646 0.925000 0.450000 0.937500 0.447917 0.940625 0.556250 0.928125 0.560417
1 0.521875 0.240046 0.515625 0.250000 0.518750 0.254167 0.526563 0.254167 0.534375 0.250000 0.532813 0.231250 0.526563 0.222917 0.517188 0.225000 0.512500 0.231250 0.512500 0.241667
3 0.420201 0.326935 0.407813 0.254167 0.409375 0.312500 0.367188 0.318750 0.368750 0.337500 0.371875 0.350000 0.410938 0.343750 0.412500 0.393750 0.431250 0.397917 0.431250 0.343750 0.473438 0.337500 0.471875 0.316667 0.470313 0.310417 0.429688 0.306250 0.426563 0.254167
0 0.137695 0.507031 0.143750 0.493750 0.150000 0.500000 0.150000 0.510417 0.145313 0.522917 0.131250 0.525000 0.125000 0.510417 0.125000 0.500000 0.131250 0.493750
2 0.067067 0.756090 0.057813 0.737500 0.062500 0.731250 0.073438 0.731250 0.084375 0.731250 0.090625 0.737500 0.093750 0.756250 0.085938 0.768750 0.078125 0.779167 0.059375 0.787500 0.050000 0.781250 0.043750 0.775000 0.043750 0.762500 0.048438 0.750000
8 0.234766 0.247917 0.225000 0.218750 0.218750 0.268750 0.243750 0.279167 0.251563 0.225000
9 0.221875 0.320833 0.212500 0.291667 0.240625 0.300000 0.231250 0.350000 0.203125 0.341667
4 0.256083 0.306994 0.196875 0.343750 0.218750 0.350000 0.218750 0.366667 0.225000 0.379167 0.228125 0.381250 0.281250 0.387500 0.290625 0.372917 0.290625 0.350000 0.282813 0.337500 0.278125 0.325000 0.284375 0.318750 0.293750 0.325000 0.306250 0.325000 0.312500 0.306250 0.314063 0.293750 0.312500 0.281250 0.306250 0.275000 0.293750 0.268750 0.284375 0.281250 0.251563 0.262500 0.256250 0.218750 0.221875 0.210417 0.218750 0.243750 0.209375 0.241667 0.196875 0.262500 0.193750 0.281250 0.196875 0.300000 0.206250 0.306250
7 0.500781 0.506250 0.915625 0.100000 0.103125 0.087500 0.046875 0.887500 0.937500 0.950000
