8 0.710156 0.396354 0.687500 0.377083 0.689063 0.418750 0.732812 0.414583 0.731250 0.375000
9 0.648047 0.402083 0.625000 0.383333 0.626563 0.425000 0.670312 0.418750 0.670312 0.381250
0 0.557292 0.326042 0.556250 0.308333 0.565625 0.314583 0.567187 0.331250 0.560937 0.341667 0.548438 0.339583 0.545312 0.320833
1 0.599219 0.675694 0.603125 0.658333 0.610938 0.670833 0.609375 0.687500 0.596875 0.693750 0.585938 0.681250 0.589063 0.662500
2 0.709028 0.828472 0.707812 0.785417 0.720313 0.797917 0.731250 0.820833 0.732812 0.847917 0.720313 0.866667 0.704688 0.866667 0.689063 0.847917 0.685937 0.822917 0.689063 0.800000
3 0.222786 0.350868 0.201563 0.279167 0.223438 0.272917 0.232813 0.329167 0.278125 0.320833 0.281250 0.352083 0.235937 0.364583 0.243750 0.422917 0.221875 0.429167 0.212500 0.370833 0.168750 0.381250 0.164062 0.350000 0.209375 0.337500
4 0.671029 0.414410 0.603125 0.435417 0.609375 0.416667 0.620313 0.402083 0.623437 0.381250 0.653125 0.377083 0.657813 0.350000 0.664062 0.335417 0.701562 0.331250 0.706250 0.360417 0.698438 0.366667 0.709375 0.372917 0.731250 0.372917 0.734375 0.416667 0.701562 0.420833 0.696875 0.437500 0.700000 0.454167 0.709375 0.456250 0.710938 0.483333 0.668750 0.489583 0.668750 0.462500 0.660937 0.450000 0.640625 0.454167 0.623437 0.462500 0.610938 0.456250
5 0.030078 0.470313 0.025000 0.441667 0.037500 0.445833 0.035937 0.497917 0.021875 0.495833
6 0.942969 0.504167 0.935937 0.450000 0.946875 0.445833 0.950000 0.560417 0.939063 0.560417
7 0.486719 0.505208 0.921875 0.087500 0.943750 0.956250 0.018750 0.916667 0.062500 0.060417
