5 0.066406 0.466667 0.075000 0.443750 0.062500 0.437500 0.059375 0.491667 0.068750 0.493750
6 0.932813 0.504167 0.925000 0.450000 0.937500 0.447917 0.939063 0.556250 0.929688 0.562500
3 0.543620 0.428125 0.510938 0.375000 0.531250 0.425000 0.493750 0.450000 0.503125 0.475000 0.542188 0.450000 0.562500 0.493750 0.578125 0.481250 0.559375 0.431250 0.590625 0.406250 0.581250 0.379167 0.546875 0.410417 0.523438 0.360417
1 0.383398 0.127344 0.371875 0.125000 0.376563 0.135417 0.381250 0.143750 0.390625 0.141667 0.395313 0.129167 0.392188 0.116667 0.384375 0.110417 0.375000 0.116667
2 0.163942 0.749199 0.143750 0.731250 0.154688 0.725000 0.165625 0.725000 0.181250 0.731250 0.187500 0.737500 0.193750 0.750000 0.192188 0.762500 0.185938 0.772917 0.162500 0.781250 0.148438 0.775000 0.139063 0.762500 0.137500 0.747917 0.139063 0.737500
0 0.167187 0.865104 0.168750 0.850000 0.175000 0.850000 0.179688 0.860417 0.176563 0.875000 0.168750 0.881250 0.156250 0.875000 0.156250 0.868750 0.156250 0.860417
8 0.315625 0.436979 0.318750 0.406250 0.293750 0.443750 0.312500 0.468750 0.337500 0.429167
9 0.352734 0.379688 0.353125 0.350000 0.331250 0.387500 0.350000 0.412500 0.376563 0.368750
4 0.345720 0.425181 0.353125 0.341667 0.340625 0.350000 0.332813 0.375000 0.325000 0.381250 0.317188 0.372917 0.309375 0.375000 0.290625 0.393750 0.285938 0.418750 0.293750 0.431250 0.287500 0.447917 0.312500 0.479167 0.332813 0.450000 0.346875 0.462500 0.356250 0.475000 0.353125 0.493750 0.371875 0.510417 0.392188 0.481250 0.390625 0.462500 0.376563 0.454167 0.381250 0.431250 0.398438 0.418750 0.403125 0.397917 0.400000 0.375000
7 0.499219 0.505208 0.934375 0.947917 0.915625 0.100000 0.100000 0.087500 0.046875 0.885417
