0 0.048594 0.865000 0.040625 0.854167 0.037500 0.860417 0.034375 0.868750 0.037500 0.879167 0.046875 0.881250 0.056250 0.879167 0.062500 0.868750 0.062500 0.860417 0.057813 0.850000 0.050000 0.847917
1 0.538494 0.428788 0.543750 0.416667 0.548438 0.422917 0.550000 0.431250 0.550000 0.441667 0.543750 0.443750 0.534375 0.443750 0.528125 0.441667 0.526563 0.431250 0.528125 0.418750 0.532813 0.412500 0.537500 0.412500
2 0.363672 0.739410 0.346875 0.729167 0.343750 0.737500 0.345313 0.754167 0.353125 0.766667 0.360938 0.768750 0.371875 0.766667 0.381250 0.754167 0.384375 0.737500 0.381250 0.722917 0.376563 0.712500 0.365625 0.710417 0.353125 0.712500
3 0.545182 0.617882 0.493750 0.650000 0.506250 0.672917 0.543750 0.637500 0.568750 0.685417 0.585938 0.668750 0.559375 0.618750 0.593750 0.585417 0.581250 0.562500 0.548438 0.600000 0.521875 0.554167 0.506250 0.566667 0.532813 0.612500
5 0.057813 0.491146 0.062500 0.518750 0.050000 0.516667 0.053125 0.462500 0.065625 0.466667
6 0.926172 0.501042 0.923438 0.556250 0.932813 0.556250 0.929688 0.443750 0.918750 0.447917
8 0.131641 0.135937 0.115625 0.154167 0.115625 0.122917 0.148438 0.116667 0.146875 0.150000
9 0.081250 0.144271 0.096875 0.160417 0.096875 0.125000 0.065625 0.129167 0.065625 0.162500
4 0.131310 0.168349 0.090625 0.168750 0.093750 0.181250 0.104688 0.187500 0.096875 0.225000 0.100000 0.237500 0.121875 0.235417 0.128125 0.231250 0.134375 0.237500 0.150000 0.243750 0.162500 0.243750 0.175000 0.237500 0.175000 0.212500 0.168750 0.206250 0.165625 0.141667 0.176563 0.137500 0.179688 0.118750 0.179688 0.106250 0.165625 0.100000 0.150000 0.093750 0.140625 0.100000 0.123438 0.100000 0.109375 0.100000 0.100000 0.116667 0.096875 0.122917 0.062500 0.125000 0.062500 0.166667
7 0.491797 0.517708 0.043750 0.910417 0.090625 0.112500 0.903125 0.100000 0.929688 0.947917
