0 0.047461 0.865104 0.062500 0.868750 0.059375 0.854167 0.050000 0.850000 0.037500 0.850000 0.037500 0.862500 0.034375 0.872917 0.043750 0.881250 0.054688 0.881250
2 0.362500 0.739583 0.350000 0.718750 0.345313 0.729167 0.340625 0.737500 0.345313 0.754167 0.350000 0.762500 0.359375 0.768750 0.368750 0.766667 0.378125 0.760417 0.381250 0.743750 0.381250 0.731250 0.379688 0.718750 0.371875 0.712500 0.360938 0.710417
3 0.545443 0.618229 0.496875 0.650000 0.531250 0.612500 0.506250 0.568750 0.518750 0.550000 0.546875 0.600000 0.581250 0.566667 0.593750 0.585417 0.559375 0.618750 0.585938 0.668750 0.571875 0.687500 0.543750 0.637500 0.509375 0.672917
5 0.058594 0.490625 0.065625 0.466667 0.056250 0.462500 0.050000 0.516667 0.062500 0.516667
6 0.925000 0.502083 0.918750 0.556250 0.934375 0.556250 0.928125 0.447917 0.918750 0.447917
1 0.101116 0.196726 0.092188 0.191667 0.093750 0.197917 0.096875 0.204167 0.109375 0.204167 0.109375 0.197917 0.106250 0.193750 0.100000 0.187500
9 0.081250 0.144271 0.065625 0.162500 0.065625 0.129167 0.096875 0.125000 0.096875 0.160417
8 0.132031 0.137500 0.115625 0.125000 0.115625 0.156250 0.148438 0.150000 0.148438 0.118750
4 0.137422 0.169167 0.065625 0.168750 0.093750 0.225000 0.104688 0.237500 0.125000 0.235417 0.140625 0.237500 0.153125 0.247917 0.168750 0.243750 0.176563 0.235417 0.175000 0.218750 0.165625 0.206250 0.165625 0.150000 0.176563 0.141667 0.179688 0.110417 0.168750 0.100000 0.150000 0.093750 0.139063 0.097917 0.118750 0.097917 0.109375 0.100000 0.106250 0.106250 0.065625 0.129167
7 0.491016 0.516146 0.045312 0.910417 0.079687 0.110417 0.906250 0.100000 0.932813 0.943750
