0 0.052148 0.865365 0.062500 0.875000 0.065625 0.862500 0.062500 0.850000 0.054688 0.850000 0.042188 0.856250 0.034375 0.868750 0.040625 0.879167 0.054688 0.881250
2 0.144531 0.759375 0.123438 0.754167 0.123438 0.772917 0.128125 0.791667 0.143750 0.804167 0.160938 0.793750 0.168750 0.775000 0.165625 0.756250 0.162500 0.743750 0.153125 0.731250 0.145313 0.725000 0.134375 0.729167 0.125000 0.735417
1 0.929340 0.942130 0.921875 0.929167 0.918750 0.931250 0.915625 0.943750 0.921875 0.956250 0.934375 0.962500 0.940625 0.956250 0.940625 0.943750 0.939063 0.931250 0.931250 0.925000
3 0.459375 0.666319 0.473438 0.656250 0.489063 0.606250 0.475000 0.593750 0.454688 0.650000 0.412500 0.629167 0.409375 0.647917 0.443750 0.668750 0.426563 0.729167 0.443750 0.737500 0.465625 0.685417 0.506250 0.706250 0.512500 0.685417
5 0.059766 0.476042 0.062500 0.504167 0.054688 0.500000 0.056250 0.450000 0.065625 0.450000
6 0.926953 0.508854 0.925000 0.562500 0.934375 0.566667 0.929688 0.450000 0.918750 0.456250
8 0.266406 0.445833 0.246875 0.460417 0.251563 0.425000 0.285938 0.431250 0.281250 0.466667
9 0.213281 0.434896 0.228125 0.454167 0.234375 0.422917 0.200000 0.412500 0.190625 0.450000
4 0.255625 0.457250 0.190625 0.456250 0.210938 0.456250 0.228125 0.460417 0.225000 0.475000 0.218750 0.481250 0.218750 0.493750 0.228125 0.504167 0.242188 0.500000 0.256250 0.506250 0.256250 0.522917 0.268750 0.525000 0.287500 0.529167 0.293750 0.531250 0.293750 0.506250 0.287500 0.504167 0.298438 0.422917 0.309375 0.418750 0.312500 0.387500 0.290625 0.381250 0.275000 0.381250 0.273438 0.387500 0.251563 0.387500 0.242188 0.393750 0.234375 0.412500 0.196875 0.406250
7 0.494922 0.514583 0.090625 0.100000 0.903125 0.110417 0.942187 0.954167 0.043750 0.893750
