1 0.666992 0.125260 0.671875 0.141667 0.678125 0.131250 0.675000 0.112500 0.667188 0.112500 0.662500 0.112500 0.659375 0.122917 0.659375 0.131250 0.662500 0.137500
0 0.443359 0.145573 0.434375 0.150000 0.437500 0.160417 0.443750 0.162500 0.450000 0.156250 0.456250 0.141667 0.450000 0.129167 0.440625 0.129167 0.434375 0.135417
2 0.098772 0.428423 0.078125 0.416667 0.081250 0.412500 0.093750 0.406250 0.103125 0.406250 0.112500 0.406250 0.117188 0.412500 0.121875 0.422917 0.121875 0.437500 0.117188 0.447917 0.109375 0.454167 0.096875 0.456250 0.081250 0.450000 0.075000 0.437500 0.073438 0.431250
3 0.419896 0.332917 0.410938 0.343750 0.412500 0.391667 0.415625 0.400000 0.431250 0.400000 0.431250 0.343750 0.471875 0.337500 0.473438 0.316667 0.468750 0.306250 0.428125 0.312500 0.426563 0.262500 0.409375 0.260417 0.410938 0.312500 0.368750 0.318750 0.367188 0.337500 0.371875 0.350000
5 0.066797 0.466667 0.073438 0.443750 0.062500 0.437500 0.059375 0.491667 0.071875 0.493750
6 0.932422 0.506771 0.925000 0.454167 0.934375 0.450000 0.940625 0.560417 0.929688 0.562500
8 0.234766 0.246875 0.225000 0.218750 0.218750 0.268750 0.243750 0.275000 0.251563 0.225000
9 0.221875 0.320833 0.212500 0.291667 0.203125 0.337500 0.231250 0.350000 0.240625 0.304167
4 0.261719 0.304306 0.218750 0.350000 0.218750 0.366667 0.228125 0.381250 0.278125 0.387500 0.290625 0.375000 0.290625 0.350000 0.278125 0.337500 0.281250 0.325000 0.275000 0.316667 0.281250 0.312500 0.287500 0.318750 0.293750 0.325000 0.303125 0.325000 0.306250 0.318750 0.312500 0.306250 0.314063 0.287500 0.309375 0.275000 0.303125 0.272917 0.290625 0.268750 0.282813 0.281250 0.259375 0.268750 0.251563 0.262500 0.256250 0.218750 0.221875 0.212500 0.217188 0.243750 0.207813 0.243750 0.196875 0.268750 0.193750 0.285417 0.206250 0.300000 0.196875 0.343750
7 0.500391 0.508333 0.917188 0.104167 0.100000 0.091667 0.046875 0.887500 0.937500 0.950000
