8 0.702734 0.307292 0.676562 0.308333 0.695312 0.341667 0.728125 0.304167 0.710938 0.275000
9 0.653125 0.355208 0.660937 0.322917 0.678125 0.356250 0.645312 0.387500 0.628125 0.354167
0 0.656836 0.877344 0.662500 0.860417 0.668750 0.872917 0.668750 0.887500 0.662500 0.895833 0.653125 0.893750 0.643750 0.885417 0.642188 0.864583 0.653125 0.858333
1 0.070536 0.162798 0.079687 0.150000 0.082812 0.164583 0.078125 0.177083 0.068750 0.179167 0.057813 0.170833 0.057813 0.152083 0.068750 0.145833
2 0.572461 0.395833 0.585938 0.362500 0.593750 0.377083 0.592187 0.406250 0.579688 0.420833 0.562500 0.429167 0.550000 0.416667 0.551562 0.389583 0.564063 0.364583
3 0.485026 0.587326 0.507812 0.518750 0.523438 0.533333 0.500000 0.583333 0.537500 0.620833 0.526563 0.641667 0.487500 0.608333 0.462500 0.656250 0.445312 0.643750 0.470313 0.589583 0.434375 0.554167 0.442188 0.533333 0.482812 0.564583
4 0.672813 0.339375 0.673438 0.439583 0.596875 0.350000 0.603125 0.329167 0.621875 0.325000 0.635938 0.333333 0.639062 0.318750 0.631250 0.289583 0.662500 0.256250 0.675000 0.279167 0.671875 0.289583 0.685937 0.291667 0.709375 0.272917 0.731250 0.306250 0.706250 0.337500 0.714063 0.352083 0.729688 0.377083 0.701562 0.406250 0.692187 0.395833 0.685937 0.406250 0.689063 0.431250
5 0.030078 0.470313 0.025000 0.441667 0.037500 0.443750 0.035937 0.497917 0.021875 0.497917
6 0.942578 0.504167 0.934375 0.450000 0.946875 0.445833 0.950000 0.560417 0.939063 0.560417
7 0.487109 0.503646 0.921875 0.083333 0.945312 0.956250 0.020313 0.916667 0.060937 0.058333
