0 0.685937 0.918958 0.679688 0.906250 0.675000 0.906250 0.673438 0.918750 0.675000 0.925000 0.679688 0.935417 0.689063 0.937500 0.698438 0.931250 0.700000 0.922917 0.698438 0.906250 0.690625 0.900000
1 0.067031 0.280417 0.062500 0.268750 0.057813 0.268750 0.056250 0.275000 0.056250 0.285417 0.059375 0.293750 0.068750 0.297917 0.078125 0.291667 0.081250 0.281250 0.078125 0.275000 0.071875 0.266667
2 0.800426 0.658902 0.775000 0.656250 0.776563 0.647917 0.782813 0.637500 0.798438 0.631250 0.815625 0.631250 0.828125 0.647917 0.831250 0.662500 0.825000 0.679167 0.804688 0.687500 0.790625 0.687500 0.776563 0.679167
3 0.484375 0.468576 0.471875 0.462500 0.450000 0.412500 0.465625 0.404167 0.487500 0.450000 0.525000 0.422917 0.534375 0.443750 0.496875 0.472917 0.518750 0.525000 0.503125 0.535417 0.481250 0.487500 0.443750 0.512500 0.434375 0.493750
5 0.048828 0.505208 0.054688 0.529167 0.040625 0.529167 0.043750 0.481250 0.056250 0.481250
6 0.915234 0.486458 0.907813 0.431250 0.915625 0.431250 0.925000 0.541667 0.912500 0.541667
8 0.555469 0.237500 0.559375 0.268750 0.579688 0.243750 0.550000 0.206250 0.532813 0.231250
9 0.594141 0.293229 0.571875 0.287500 0.589063 0.266667 0.618750 0.293750 0.596875 0.325000
4 0.562695 0.291233 0.503125 0.310417 0.512500 0.325000 0.518750 0.341667 0.531250 0.343750 0.542188 0.331250 0.553125 0.325000 0.559375 0.331250 0.557813 0.356250 0.565625 0.368750 0.581250 0.381250 0.631250 0.287500 0.628125 0.268750 0.625000 0.266667 0.606250 0.262500 0.606250 0.250000 0.606250 0.241667 0.587500 0.212500 0.568750 0.225000 0.550000 0.206250 0.528125 0.231250 0.550000 0.262500 0.542188 0.268750 0.528125 0.300000 0.521875 0.291667
7 0.483203 0.516146 0.068750 0.118750 0.885938 0.095833 0.934375 0.922917 0.043750 0.927083
