0 0.688021 0.918981 0.690625 0.900000 0.681250 0.904167 0.675000 0.906250 0.675000 0.918750 0.679688 0.935417 0.689063 0.937500 0.698438 0.937500 0.703125 0.925000 0.700000 0.906250
1 0.061719 0.877604 0.076563 0.868750 0.071875 0.862500 0.057813 0.862500 0.050000 0.868750 0.050000 0.879167 0.050000 0.893750 0.062500 0.897917 0.075000 0.887500
2 0.389347 0.451705 0.376563 0.431250 0.384375 0.429167 0.396875 0.429167 0.406250 0.435417 0.409375 0.450000 0.407813 0.466667 0.400000 0.475000 0.384375 0.479167 0.376563 0.472917 0.371875 0.456250 0.368750 0.443750
3 0.353125 0.444097 0.350000 0.462500 0.375000 0.512500 0.387500 0.500000 0.364063 0.443750 0.400000 0.418750 0.392188 0.400000 0.356250 0.425000 0.335938 0.381250 0.318750 0.387500 0.340625 0.437500 0.303125 0.466667 0.314063 0.493750
5 0.049219 0.504687 0.054688 0.531250 0.043750 0.531250 0.042188 0.475000 0.056250 0.481250
6 0.916406 0.482812 0.915625 0.537500 0.925000 0.537500 0.917188 0.425000 0.907813 0.431250
8 0.556641 0.238542 0.532813 0.231250 0.559375 0.272917 0.581250 0.243750 0.553125 0.206250
9 0.594922 0.293229 0.571875 0.287500 0.589063 0.262500 0.618750 0.297917 0.600000 0.325000
4 0.561073 0.295018 0.506250 0.312500 0.512500 0.329167 0.523438 0.341667 0.531250 0.343750 0.548438 0.329167 0.562500 0.335417 0.559375 0.356250 0.564063 0.368750 0.568750 0.375000 0.581250 0.381250 0.631250 0.285417 0.621875 0.266667 0.609375 0.262500 0.603125 0.260417 0.606250 0.241667 0.585938 0.212500 0.568750 0.225000 0.553125 0.204167 0.528125 0.235417 0.548438 0.262500 0.540625 0.275000 0.531250 0.293750 0.518750 0.287500
7 0.483984 0.519792 0.067187 0.125000 0.882812 0.100000 0.937500 0.925000 0.048438 0.929167
