0 0.597070 0.925521 0.610938 0.918750 0.604688 0.910417 0.593750 0.910417 0.587500 0.916667 0.584375 0.929167 0.589063 0.937500 0.596875 0.943750 0.609375 0.937500
1 0.088715 0.234954 0.076563 0.229167 0.078125 0.237500 0.081250 0.247917 0.090625 0.250000 0.096875 0.250000 0.100000 0.237500 0.100000 0.225000 0.093750 0.218750 0.081250 0.218750
2 0.365104 0.740104 0.381250 0.725000 0.376563 0.718750 0.368750 0.712500 0.356250 0.712500 0.345313 0.722917 0.343750 0.741667 0.343750 0.756250 0.353125 0.766667 0.368750 0.768750 0.375000 0.762500 0.384375 0.756250 0.384375 0.737500
3 0.545052 0.618576 0.496875 0.650000 0.506250 0.668750 0.543750 0.637500 0.571875 0.687500 0.585938 0.672917 0.559375 0.622917 0.595313 0.587500 0.581250 0.566667 0.543750 0.600000 0.518750 0.550000 0.506250 0.566667 0.531250 0.612500
5 0.058984 0.487500 0.062500 0.512500 0.050000 0.512500 0.054688 0.462500 0.068750 0.462500
6 0.925781 0.501563 0.923438 0.556250 0.932813 0.556250 0.928125 0.443750 0.918750 0.450000
8 0.132422 0.136979 0.115625 0.156250 0.115625 0.122917 0.150000 0.118750 0.148438 0.150000
9 0.082031 0.144271 0.096875 0.160417 0.100000 0.125000 0.065625 0.129167 0.065625 0.162500
4 0.129928 0.172917 0.103125 0.229167 0.104688 0.235417 0.118750 0.231250 0.131250 0.225000 0.134375 0.237500 0.156250 0.243750 0.171875 0.243750 0.175000 0.222917 0.165625 0.206250 0.165625 0.168750 0.168750 0.143750 0.179688 0.137500 0.181250 0.116667 0.176563 0.100000 0.150000 0.093750 0.134375 0.097917 0.112500 0.097917 0.103125 0.110417 0.100000 0.122917 0.065625 0.129167 0.065625 0.166667 0.090625 0.166667 0.096875 0.181250 0.103125 0.187500 0.107813 0.193750 0.115625 0.206250
7 0.492969 0.517708 0.092188 0.110417 0.900000 0.110417 0.934375 0.947917 0.045312 0.902083
