0 0.248633 0.638021 0.262500 0.643750 0.259375 0.631250 0.256250 0.622917 0.243750 0.622917 0.234375 0.629167 0.234375 0.643750 0.242188 0.654167 0.256250 0.656250
1 0.437305 0.914844 0.443750 0.900000 0.437500 0.893750 0.428125 0.904167 0.425000 0.916667 0.428125 0.931250 0.439063 0.931250 0.446875 0.929167 0.450000 0.912500
2 0.459091 0.507197 0.442188 0.487500 0.439063 0.504167 0.442188 0.518750 0.446875 0.531250 0.460938 0.537500 0.471875 0.531250 0.478125 0.518750 0.481250 0.500000 0.475000 0.487500 0.462500 0.481250 0.450000 0.481250
3 0.457422 0.666319 0.453125 0.647917 0.470313 0.593750 0.487500 0.600000 0.471875 0.656250 0.510938 0.681250 0.503125 0.710417 0.460938 0.685417 0.446875 0.741667 0.425000 0.731250 0.443750 0.675000 0.403125 0.650000 0.412500 0.622917
5 0.056250 0.479687 0.062500 0.506250 0.050000 0.506250 0.050000 0.450000 0.062500 0.456250
6 0.929297 0.504167 0.925000 0.556250 0.937500 0.560417 0.931250 0.450000 0.923438 0.450000
8 0.128125 0.135417 0.112500 0.150000 0.112500 0.122917 0.143750 0.118750 0.143750 0.150000
9 0.078906 0.141667 0.093750 0.156250 0.096875 0.125000 0.062500 0.125000 0.062500 0.160417
4 0.125167 0.178646 0.090625 0.166667 0.092188 0.185417 0.100000 0.193750 0.112500 0.204167 0.115625 0.216667 0.107813 0.218750 0.096875 0.218750 0.093750 0.229167 0.106250 0.231250 0.123438 0.231250 0.131250 0.237500 0.137500 0.247917 0.154688 0.250000 0.168750 0.247917 0.176563 0.231250 0.170313 0.212500 0.162500 0.197917 0.165625 0.143750 0.171875 0.135417 0.176563 0.104167 0.165625 0.093750 0.140625 0.091667 0.125000 0.087500 0.106250 0.100000 0.093750 0.112500 0.096875 0.125000 0.062500 0.125000 0.059375 0.162500
7 0.491016 0.513542 0.085938 0.102083 0.900000 0.108333 0.934375 0.945833 0.043750 0.897917
