0 0.070660 0.750231 0.062500 0.741667 0.059375 0.750000 0.059375 0.756250 0.065625 0.768750 0.078125 0.766667 0.085938 0.754167 0.081250 0.741667 0.075000 0.735417 0.068750 0.737500
2 0.410938 0.554167 0.406250 0.531250 0.400000 0.537500 0.396875 0.543750 0.395313 0.550000 0.396875 0.562500 0.400000 0.575000 0.409375 0.581250 0.421875 0.581250 0.431250 0.568750 0.431250 0.550000 0.426563 0.537500 0.415625 0.531250
3 0.506901 0.490278 0.496875 0.418750 0.496875 0.475000 0.454688 0.475000 0.456250 0.506250 0.496875 0.506250 0.500000 0.560417 0.517188 0.562500 0.517188 0.506250 0.559375 0.504167 0.559375 0.475000 0.515625 0.475000 0.512500 0.418750
6 0.926172 0.508854 0.918750 0.456250 0.929688 0.450000 0.932813 0.562500 0.923438 0.566667
5 0.062109 0.468229 0.068750 0.443750 0.057813 0.441667 0.056250 0.493750 0.065625 0.493750
1 0.111719 0.260417 0.121875 0.254167 0.112500 0.243750 0.106250 0.247917 0.100000 0.254167 0.100000 0.266667 0.109375 0.275000 0.120313 0.275000 0.123438 0.266667
8 0.294531 0.387500 0.273438 0.400000 0.293750 0.418750 0.317188 0.375000 0.293750 0.356250
9 0.261328 0.447396 0.262500 0.416667 0.239063 0.454167 0.259375 0.481250 0.284375 0.437500
4 0.303486 0.427244 0.232813 0.454167 0.259375 0.487500 0.300000 0.518750 0.312500 0.510417 0.318750 0.491667 0.317188 0.468750 0.325000 0.456250 0.337500 0.468750 0.348438 0.466667 0.353125 0.456250 0.362500 0.441667 0.360938 0.429167 0.350000 0.418750 0.340625 0.418750 0.332813 0.425000 0.318750 0.412500 0.309375 0.404167 0.325000 0.375000 0.290625 0.347917 0.287500 0.360417 0.278125 0.350000 0.259375 0.366667 0.248438 0.381250 0.223438 0.379167 0.243750 0.400000 0.254688 0.418750
7 0.493750 0.508854 0.903125 0.106250 0.093750 0.087500 0.043750 0.887500 0.934375 0.954167
