0 0.156597 0.688657 0.145313 0.681250 0.143750 0.691667 0.148438 0.706250 0.156250 0.706250 0.165625 0.700000 0.170313 0.691667 0.168750 0.679167 0.160938 0.672917 0.150000 0.668750
1 0.736979 0.346296 0.729688 0.335417 0.725000 0.341667 0.725000 0.350000 0.731250 0.360417 0.740625 0.362500 0.746875 0.356250 0.750000 0.343750 0.746875 0.335417 0.737500 0.331250
2 0.460156 0.503819 0.453125 0.485417 0.450000 0.487500 0.442188 0.493750 0.442188 0.506250 0.446875 0.525000 0.456250 0.531250 0.468750 0.531250 0.475000 0.522917 0.478125 0.506250 0.478125 0.493750 0.468750 0.481250 0.462500 0.481250
3 0.457943 0.664757 0.453125 0.643750 0.473438 0.593750 0.489063 0.606250 0.471875 0.656250 0.510938 0.681250 0.503125 0.706250 0.462500 0.681250 0.443750 0.737500 0.425000 0.729167 0.443750 0.668750 0.406250 0.647917 0.412500 0.625000
5 0.058984 0.477604 0.062500 0.500000 0.053125 0.504167 0.054688 0.450000 0.065625 0.456250
6 0.926562 0.505208 0.923438 0.560417 0.934375 0.560417 0.929688 0.450000 0.918750 0.450000
8 0.401562 0.360417 0.384375 0.385417 0.415625 0.387500 0.415625 0.337500 0.390625 0.331250
9 0.397266 0.436979 0.381250 0.462500 0.384375 0.410417 0.410938 0.412500 0.412500 0.462500
4 0.410212 0.412500 0.400000 0.497917 0.442188 0.487500 0.450000 0.475000 0.450000 0.460417 0.450000 0.447917 0.440625 0.437500 0.440625 0.422917 0.454688 0.418750 0.465625 0.416667 0.465625 0.372917 0.450000 0.368750 0.442188 0.379167 0.426563 0.379167 0.418750 0.375000 0.415625 0.331250 0.393750 0.329167 0.384375 0.368750 0.378125 0.372917 0.378125 0.356250 0.356250 0.356250 0.353125 0.385417 0.353125 0.400000 0.362500 0.412500 0.381250 0.425000 0.378125 0.443750 0.379688 0.462500 0.384375 0.475000 0.390625 0.491667
7 0.494531 0.514062 0.093750 0.104167 0.900000 0.102083 0.937500 0.952083 0.046875 0.897917
