8 0.576953 0.336979 0.579688 0.306250 0.600000 0.331250 0.575000 0.366667 0.553125 0.343750
9 0.614062 0.281250 0.590625 0.287500 0.612500 0.312500 0.637500 0.275000 0.615625 0.250000
0 0.389062 0.890885 0.398438 0.875000 0.403125 0.891667 0.400000 0.906250 0.392188 0.906250 0.381250 0.906250 0.376563 0.893750 0.376563 0.875000 0.384375 0.872917
1 0.247266 0.595833 0.256250 0.579167 0.259375 0.591667 0.259375 0.606250 0.251563 0.612500 0.240625 0.610417 0.232813 0.600000 0.234375 0.587500 0.243750 0.579167
2 0.707102 0.582008 0.721875 0.550000 0.728125 0.572917 0.728125 0.593750 0.721875 0.612500 0.714063 0.618750 0.698438 0.616667 0.684375 0.600000 0.684375 0.581250 0.689063 0.562500 0.696875 0.550000 0.710938 0.543750
3 0.382422 0.442014 0.379688 0.368750 0.398438 0.368750 0.393750 0.425000 0.439063 0.429167 0.437500 0.462500 0.393750 0.460417 0.387500 0.516667 0.368750 0.516667 0.368750 0.456250 0.325000 0.454167 0.325000 0.422917 0.371875 0.422917
4 0.593576 0.334838 0.568750 0.250000 0.617188 0.250000 0.637500 0.275000 0.643750 0.312500 0.643750 0.337500 0.631250 0.350000 0.631250 0.362500 0.620313 0.375000 0.631250 0.387500 0.612500 0.425000 0.590625 0.412500 0.595313 0.393750 0.546875 0.343750 0.534375 0.350000 0.523438 0.335417 0.543750 0.293750 0.550000 0.297917 0.562500 0.275000
5 0.050000 0.430208 0.046875 0.400000 0.057813 0.406250 0.053125 0.460417 0.042188 0.454167
6 0.958594 0.456771 0.948438 0.406250 0.959375 0.400000 0.970313 0.510417 0.956250 0.510417
7 0.502734 0.482812 0.912500 0.075000 0.987500 0.916667 0.018750 0.891667 0.092188 0.047917
