8 0.581641 0.572396 0.567187 0.543750 0.598437 0.545833 0.596875 0.602083 0.564063 0.597917
9 0.583594 0.493229 0.568750 0.466667 0.600000 0.466667 0.598437 0.520833 0.567187 0.518750
0 0.112946 0.508036 0.117188 0.491667 0.126562 0.500000 0.126562 0.514583 0.118750 0.525000 0.103125 0.525000 0.096875 0.508333 0.101562 0.491667
1 0.132589 0.549107 0.140625 0.533333 0.146875 0.545833 0.145313 0.562500 0.131250 0.568750 0.118750 0.558333 0.118750 0.541667 0.126562 0.533333
2 0.656641 0.121615 0.654687 0.087500 0.667188 0.095833 0.676562 0.118750 0.675000 0.141667 0.660937 0.156250 0.642188 0.150000 0.635938 0.122917 0.640625 0.100000
3 0.638542 0.336806 0.628125 0.264583 0.646875 0.264583 0.648438 0.318750 0.693750 0.318750 0.692187 0.352083 0.650000 0.352083 0.648438 0.408333 0.629687 0.408333 0.626563 0.354167 0.584375 0.354167 0.584375 0.325000 0.629687 0.320833
4 0.578688 0.548833 0.542188 0.470833 0.570312 0.466667 0.603125 0.464583 0.603125 0.512500 0.623437 0.520833 0.628125 0.537500 0.635938 0.543750 0.631250 0.550000 0.639062 0.552083 0.639062 0.604167 0.614062 0.606250 0.612500 0.591667 0.600000 0.587500 0.598437 0.608333 0.565625 0.597917 0.560937 0.579167 0.548438 0.579167 0.539062 0.579167 0.539062 0.593750 0.514062 0.593750 0.517188 0.539583 0.529687 0.541667 0.539062 0.518750 0.535937 0.502083 0.537500 0.479167
5 0.050391 0.429167 0.046875 0.400000 0.059375 0.406250 0.053125 0.458333 0.042188 0.452083
6 0.958594 0.455729 0.946875 0.406250 0.959375 0.397917 0.970313 0.506250 0.957812 0.512500
7 0.504297 0.481771 0.912500 0.075000 0.989062 0.914583 0.021875 0.889583 0.093750 0.047917
