8 0.592969 0.508854 0.568750 0.497917 0.592187 0.475000 0.617188 0.520833 0.593750 0.541667
9 0.554688 0.444792 0.554688 0.412500 0.578125 0.454167 0.554688 0.477083 0.531250 0.435417
0 0.122321 0.898512 0.135937 0.883333 0.137500 0.897917 0.131250 0.914583 0.117188 0.916667 0.106250 0.904167 0.107813 0.893750 0.120313 0.879167
1 0.282589 0.306250 0.296875 0.310417 0.292187 0.322917 0.278125 0.322917 0.270313 0.310417 0.270313 0.295833 0.278125 0.287500 0.292187 0.293750
2 0.408854 0.637731 0.435937 0.637500 0.425000 0.656250 0.409375 0.668750 0.390625 0.666667 0.381250 0.645833 0.385937 0.627083 0.400000 0.614583 0.417187 0.608333 0.434375 0.614583
3 0.413802 0.417187 0.403125 0.343750 0.421875 0.341667 0.421875 0.400000 0.468750 0.397917 0.468750 0.429167 0.425000 0.431250 0.426563 0.491667 0.406250 0.493750 0.403125 0.433333 0.359375 0.435417 0.357812 0.406250 0.403125 0.402083
4 0.569375 0.485500 0.509375 0.454167 0.529687 0.433333 0.537500 0.418750 0.553125 0.406250 0.576562 0.443750 0.592187 0.435417 0.607812 0.435417 0.610938 0.439583 0.621875 0.441667 0.640625 0.485417 0.623437 0.502083 0.615625 0.489583 0.607812 0.495833 0.618750 0.518750 0.595313 0.543750 0.576562 0.522917 0.559375 0.539583 0.562500 0.558333 0.545312 0.572917 0.523438 0.533333 0.534375 0.514583 0.534375 0.497917 0.537500 0.491667 0.514062 0.487500 0.506250 0.475000
5 0.030078 0.470313 0.025000 0.441667 0.037500 0.443750 0.034375 0.500000 0.023438 0.495833
6 0.942578 0.505208 0.934375 0.450000 0.946875 0.445833 0.950000 0.562500 0.939063 0.562500
7 0.487109 0.506250 0.921875 0.089583 0.943750 0.956250 0.020313 0.918750 0.062500 0.060417
