0 0.051172 0.866927 0.037500 0.860417 0.037500 0.875000 0.043750 0.881250 0.056250 0.885417 0.062500 0.875000 0.065625 0.860417 0.059375 0.847917 0.046875 0.850000
2 0.145443 0.764236 0.125000 0.747917 0.125000 0.772917 0.128125 0.787500 0.134375 0.797917 0.148438 0.797917 0.159375 0.793750 0.165625 0.781250 0.168750 0.762500 0.165625 0.743750 0.153125 0.729167 0.140625 0.725000 0.131250 0.731250
1 0.927951 0.942361 0.917188 0.931250 0.915625 0.941667 0.917188 0.950000 0.923438 0.956250 0.934375 0.960417 0.940625 0.954167 0.943750 0.937500 0.934375 0.925000 0.925000 0.925000
3 0.461198 0.400694 0.475000 0.404167 0.506250 0.368750 0.496875 0.350000 0.462500 0.381250 0.439063 0.337500 0.423438 0.350000 0.446875 0.393750 0.412500 0.431250 0.426563 0.456250 0.460938 0.418750 0.487500 0.466667 0.496875 0.450000
5 0.061328 0.469792 0.065625 0.493750 0.054688 0.493750 0.056250 0.443750 0.068750 0.447917
6 0.926562 0.508854 0.923438 0.568750 0.934375 0.562500 0.929688 0.450000 0.918750 0.454167
8 0.293750 0.387500 0.293750 0.418750 0.271875 0.400000 0.293750 0.356250 0.315625 0.375000
9 0.262109 0.448437 0.259375 0.481250 0.242188 0.456250 0.262500 0.418750 0.284375 0.437500
4 0.300994 0.432670 0.237500 0.462500 0.259375 0.491667 0.296875 0.518750 0.315625 0.510417 0.318750 0.491667 0.317188 0.472917 0.325000 0.456250 0.337500 0.468750 0.350000 0.468750 0.356250 0.454167 0.364063 0.435417 0.346875 0.418750 0.332813 0.431250 0.306250 0.404167 0.318750 0.372917 0.296875 0.350000 0.278125 0.350000 0.262500 0.362500 0.253125 0.379167 0.243750 0.393750 0.248438 0.406250 0.256250 0.418750
7 0.494922 0.514062 0.092188 0.100000 0.904687 0.110417 0.937500 0.954167 0.045312 0.891667
