1 0.153125 0.260119 0.150000 0.243750 0.159375 0.247917 0.162500 0.254167 0.162500 0.272917 0.153125 0.279167 0.143750 0.268750 0.140625 0.254167
0 0.708929 0.805060 0.706250 0.787500 0.714063 0.787500 0.720313 0.800000 0.715625 0.818750 0.709375 0.822917 0.700000 0.818750 0.696875 0.800000
3 0.582422 0.522222 0.559375 0.456250 0.568750 0.510417 0.528125 0.531250 0.534375 0.556250 0.575000 0.537500 0.589063 0.593750 0.606250 0.587500 0.596875 0.535417 0.635938 0.516667 0.631250 0.487500 0.589063 0.504167 0.575000 0.450000
5 0.067578 0.466667 0.076563 0.443750 0.062500 0.437500 0.059375 0.491667 0.071875 0.493750
6 0.932813 0.505729 0.925000 0.450000 0.937500 0.450000 0.940625 0.560417 0.928125 0.562500
2 0.070028 0.760985 0.056250 0.743750 0.062500 0.735417 0.078125 0.735417 0.092188 0.741667 0.093750 0.756250 0.093750 0.772917 0.084375 0.781250 0.068750 0.787500 0.050000 0.787500 0.043750 0.772917 0.046875 0.756250
8 0.778906 0.652604 0.773438 0.618750 0.751563 0.643750 0.784375 0.691667 0.806250 0.656250
9 0.732031 0.594792 0.759375 0.600000 0.737500 0.629167 0.706250 0.587500 0.725000 0.562500
4 0.741840 0.626003 0.760938 0.568750 0.750000 0.585417 0.725000 0.550000 0.718750 0.556250 0.704688 0.556250 0.698438 0.562500 0.671875 0.604167 0.673438 0.625000 0.684375 0.641667 0.706250 0.637500 0.715625 0.643750 0.714063 0.656250 0.703125 0.675000 0.714063 0.700000 0.729688 0.716667 0.743750 0.700000 0.737500 0.685417 0.759375 0.662500 0.784375 0.700000 0.807813 0.660417 0.787500 0.631250 0.784375 0.625000 0.796875 0.629167 0.809375 0.606250 0.800000 0.585417 0.781250 0.568750 0.767188 0.568750
7 0.780882 0.670343 0.915625 0.100000 0.931250 0.712500 0.918750 0.722917 0.893750 0.706250 0.875000 0.666667 0.837500 0.637500 0.809375 0.631250 0.800000 0.637500 0.807813 0.712500 0.839063 0.741667 0.856250 0.754167 0.875000 0.800000 0.898438 0.831250 0.928125 0.822917 0.937500 0.943750 0.048438 0.887500 0.103125 0.087500
