0 0.686133 0.917448 0.687500 0.900000 0.679688 0.904167 0.675000 0.910417 0.673438 0.918750 0.679688 0.931250 0.690625 0.937500 0.703125 0.925000 0.700000 0.912500
1 0.061632 0.878472 0.057813 0.862500 0.050000 0.868750 0.048438 0.881250 0.050000 0.893750 0.059375 0.893750 0.068750 0.893750 0.075000 0.881250 0.076563 0.868750 0.068750 0.862500
2 0.665937 0.373750 0.650000 0.360417 0.648438 0.375000 0.648438 0.393750 0.662500 0.400000 0.678125 0.400000 0.684375 0.391667 0.684375 0.366667 0.678125 0.350000 0.665625 0.350000 0.659375 0.350000
3 0.354167 0.445660 0.368750 0.450000 0.403125 0.418750 0.393750 0.397917 0.356250 0.429167 0.334375 0.381250 0.318750 0.391667 0.337500 0.437500 0.303125 0.472917 0.315625 0.493750 0.350000 0.466667 0.378125 0.510417 0.390625 0.497917
5 0.050000 0.506771 0.056250 0.481250 0.043750 0.479167 0.043750 0.531250 0.056250 0.535417
6 0.917188 0.485417 0.909375 0.431250 0.918750 0.431250 0.925000 0.537500 0.915625 0.541667
8 0.489844 0.450521 0.489063 0.485417 0.512500 0.460417 0.489063 0.418750 0.468750 0.437500
9 0.524219 0.510417 0.501563 0.500000 0.523438 0.481250 0.546875 0.516667 0.525000 0.543750
4 0.501970 0.482337 0.442188 0.493750 0.462500 0.535417 0.481250 0.525000 0.492188 0.525000 0.493750 0.531250 0.492188 0.543750 0.492188 0.568750 0.506250 0.579167 0.573438 0.481250 0.565625 0.468750 0.550000 0.462500 0.543750 0.456250 0.550000 0.443750 0.528125 0.410417 0.512500 0.425000 0.517188 0.431250 0.509375 0.443750 0.490625 0.412500 0.465625 0.437500 0.478125 0.472917 0.475000 0.479167 0.465625 0.487500 0.457813 0.479167
7 0.485547 0.516146 0.075000 0.122917 0.882812 0.091667 0.937500 0.925000 0.046875 0.925000
