0 0.071563 0.750208 0.059375 0.743750 0.059375 0.750000 0.059375 0.762500 0.065625 0.766667 0.078125 0.766667 0.085938 0.760417 0.087500 0.743750 0.081250 0.735417 0.073438 0.735417 0.065625 0.737500
1 0.192535 0.098843 0.184375 0.087500 0.179688 0.093750 0.181250 0.106250 0.187500 0.112500 0.196875 0.112500 0.203125 0.106250 0.206250 0.097917 0.200000 0.087500 0.193750 0.085417
2 0.412500 0.554861 0.403125 0.535417 0.398438 0.537500 0.393750 0.550000 0.395313 0.562500 0.400000 0.575000 0.407813 0.581250 0.421875 0.581250 0.431250 0.572917 0.434375 0.554167 0.429688 0.541667 0.421875 0.535417 0.412500 0.531250
3 0.507161 0.489583 0.496875 0.500000 0.500000 0.560417 0.518750 0.560417 0.518750 0.504167 0.559375 0.504167 0.559375 0.475000 0.515625 0.475000 0.515625 0.422917 0.496875 0.418750 0.496875 0.475000 0.453125 0.475000 0.454688 0.504167
5 0.061328 0.469792 0.065625 0.493750 0.053125 0.493750 0.057813 0.443750 0.068750 0.447917
6 0.926172 0.508854 0.923438 0.562500 0.934375 0.566667 0.928125 0.450000 0.918750 0.456250
8 0.294531 0.387500 0.271875 0.400000 0.293750 0.418750 0.315625 0.375000 0.296875 0.356250
9 0.261719 0.448958 0.262500 0.418750 0.282813 0.437500 0.262500 0.479167 0.239063 0.460417
4 0.297708 0.431944 0.246875 0.393750 0.248438 0.381250 0.256250 0.368750 0.267188 0.354167 0.281250 0.350000 0.287500 0.356250 0.296875 0.350000 0.318750 0.372917 0.306250 0.406250 0.334375 0.425000 0.345313 0.418750 0.353125 0.425000 0.360938 0.431250 0.359375 0.450000 0.353125 0.462500 0.345313 0.472917 0.335938 0.468750 0.321875 0.456250 0.317188 0.468750 0.321875 0.485417 0.317188 0.504167 0.312500 0.512500 0.301563 0.518750 0.259375 0.487500 0.253125 0.475000 0.234375 0.462500 0.242188 0.447917 0.253125 0.429167 0.256250 0.418750 0.243750 0.404167
7 0.496094 0.510938 0.907813 0.106250 0.100000 0.100000 0.043750 0.887500 0.932813 0.950000
