5 0.067187 0.467708 0.075000 0.443750 0.065625 0.441667 0.059375 0.491667 0.068750 0.493750
1 0.255357 0.261607 0.248438 0.247917 0.256250 0.243750 0.267188 0.250000 0.268750 0.272917 0.256250 0.281250 0.246875 0.275000 0.243750 0.260417
2 0.069531 0.776042 0.050000 0.766667 0.065625 0.754167 0.081250 0.750000 0.093750 0.756250 0.096875 0.772917 0.092188 0.793750 0.073438 0.800000 0.054688 0.800000 0.043750 0.791667 0.043750 0.775000
6 0.932813 0.505208 0.925000 0.450000 0.937500 0.450000 0.939063 0.560417 0.929688 0.560417
3 0.582292 0.523090 0.557813 0.456250 0.568750 0.510417 0.528125 0.531250 0.534375 0.560417 0.575000 0.537500 0.587500 0.593750 0.606250 0.593750 0.596875 0.535417 0.637500 0.516667 0.631250 0.487500 0.589063 0.504167 0.575000 0.450000
0 0.708398 0.803906 0.704688 0.787500 0.710938 0.787500 0.718750 0.793750 0.720313 0.806250 0.714063 0.822917 0.704688 0.822917 0.696875 0.810417 0.696875 0.800000
8 0.779297 0.651563 0.773438 0.618750 0.753125 0.643750 0.784375 0.687500 0.806250 0.656250
9 0.732422 0.594792 0.759375 0.600000 0.735938 0.629167 0.706250 0.587500 0.728125 0.562500
4 0.740530 0.633396 0.725000 0.550000 0.720313 0.560417 0.709375 0.554167 0.696875 0.562500 0.671875 0.606250 0.673438 0.625000 0.687500 0.641667 0.706250 0.637500 0.715625 0.643750 0.715625 0.654167 0.712500 0.662500 0.703125 0.675000 0.706250 0.691667 0.715625 0.704167 0.728125 0.712500 0.737500 0.712500 0.743750 0.700000 0.745313 0.693750 0.740625 0.681250 0.743750 0.679167 0.759375 0.662500 0.784375 0.697917 0.812500 0.656250 0.784375 0.629167 0.787500 0.625000 0.796875 0.625000 0.812500 0.606250 0.803125 0.587500 0.787500 0.575000 0.773438 0.572917 0.756250 0.575000 0.750000 0.581250 0.731250 0.560417
7 0.499609 0.507292 0.912500 0.106250 0.100000 0.091667 0.048438 0.881250 0.937500 0.950000
