8 0.640625 0.327604 0.615625 0.331250 0.631250 0.356250 0.667188 0.325000 0.648438 0.297917
9 0.591797 0.375000 0.600000 0.343750 0.617188 0.375000 0.584375 0.406250 0.565625 0.375000
0 0.088839 0.300298 0.096875 0.287500 0.103125 0.300000 0.100000 0.312500 0.087500 0.316667 0.076563 0.310417 0.073438 0.293750 0.084375 0.281250
1 0.125977 0.734375 0.140625 0.737500 0.134375 0.750000 0.118750 0.754167 0.109375 0.741667 0.112500 0.725000 0.120313 0.718750 0.131250 0.718750 0.140625 0.729167
2 0.125977 0.125521 0.146875 0.137500 0.131250 0.156250 0.109375 0.150000 0.100000 0.129167 0.106250 0.110417 0.123438 0.097917 0.140625 0.100000 0.150000 0.122917
3 0.461198 0.458681 0.456250 0.385417 0.471875 0.385417 0.471875 0.443750 0.517188 0.443750 0.517188 0.475000 0.470313 0.475000 0.470313 0.531250 0.450000 0.531250 0.450000 0.475000 0.403125 0.472917 0.406250 0.443750 0.450000 0.441667
4 0.611263 0.373177 0.646875 0.293750 0.668750 0.325000 0.637500 0.362500 0.653125 0.381250 0.659375 0.381250 0.671875 0.406250 0.640625 0.437500 0.628125 0.416667 0.626563 0.400000 0.612500 0.418750 0.620313 0.450000 0.610938 0.468750 0.596875 0.468750 0.542188 0.400000 0.543750 0.381250 0.556250 0.362500 0.575000 0.366667 0.585938 0.350000 0.575000 0.331250 0.571875 0.318750 0.600000 0.287500 0.612500 0.306250 0.612500 0.316667 0.621875 0.325000
5 0.048828 0.452604 0.043750 0.422917 0.040625 0.475000 0.053125 0.481250 0.057813 0.431250
6 0.958203 0.445312 0.946875 0.393750 0.956250 0.387500 0.970313 0.500000 0.959375 0.500000
7 0.504297 0.486979 0.912500 0.062500 0.992188 0.900000 0.021875 0.918750 0.090625 0.066667
