6 0.932813 0.504167 0.925000 0.450000 0.937500 0.447917 0.939063 0.556250 0.929688 0.562500
3 0.416771 0.329028 0.429688 0.312500 0.428125 0.266667 0.423438 0.254167 0.406250 0.260417 0.410938 0.312500 0.368750 0.318750 0.365625 0.335417 0.371875 0.350000 0.409375 0.343750 0.412500 0.391667 0.412500 0.400000 0.434375 0.397917 0.434375 0.343750 0.471875 0.337500 0.471875 0.310417
1 0.260268 0.399702 0.254688 0.387500 0.265625 0.387500 0.271875 0.391667 0.270313 0.406250 0.262500 0.412500 0.250000 0.412500 0.246875 0.400000
2 0.066667 0.757465 0.065625 0.731250 0.076563 0.731250 0.087500 0.735417 0.092188 0.747917 0.090625 0.768750 0.081250 0.779167 0.065625 0.785417 0.050000 0.781250 0.043750 0.775000 0.043750 0.762500 0.048438 0.750000 0.054688 0.741667
5 0.066406 0.466667 0.075000 0.443750 0.062500 0.437500 0.059375 0.491667 0.068750 0.493750
0 0.600000 0.158565 0.610938 0.166667 0.612500 0.154167 0.606250 0.141667 0.596875 0.141667 0.590625 0.150000 0.589063 0.156250 0.590625 0.168750 0.596875 0.175000 0.606250 0.172917
8 0.616406 0.737500 0.600000 0.706250 0.600000 0.768750 0.634375 0.768750 0.631250 0.706250
9 0.613281 0.654167 0.596875 0.629167 0.600000 0.681250 0.628125 0.681250 0.628125 0.625000
4 0.610190 0.695924 0.615625 0.610417 0.568750 0.618750 0.562500 0.635417 0.564063 0.656250 0.579688 0.675000 0.575000 0.681250 0.554688 0.691667 0.554688 0.743750 0.575000 0.747917 0.575000 0.731250 0.595313 0.729167 0.596875 0.775000 0.640625 0.772917 0.637500 0.731250 0.648438 0.731250 0.650000 0.747917 0.668750 0.743750 0.668750 0.693750 0.659375 0.681250 0.643750 0.666667 0.634375 0.662500 0.631250 0.650000 0.634375 0.629167
7 0.499219 0.505729 0.915625 0.100000 0.100000 0.087500 0.043750 0.885417 0.937500 0.950000
