0 0.597070 0.925000 0.587500 0.912500 0.584375 0.929167 0.589063 0.937500 0.596875 0.943750 0.606250 0.937500 0.609375 0.922917 0.606250 0.910417 0.596875 0.906250
1 0.523633 0.494531 0.515625 0.485417 0.512500 0.493750 0.512500 0.506250 0.521875 0.510417 0.534375 0.510417 0.534375 0.493750 0.534375 0.481250 0.523438 0.475000
2 0.363281 0.739167 0.362500 0.712500 0.371875 0.716667 0.381250 0.725000 0.384375 0.743750 0.378125 0.762500 0.365625 0.768750 0.350000 0.768750 0.343750 0.750000 0.345313 0.725000 0.350000 0.718750
3 0.545312 0.618403 0.506250 0.672917 0.543750 0.637500 0.568750 0.687500 0.585938 0.672917 0.559375 0.618750 0.593750 0.585417 0.584375 0.566667 0.548438 0.600000 0.521875 0.550000 0.506250 0.562500 0.531250 0.616667 0.493750 0.650000
5 0.060547 0.483333 0.065625 0.510417 0.053125 0.510417 0.054688 0.456250 0.068750 0.456250
6 0.925000 0.503646 0.921875 0.560417 0.931250 0.560417 0.928125 0.443750 0.918750 0.450000
8 0.132422 0.136979 0.117188 0.156250 0.115625 0.122917 0.148438 0.118750 0.148438 0.150000
9 0.082812 0.144271 0.100000 0.160417 0.100000 0.125000 0.065625 0.129167 0.065625 0.162500
4 0.130114 0.171654 0.093750 0.166667 0.093750 0.179167 0.103125 0.191667 0.109375 0.200000 0.117188 0.206250 0.117188 0.218750 0.107813 0.225000 0.096875 0.218750 0.096875 0.231250 0.107813 0.237500 0.121875 0.237500 0.129688 0.225000 0.134375 0.237500 0.153125 0.243750 0.170313 0.243750 0.178125 0.225000 0.171875 0.210417 0.165625 0.204167 0.162500 0.162500 0.165625 0.141667 0.178125 0.135417 0.179688 0.118750 0.178125 0.106250 0.171875 0.097917 0.156250 0.093750 0.143750 0.097917 0.131250 0.093750 0.118750 0.097917 0.107813 0.100000 0.100000 0.110417 0.100000 0.118750 0.065625 0.125000 0.065625 0.162500
7 0.493359 0.516146 0.092188 0.108333 0.901563 0.102083 0.932813 0.952083 0.046875 0.902083
