0 0.074023 0.847656 0.059375 0.841667 0.062500 0.856250 0.068750 0.862500 0.078125 0.860417 0.084375 0.854167 0.085938 0.841667 0.081250 0.835417 0.071875 0.829167
1 0.619792 0.393056 0.612500 0.385417 0.606250 0.387500 0.610938 0.400000 0.615625 0.406250 0.625000 0.406250 0.631250 0.400000 0.631250 0.391667 0.626563 0.379167 0.618750 0.381250
2 0.356611 0.902885 0.337500 0.887500 0.334375 0.893750 0.337500 0.906250 0.340625 0.922917 0.350000 0.931250 0.360938 0.937500 0.375000 0.931250 0.384375 0.925000 0.381250 0.904167 0.378125 0.881250 0.365625 0.875000 0.350000 0.868750 0.340625 0.872917
3 0.612891 0.616319 0.557813 0.618750 0.600000 0.606250 0.589063 0.550000 0.606250 0.543750 0.620313 0.600000 0.662500 0.587500 0.668750 0.612500 0.625000 0.625000 0.637500 0.685417 0.618750 0.687500 0.606250 0.631250 0.562500 0.647917
5 0.050000 0.505729 0.056250 0.531250 0.043750 0.531250 0.043750 0.479167 0.056250 0.481250
6 0.917188 0.483854 0.915625 0.537500 0.925000 0.537500 0.918750 0.429167 0.909375 0.431250
8 0.821484 0.423958 0.798438 0.406250 0.803125 0.443750 0.843750 0.441667 0.840625 0.404167
9 0.760156 0.435417 0.737500 0.418750 0.778125 0.412500 0.782813 0.450000 0.742188 0.460417
4 0.773153 0.444413 0.709375 0.441667 0.709375 0.456250 0.714063 0.497917 0.721875 0.506250 0.742188 0.506250 0.753125 0.491667 0.776563 0.479167 0.781250 0.518750 0.821875 0.510417 0.818750 0.487500 0.814063 0.475000 0.809375 0.450000 0.846875 0.443750 0.843750 0.404167 0.806250 0.404167 0.803125 0.362500 0.787500 0.362500 0.768750 0.366667 0.760938 0.368750 0.760938 0.406250 0.734375 0.412500 0.725000 0.425000
7 0.484766 0.518750 0.071875 0.127083 0.879687 0.089583 0.939063 0.927083 0.048438 0.931250
