8 0.600781 0.400521 0.589063 0.372917 0.626563 0.393750 0.612500 0.429167 0.575000 0.406250
9 0.548047 0.362500 0.537500 0.331250 0.573438 0.360417 0.557813 0.391667 0.523438 0.366667
0 0.389258 0.892448 0.400000 0.879167 0.403125 0.893750 0.400000 0.906250 0.390625 0.906250 0.379688 0.906250 0.376563 0.893750 0.376563 0.881250 0.387500 0.872917
1 0.246652 0.594643 0.259375 0.593750 0.256250 0.606250 0.243750 0.610417 0.234375 0.604167 0.234375 0.587500 0.242188 0.579167 0.256250 0.581250
2 0.673438 0.120313 0.684375 0.091667 0.690625 0.112500 0.690625 0.137500 0.682813 0.147917 0.667188 0.150000 0.653125 0.131250 0.653125 0.106250 0.665625 0.085417
3 0.382552 0.442708 0.379688 0.368750 0.396875 0.368750 0.393750 0.422917 0.439063 0.431250 0.437500 0.462500 0.393750 0.460417 0.387500 0.518750 0.368750 0.518750 0.371875 0.456250 0.325000 0.456250 0.325000 0.425000 0.371875 0.422917
4 0.571094 0.413352 0.506250 0.435417 0.523438 0.366667 0.537500 0.329167 0.571875 0.350000 0.579688 0.337500 0.589063 0.335417 0.604688 0.337500 0.631250 0.362500 0.626563 0.385417 0.628125 0.393750 0.615625 0.431250 0.590625 0.422917 0.581250 0.447917 0.579688 0.460417 0.589063 0.472917 0.575000 0.497917 0.543750 0.479167 0.543750 0.466667 0.553125 0.443750 0.548438 0.437500 0.532813 0.450000 0.512500 0.450000
5 0.050391 0.429167 0.046875 0.400000 0.057813 0.406250 0.054688 0.456250 0.042188 0.454167
6 0.958594 0.455729 0.948438 0.406250 0.959375 0.400000 0.970313 0.506250 0.956250 0.510417
7 0.503516 0.482812 0.912500 0.075000 0.985938 0.918750 0.021875 0.887500 0.093750 0.050000
