8 0.723437 0.586979 0.715625 0.554167 0.746875 0.566667 0.731250 0.622917 0.700000 0.604167
9 0.703516 0.665104 0.693750 0.631250 0.725000 0.643750 0.714063 0.700000 0.681250 0.685417
0 0.574107 0.154762 0.584375 0.143750 0.585938 0.156250 0.579688 0.168750 0.568750 0.168750 0.564063 0.160417 0.564063 0.147917 0.571875 0.137500
1 0.247098 0.592262 0.259375 0.581250 0.259375 0.593750 0.256250 0.606250 0.242188 0.610417 0.234375 0.597917 0.234375 0.581250 0.243750 0.575000
2 0.656250 0.121991 0.671875 0.100000 0.675000 0.122917 0.673438 0.143750 0.659375 0.156250 0.648438 0.150000 0.637500 0.135417 0.637500 0.110417 0.643750 0.091667 0.659375 0.087500
3 0.382812 0.441319 0.378125 0.368750 0.398438 0.368750 0.395313 0.425000 0.442188 0.429167 0.439063 0.456250 0.393750 0.456250 0.387500 0.516667 0.368750 0.516667 0.368750 0.456250 0.325000 0.454167 0.325000 0.425000 0.371875 0.422917
4 0.703875 0.632000 0.650000 0.550000 0.673438 0.562500 0.673438 0.572917 0.700000 0.585417 0.714063 0.550000 0.751563 0.562500 0.745313 0.600000 0.762500 0.604167 0.765625 0.635417 0.753125 0.656250 0.746875 0.660417 0.742188 0.662500 0.731250 0.656250 0.720313 0.662500 0.721875 0.666667 0.731250 0.675000 0.735938 0.700000 0.728125 0.718750 0.646875 0.700000 0.637500 0.679167 0.642188 0.656250 0.662500 0.643750 0.662500 0.629167 0.662500 0.610417 0.635938 0.600000
5 0.050000 0.430208 0.046875 0.400000 0.057813 0.406250 0.053125 0.460417 0.042188 0.454167
6 0.958203 0.455208 0.946875 0.406250 0.959375 0.397917 0.970313 0.506250 0.956250 0.510417
7 0.503516 0.479167 0.912500 0.068750 0.987500 0.912500 0.021875 0.891667 0.092188 0.043750
