5 0.066406 0.467187 0.075000 0.443750 0.062500 0.437500 0.059375 0.493750 0.068750 0.493750
6 0.932422 0.506250 0.925000 0.454167 0.934375 0.447917 0.939063 0.560417 0.931250 0.562500
0 0.616840 0.463889 0.610938 0.450000 0.617188 0.450000 0.625000 0.450000 0.628125 0.462500 0.626563 0.472917 0.620313 0.479167 0.612500 0.481250 0.606250 0.468750 0.604688 0.460417
1 0.533984 0.328906 0.528125 0.318750 0.534375 0.316667 0.543750 0.318750 0.543750 0.329167 0.542188 0.341667 0.532813 0.343750 0.523438 0.337500 0.523438 0.325000
2 0.527865 0.202257 0.515625 0.181250 0.512500 0.191667 0.512500 0.206250 0.515625 0.216667 0.518750 0.229167 0.528125 0.231250 0.537500 0.231250 0.546875 0.222917 0.548438 0.200000 0.543750 0.179167 0.532813 0.168750 0.521875 0.168750
3 0.389583 0.591840 0.368750 0.522917 0.393750 0.572917 0.429688 0.541667 0.440625 0.562500 0.403125 0.593750 0.428125 0.643750 0.410938 0.662500 0.384375 0.610417 0.350000 0.643750 0.337500 0.622917 0.375000 0.587500 0.353125 0.537500
8 0.234766 0.246875 0.225000 0.218750 0.217188 0.268750 0.243750 0.275000 0.253125 0.225000
9 0.221875 0.319792 0.212500 0.291667 0.240625 0.300000 0.231250 0.350000 0.203125 0.337500
4 0.255420 0.300326 0.225000 0.381250 0.284375 0.387500 0.290625 0.372917 0.290625 0.350000 0.278125 0.331250 0.281250 0.325000 0.278125 0.312500 0.284375 0.318750 0.301563 0.322917 0.306250 0.322917 0.309375 0.310417 0.314063 0.293750 0.312500 0.281250 0.306250 0.275000 0.296875 0.268750 0.290625 0.268750 0.284375 0.281250 0.254688 0.268750 0.250000 0.262500 0.256250 0.218750 0.221875 0.210417 0.218750 0.243750 0.210938 0.241667 0.201563 0.254167 0.196875 0.266667 0.193750 0.281250 0.196875 0.293750 0.200000 0.304167 0.206250 0.306250 0.196875 0.341667 0.217188 0.350000 0.217188 0.362500
7 0.500000 0.505729 0.912500 0.100000 0.937500 0.950000 0.046875 0.885417 0.103125 0.087500
