8 0.955469 0.876563 0.937500 0.845833 0.968750 0.845833 0.973437 0.906250 0.942187 0.908333
9 0.944922 0.785417 0.926562 0.756250 0.956250 0.754167 0.964063 0.814583 0.932813 0.816667
0 0.089258 0.299219 0.100000 0.289583 0.101562 0.300000 0.100000 0.314583 0.089063 0.316667 0.078125 0.310417 0.076563 0.300000 0.078125 0.283333 0.090625 0.279167
1 0.126367 0.735677 0.142187 0.737500 0.137500 0.750000 0.126562 0.754167 0.114062 0.750000 0.110937 0.733333 0.115625 0.722917 0.125000 0.716667 0.139063 0.720833
2 0.375937 0.834167 0.396875 0.816667 0.396875 0.837500 0.393750 0.858333 0.389062 0.872917 0.370312 0.877083 0.357812 0.856250 0.350000 0.825000 0.353125 0.804167 0.364063 0.795833 0.387500 0.797917
3 0.461458 0.458333 0.453125 0.385417 0.471875 0.385417 0.471875 0.441667 0.517188 0.443750 0.517188 0.475000 0.471875 0.472917 0.470313 0.533333 0.450000 0.533333 0.450000 0.475000 0.406250 0.470833 0.406250 0.441667 0.451562 0.441667
4 0.923322 0.831559 0.967187 0.800000 0.982812 0.806250 0.984375 0.820833 0.990625 0.825000 0.990625 0.845833 0.985938 0.870833 0.985938 0.875000 0.978125 0.883333 0.975000 0.885417 0.973437 0.910417 0.942187 0.908333 0.935937 0.870833 0.912500 0.864583 0.887500 0.860417 0.881250 0.881250 0.854688 0.879167 0.846875 0.827083 0.854688 0.820833 0.878125 0.820833 0.875000 0.810417 0.853125 0.804167 0.842187 0.783333 0.842187 0.758333 0.850000 0.758333 0.934375 0.739583 0.959375 0.752083 0.965625 0.789583
5 0.049609 0.454688 0.046875 0.425000 0.057813 0.429167 0.053125 0.485417 0.040625 0.479167
6 0.958984 0.445312 0.946875 0.393750 0.959375 0.387500 0.970313 0.497917 0.959375 0.502083
7 0.504297 0.486458 0.912500 0.062500 0.990625 0.900000 0.021875 0.916667 0.092188 0.066667
