8 0.512500 0.247396 0.489063 0.258333 0.512500 0.281250 0.535937 0.235417 0.512500 0.214583
9 0.475781 0.308854 0.476562 0.279167 0.498437 0.297917 0.476562 0.341667 0.451562 0.316667
0 0.089844 0.299306 0.100000 0.287500 0.104688 0.304167 0.095312 0.314583 0.078125 0.312500 0.075000 0.293750 0.085938 0.283333
1 0.125670 0.735417 0.140625 0.741667 0.131250 0.752083 0.117188 0.752083 0.109375 0.735417 0.115625 0.722917 0.126562 0.718750 0.139063 0.725000
2 0.098264 0.119676 0.114062 0.091667 0.120313 0.118750 0.117188 0.137500 0.104688 0.152083 0.087500 0.152083 0.076563 0.133333 0.078125 0.110417 0.085938 0.095833 0.100000 0.085417
3 0.461849 0.459028 0.454688 0.385417 0.471875 0.383333 0.471875 0.441667 0.517188 0.443750 0.517188 0.475000 0.471875 0.477083 0.470313 0.533333 0.451562 0.535417 0.450000 0.475000 0.406250 0.472917 0.406250 0.443750 0.453125 0.441667
4 0.504074 0.303348 0.437500 0.354167 0.506250 0.400000 0.518750 0.389583 0.521875 0.368750 0.515625 0.350000 0.517188 0.335417 0.525000 0.341667 0.534375 0.356250 0.537500 0.356250 0.559375 0.322917 0.560937 0.312500 0.546875 0.295833 0.539062 0.300000 0.531250 0.289583 0.526563 0.275000 0.521875 0.270833 0.539062 0.231250 0.514062 0.214583 0.493750 0.245833 0.489063 0.245833 0.484375 0.239583 0.471875 0.227083 0.450000 0.264583 0.454688 0.272917 0.462500 0.289583 0.465625 0.291667 0.451562 0.316667 0.437500 0.335417
5 0.049609 0.454167 0.046875 0.422917 0.056250 0.431250 0.054688 0.483333 0.040625 0.479167
6 0.959375 0.448437 0.948438 0.397917 0.959375 0.391667 0.970313 0.500000 0.959375 0.504167
7 0.504297 0.487500 0.912500 0.062500 0.992188 0.906250 0.021875 0.916667 0.090625 0.064583
