0 0.557292 0.256713 0.546875 0.250000 0.543750 0.262500 0.550000 0.268750 0.559375 0.272917 0.565625 0.268750 0.568750 0.260417 0.568750 0.243750 0.559375 0.241667 0.553125 0.241667
1 0.930035 0.941435 0.915625 0.931250 0.917188 0.943750 0.923438 0.956250 0.932813 0.960417 0.940625 0.956250 0.943750 0.943750 0.939063 0.931250 0.934375 0.925000 0.923438 0.925000
2 0.413411 0.555729 0.395313 0.543750 0.392188 0.556250 0.396875 0.572917 0.406250 0.581250 0.418750 0.585417 0.428125 0.575000 0.434375 0.566667 0.434375 0.550000 0.428125 0.537500 0.418750 0.531250 0.407813 0.531250 0.400000 0.537500
3 0.461589 0.399653 0.425000 0.450000 0.412500 0.429167 0.446875 0.393750 0.423438 0.347917 0.439063 0.337500 0.465625 0.381250 0.496875 0.350000 0.506250 0.368750 0.475000 0.400000 0.500000 0.450000 0.487500 0.462500 0.460938 0.425000
5 0.061328 0.470313 0.065625 0.493750 0.054688 0.497917 0.056250 0.441667 0.068750 0.447917
6 0.927344 0.508854 0.925000 0.562500 0.934375 0.566667 0.931250 0.450000 0.918750 0.456250
8 0.294141 0.387500 0.273438 0.400000 0.293750 0.418750 0.315625 0.375000 0.293750 0.356250
9 0.262500 0.449479 0.239063 0.460417 0.262500 0.481250 0.282813 0.437500 0.265625 0.418750
4 0.298845 0.427083 0.234375 0.462500 0.262500 0.487500 0.300000 0.518750 0.312500 0.512500 0.318750 0.493750 0.318750 0.462500 0.329688 0.460417 0.340625 0.468750 0.362500 0.450000 0.360938 0.435417 0.350000 0.418750 0.334375 0.429167 0.318750 0.412500 0.304688 0.406250 0.321875 0.368750 0.296875 0.350000 0.278125 0.350000 0.267188 0.356250 0.259375 0.366667 0.248438 0.381250 0.243750 0.400000 0.253125 0.412500 0.256250 0.418750
7 0.500000 0.510938 0.050000 0.887500 0.945312 0.958333 0.906250 0.104167 0.098437 0.093750
