0 0.711111 0.922685 0.703125 0.906250 0.698438 0.912500 0.700000 0.925000 0.703125 0.937500 0.710938 0.941667 0.721875 0.937500 0.725000 0.925000 0.721875 0.912500 0.715625 0.906250
1 0.085000 0.663125 0.078125 0.650000 0.075000 0.654167 0.071875 0.662500 0.073438 0.668750 0.078125 0.681250 0.089063 0.679167 0.096875 0.675000 0.100000 0.662500 0.096875 0.654167 0.090625 0.643750
2 0.440312 0.380625 0.443750 0.356250 0.450000 0.362500 0.456250 0.372917 0.457813 0.387500 0.453125 0.404167 0.440625 0.406250 0.426563 0.400000 0.423438 0.391667 0.421875 0.368750 0.429688 0.356250
3 0.430729 0.521354 0.443750 0.525000 0.475000 0.485417 0.462500 0.466667 0.431250 0.504167 0.403125 0.460417 0.390625 0.475000 0.415625 0.518750 0.384375 0.560417 0.400000 0.575000 0.431250 0.537500 0.459375 0.581250 0.471875 0.566667
5 0.066016 0.487500 0.071875 0.512500 0.059375 0.512500 0.059375 0.462500 0.073438 0.462500
6 0.932422 0.501563 0.923438 0.450000 0.934375 0.443750 0.940625 0.556250 0.931250 0.556250
8 0.583984 0.158854 0.559375 0.150000 0.581250 0.125000 0.606250 0.168750 0.589063 0.191667
9 0.620313 0.215104 0.596875 0.206250 0.618750 0.187500 0.643750 0.222917 0.621875 0.243750
4 0.586932 0.213920 0.531250 0.231250 0.534375 0.243750 0.543750 0.262500 0.554688 0.268750 0.568750 0.260417 0.584375 0.260417 0.581250 0.275000 0.584375 0.291667 0.606250 0.306250 0.659375 0.210417 0.650000 0.193750 0.637500 0.191667 0.631250 0.185417 0.637500 0.166667 0.617188 0.137500 0.603125 0.147917 0.581250 0.125000 0.556250 0.150000 0.575000 0.181250 0.568750 0.191667 0.557813 0.212500 0.548438 0.212500
7 0.500781 0.519271 0.092188 0.114583 0.906250 0.108333 0.946875 0.943750 0.057813 0.910417
