2 0.068638 0.757143 0.046875 0.754167 0.050000 0.743750 0.057813 0.737500 0.062500 0.735417 0.075000 0.731250 0.085938 0.735417 0.092188 0.741667 0.093750 0.750000 0.092188 0.768750 0.084375 0.779167 0.075000 0.785417 0.059375 0.787500 0.043750 0.781250 0.042188 0.768750
1 0.069792 0.642130 0.062500 0.656250 0.071875 0.656250 0.078125 0.654167 0.081250 0.643750 0.081250 0.635417 0.075000 0.625000 0.062500 0.625000 0.057813 0.635417 0.057813 0.647917
3 0.416346 0.327885 0.410938 0.343750 0.371875 0.343750 0.368750 0.335417 0.368750 0.316667 0.410938 0.312500 0.407813 0.260417 0.426563 0.254167 0.429688 0.306250 0.470313 0.312500 0.471875 0.341667 0.431250 0.343750 0.431250 0.393750 0.412500 0.397917
5 0.067187 0.466667 0.075000 0.443750 0.062500 0.437500 0.059375 0.491667 0.071875 0.493750
6 0.932031 0.505208 0.925000 0.450000 0.934375 0.447917 0.939063 0.560417 0.929688 0.562500
0 0.257812 0.375926 0.259375 0.362500 0.262500 0.362500 0.270313 0.368750 0.270313 0.381250 0.262500 0.391667 0.253125 0.393750 0.246875 0.381250 0.246875 0.375000 0.248438 0.366667
8 0.234766 0.246875 0.225000 0.218750 0.218750 0.268750 0.243750 0.275000 0.251563 0.225000
9 0.222656 0.319792 0.212500 0.287500 0.206250 0.341667 0.231250 0.350000 0.240625 0.300000
4 0.253299 0.304630 0.200000 0.343750 0.218750 0.350000 0.218750 0.368750 0.228125 0.381250 0.281250 0.387500 0.290625 0.375000 0.290625 0.354167 0.278125 0.337500 0.281250 0.322917 0.287500 0.318750 0.298438 0.325000 0.306250 0.322917 0.312500 0.306250 0.314063 0.287500 0.309375 0.275000 0.290625 0.268750 0.282813 0.281250 0.250000 0.262500 0.256250 0.218750 0.223438 0.212500 0.218750 0.243750 0.207813 0.243750 0.196875 0.260417 0.193750 0.275000 0.193750 0.291667 0.201563 0.300000 0.207813 0.310417
7 0.499219 0.506771 0.934375 0.950000 0.915625 0.100000 0.100000 0.091667 0.046875 0.885417
