0 0.120508 0.577083 0.107813 0.575000 0.107813 0.587500 0.117188 0.593750 0.129688 0.587500 0.134375 0.579167 0.131250 0.568750 0.123438 0.562500 0.112500 0.562500
2 0.347159 0.501894 0.329688 0.500000 0.329688 0.510417 0.334375 0.518750 0.345313 0.529167 0.356250 0.525000 0.368750 0.516667 0.367188 0.500000 0.362500 0.481250 0.350000 0.479167 0.340625 0.479167 0.334375 0.481250
3 0.545833 0.619097 0.506250 0.568750 0.532813 0.612500 0.496875 0.650000 0.506250 0.675000 0.543750 0.637500 0.571875 0.685417 0.585938 0.672917 0.559375 0.618750 0.590625 0.587500 0.584375 0.566667 0.548438 0.600000 0.523438 0.554167
5 0.058984 0.497396 0.065625 0.522917 0.050000 0.522917 0.054688 0.468750 0.065625 0.475000
6 0.926172 0.497396 0.923438 0.554167 0.934375 0.554167 0.928125 0.437500 0.918750 0.443750
1 0.101302 0.196528 0.092188 0.191667 0.103125 0.187500 0.106250 0.193750 0.109375 0.200000 0.103125 0.206250 0.093750 0.200000
8 0.131641 0.136979 0.115625 0.156250 0.115625 0.122917 0.146875 0.118750 0.148438 0.150000
9 0.082031 0.143229 0.096875 0.156250 0.100000 0.125000 0.065625 0.129167 0.065625 0.162500
4 0.130599 0.173611 0.093750 0.225000 0.100000 0.231250 0.107813 0.237500 0.120313 0.235417 0.125000 0.225000 0.131250 0.237500 0.140625 0.243750 0.159375 0.243750 0.171875 0.241667 0.175000 0.218750 0.165625 0.210417 0.165625 0.143750 0.179688 0.137500 0.181250 0.137500 0.181250 0.110417 0.150000 0.097917 0.137500 0.097917 0.117188 0.097917 0.106250 0.104167 0.103125 0.116667 0.100000 0.122917 0.065625 0.125000 0.065625 0.162500 0.090625 0.162500
7 0.491406 0.518229 0.089063 0.116667 0.901563 0.104167 0.932813 0.937500 0.042188 0.914583
