8 0.885547 0.682813 0.862500 0.660417 0.860938 0.697917 0.909375 0.706250 0.909375 0.666667
9 0.819922 0.674479 0.798438 0.650000 0.796875 0.693750 0.840625 0.697917 0.843750 0.656250
0 0.237054 0.705357 0.251563 0.697917 0.250000 0.710417 0.243750 0.722917 0.228125 0.718750 0.221875 0.706250 0.225000 0.693750 0.239063 0.687500
1 0.069643 0.181548 0.081250 0.175000 0.081250 0.187500 0.076563 0.197917 0.062500 0.193750 0.056250 0.185417 0.057813 0.168750 0.071875 0.162500
2 0.074375 0.694792 0.078125 0.662500 0.093750 0.679167 0.100000 0.697917 0.100000 0.718750 0.087500 0.731250 0.071875 0.729167 0.050000 0.710417 0.043750 0.687500 0.053125 0.668750 0.065625 0.662500
3 0.484505 0.586111 0.506250 0.516667 0.525000 0.531250 0.500000 0.581250 0.537500 0.618750 0.525000 0.641667 0.487500 0.606250 0.460938 0.656250 0.443750 0.641667 0.468750 0.587500 0.434375 0.554167 0.443750 0.531250 0.481250 0.566667
4 0.829688 0.671314 0.753125 0.675000 0.762500 0.662500 0.773438 0.647917 0.792188 0.643750 0.800000 0.631250 0.814063 0.629167 0.821875 0.631250 0.825000 0.625000 0.825000 0.591667 0.871875 0.593750 0.871875 0.618750 0.867188 0.631250 0.871875 0.647917 0.875000 0.660417 0.909375 0.662500 0.909375 0.712500 0.867188 0.704167 0.867188 0.718750 0.865625 0.729167 0.862500 0.756250 0.815625 0.747917 0.818750 0.718750 0.812500 0.710417 0.787500 0.700000 0.778125 0.706250 0.753125 0.697917
5 0.030078 0.469271 0.025000 0.441667 0.037500 0.443750 0.034375 0.497917 0.023438 0.493750
6 0.942578 0.504687 0.934375 0.450000 0.946875 0.443750 0.950000 0.562500 0.939063 0.562500
7 0.486719 0.503646 0.923438 0.085417 0.943750 0.956250 0.017188 0.916667 0.062500 0.056250
