6 0.933203 0.502604 0.925000 0.450000 0.937500 0.443750 0.940625 0.556250 0.929688 0.560417
1 0.781250 0.163802 0.793750 0.156250 0.784375 0.150000 0.776563 0.150000 0.771875 0.156250 0.771875 0.168750 0.775000 0.179167 0.784375 0.181250 0.792188 0.168750
0 0.610547 0.131250 0.625000 0.137500 0.621875 0.118750 0.612500 0.116667 0.606250 0.118750 0.600000 0.129167 0.600000 0.137500 0.606250 0.143750 0.612500 0.147917
3 0.420443 0.326389 0.425000 0.254167 0.428125 0.310417 0.471875 0.310417 0.471875 0.335417 0.431250 0.343750 0.431250 0.391667 0.415625 0.400000 0.410938 0.343750 0.371875 0.343750 0.368750 0.316667 0.410938 0.312500 0.407813 0.254167
2 0.099375 0.411667 0.076563 0.406250 0.081250 0.397917 0.093750 0.387500 0.109375 0.387500 0.121875 0.397917 0.125000 0.412500 0.121875 0.431250 0.103125 0.437500 0.085938 0.435417 0.075000 0.422917
5 0.067578 0.466667 0.076563 0.443750 0.065625 0.437500 0.059375 0.491667 0.068750 0.493750
8 0.234766 0.246875 0.225000 0.218750 0.217188 0.268750 0.243750 0.275000 0.253125 0.225000
9 0.222266 0.320833 0.212500 0.291667 0.203125 0.341667 0.232813 0.350000 0.240625 0.300000
4 0.255746 0.303495 0.218750 0.366667 0.228125 0.381250 0.281250 0.387500 0.290625 0.375000 0.290625 0.350000 0.278125 0.337500 0.278125 0.322917 0.275000 0.310417 0.281250 0.310417 0.284375 0.318750 0.293750 0.322917 0.303125 0.325000 0.309375 0.312500 0.312500 0.297917 0.312500 0.281250 0.309375 0.275000 0.290625 0.268750 0.282813 0.281250 0.253125 0.268750 0.251563 0.254167 0.256250 0.218750 0.218750 0.212500 0.217188 0.243750 0.206250 0.243750 0.196875 0.262500 0.193750 0.279167 0.193750 0.293750 0.200000 0.306250 0.206250 0.306250 0.196875 0.343750 0.217188 0.350000
7 0.500000 0.505729 0.915625 0.100000 0.100000 0.087500 0.046875 0.885417 0.937500 0.950000
