0 0.059766 0.745052 0.065625 0.731250 0.059375 0.731250 0.050000 0.735417 0.046875 0.743750 0.050000 0.756250 0.059375 0.762500 0.071875 0.756250 0.075000 0.743750
1 0.065820 0.871875 0.078125 0.856250 0.065625 0.856250 0.056250 0.862500 0.054688 0.868750 0.054688 0.881250 0.062500 0.887500 0.073438 0.887500 0.081250 0.875000
2 0.421719 0.653542 0.403125 0.637500 0.410938 0.629167 0.428125 0.622917 0.440625 0.637500 0.443750 0.654167 0.437500 0.668750 0.428125 0.679167 0.415625 0.679167 0.406250 0.672917 0.403125 0.654167
3 0.431250 0.521181 0.400000 0.579167 0.431250 0.543750 0.459375 0.579167 0.475000 0.568750 0.443750 0.522917 0.475000 0.485417 0.462500 0.462500 0.431250 0.504167 0.403125 0.460417 0.393750 0.475000 0.415625 0.516667 0.384375 0.556250
5 0.058984 0.495833 0.062500 0.522917 0.054688 0.518750 0.053125 0.468750 0.065625 0.472917
6 0.926172 0.497396 0.917188 0.443750 0.928125 0.441667 0.934375 0.550000 0.925000 0.554167
8 0.513281 0.350521 0.493750 0.372917 0.521875 0.381250 0.531250 0.329167 0.506250 0.318750
9 0.499609 0.425000 0.478125 0.447917 0.490625 0.393750 0.518750 0.404167 0.510938 0.454167
4 0.503329 0.388859 0.460938 0.456250 0.553125 0.468750 0.559375 0.450000 0.550000 0.429167 0.557813 0.418750 0.568750 0.372917 0.550000 0.368750 0.546875 0.381250 0.526563 0.372917 0.534375 0.325000 0.506250 0.316667 0.493750 0.354167 0.484375 0.354167 0.484375 0.343750 0.462500 0.337500 0.459375 0.360417 0.456250 0.372917 0.459375 0.387500 0.468750 0.400000 0.484375 0.406250 0.481250 0.412500 0.468750 0.418750 0.459375 0.435417
7 0.492188 0.517708 0.089063 0.114583 0.903125 0.100000 0.932813 0.945833 0.043750 0.910417
