8 0.715234 0.345313 0.693750 0.331250 0.717187 0.312500 0.737500 0.360417 0.712500 0.377083
9 0.745703 0.415625 0.721875 0.402083 0.746875 0.383333 0.770312 0.429167 0.743750 0.447917
0 0.097768 0.295536 0.107813 0.283333 0.112500 0.300000 0.104688 0.312500 0.092188 0.310417 0.082812 0.300000 0.085938 0.283333 0.098437 0.279167
2 0.125977 0.735417 0.140625 0.743750 0.129688 0.752083 0.115625 0.752083 0.112500 0.739583 0.112500 0.727083 0.121875 0.718750 0.134375 0.718750 0.140625 0.731250
2 0.376215 0.831019 0.396875 0.818750 0.396875 0.847917 0.385937 0.875000 0.365625 0.872917 0.354687 0.847917 0.351562 0.814583 0.360938 0.797917 0.379688 0.795833 0.393750 0.808333
3 0.461979 0.458333 0.453125 0.385417 0.471875 0.385417 0.473438 0.441667 0.520312 0.443750 0.518750 0.472917 0.471875 0.475000 0.470313 0.533333 0.450000 0.533333 0.450000 0.472917 0.406250 0.472917 0.406250 0.441667 0.451562 0.441667
4 0.714807 0.395238 0.759375 0.400000 0.771875 0.408333 0.775000 0.429167 0.712500 0.495833 0.693750 0.489583 0.687500 0.464583 0.695312 0.441667 0.684375 0.429167 0.657813 0.439583 0.639062 0.408333 0.654687 0.387500 0.670312 0.395833 0.700000 0.364583 0.690625 0.329167 0.714063 0.308333 0.728125 0.327083 0.739062 0.325000 0.751563 0.337500 0.764062 0.356250 0.765625 0.377083 0.756250 0.385417
5 0.049609 0.453646 0.046875 0.422917 0.057813 0.429167 0.053125 0.483333 0.040625 0.479167
6 0.958203 0.446354 0.946875 0.395833 0.957812 0.389583 0.970313 0.497917 0.957812 0.502083
7 0.503906 0.487500 0.912500 0.062500 0.990625 0.902083 0.021875 0.918750 0.090625 0.066667
