0 0.710938 0.921250 0.725000 0.912500 0.718750 0.906250 0.706250 0.900000 0.700000 0.906250 0.698438 0.916667 0.698438 0.929167 0.703125 0.937500 0.712500 0.937500 0.721875 0.937500 0.725000 0.929167
1 0.084961 0.660156 0.096875 0.662500 0.093750 0.650000 0.092188 0.647917 0.084375 0.647917 0.075000 0.650000 0.073438 0.662500 0.076563 0.679167 0.087500 0.681250
2 0.524219 0.515000 0.512500 0.497917 0.506250 0.506250 0.506250 0.518750 0.512500 0.535417 0.523438 0.541667 0.534375 0.537500 0.543750 0.525000 0.543750 0.506250 0.534375 0.493750 0.525000 0.487500
3 0.430729 0.519965 0.446875 0.522917 0.475000 0.481250 0.462500 0.462500 0.431250 0.500000 0.400000 0.462500 0.390625 0.475000 0.415625 0.516667 0.384375 0.556250 0.398438 0.579167 0.429688 0.537500 0.460938 0.579167 0.473438 0.566667
5 0.066406 0.489583 0.071875 0.512500 0.059375 0.516667 0.059375 0.460417 0.075000 0.468750
6 0.932422 0.501042 0.925000 0.447917 0.934375 0.443750 0.940625 0.556250 0.929688 0.556250
8 0.562891 0.213542 0.537500 0.210417 0.554688 0.237500 0.585938 0.218750 0.573438 0.187500
9 0.611719 0.180208 0.589063 0.175000 0.600000 0.206250 0.635938 0.185417 0.621875 0.154167
4 0.587934 0.240162 0.528125 0.200000 0.534375 0.218750 0.542188 0.231250 0.554688 0.247917 0.571875 0.266667 0.573438 0.287500 0.568750 0.297917 0.578125 0.316667 0.609375 0.297917 0.603125 0.272917 0.612500 0.260417 0.628125 0.266667 0.640625 0.256250 0.643750 0.243750 0.637500 0.187500 0.621875 0.147917 0.584375 0.154167 0.550000 0.168750
7 0.498828 0.519271 0.089063 0.114583 0.901563 0.106250 0.946875 0.945833 0.057813 0.910417
