0 0.467383 0.360677 0.459375 0.354167 0.456250 0.362500 0.460938 0.368750 0.465625 0.375000 0.475000 0.368750 0.481250 0.362500 0.475000 0.350000 0.465625 0.343750
1 0.552031 0.472292 0.540625 0.462500 0.537500 0.475000 0.542188 0.481250 0.546875 0.487500 0.556250 0.487500 0.562500 0.481250 0.565625 0.472917 0.562500 0.462500 0.556250 0.456250 0.550000 0.456250
2 0.413021 0.555556 0.431250 0.575000 0.431250 0.560417 0.431250 0.550000 0.431250 0.543750 0.426563 0.535417 0.418750 0.531250 0.412500 0.531250 0.403125 0.535417 0.396875 0.537500 0.392188 0.550000 0.393750 0.562500 0.396875 0.572917 0.400000 0.581250 0.410938 0.585417 0.418750 0.581250
3 0.461979 0.400694 0.426563 0.450000 0.415625 0.431250 0.446875 0.393750 0.425000 0.350000 0.437500 0.337500 0.462500 0.381250 0.496875 0.350000 0.510938 0.368750 0.475000 0.404167 0.500000 0.450000 0.484375 0.468750 0.462500 0.422917
5 0.060937 0.473438 0.065625 0.500000 0.053125 0.497917 0.056250 0.447917 0.068750 0.447917
6 0.928125 0.507812 0.925000 0.562500 0.921875 0.456250 0.931250 0.450000 0.934375 0.562500
8 0.293359 0.388542 0.273438 0.400000 0.290625 0.418750 0.315625 0.379167 0.293750 0.356250
9 0.260937 0.448437 0.239063 0.456250 0.262500 0.418750 0.282813 0.437500 0.259375 0.481250
4 0.300586 0.432031 0.234375 0.462500 0.256250 0.487500 0.298438 0.516667 0.314063 0.512500 0.318750 0.497917 0.318750 0.479167 0.321875 0.462500 0.332813 0.466667 0.340625 0.475000 0.356250 0.456250 0.362500 0.443750 0.360938 0.429167 0.350000 0.418750 0.334375 0.429167 0.306250 0.404167 0.318750 0.375000 0.293750 0.350000 0.275000 0.350000 0.267188 0.360417 0.256250 0.368750 0.243750 0.387500 0.243750 0.400000 0.253125 0.416667 0.256250 0.418750
7 0.496875 0.509896 0.093750 0.097917 0.906250 0.106250 0.937500 0.950000 0.050000 0.885417
