0 0.157639 0.609954 0.146875 0.618750 0.150000 0.625000 0.162500 0.625000 0.170313 0.618750 0.171875 0.606250 0.165625 0.600000 0.156250 0.593750 0.150000 0.597917 0.145313 0.604167
1 0.622070 0.160677 0.617188 0.147917 0.612500 0.154167 0.610938 0.162500 0.612500 0.172917 0.625000 0.175000 0.634375 0.172917 0.635938 0.156250 0.628125 0.143750
2 0.460653 0.508523 0.443750 0.493750 0.440625 0.506250 0.442188 0.518750 0.450000 0.531250 0.459375 0.531250 0.473438 0.531250 0.478125 0.518750 0.481250 0.506250 0.475000 0.493750 0.468750 0.481250 0.454688 0.481250
3 0.457682 0.666146 0.453125 0.650000 0.471875 0.593750 0.487500 0.604167 0.471875 0.656250 0.510938 0.681250 0.506250 0.706250 0.462500 0.685417 0.443750 0.737500 0.425000 0.731250 0.443750 0.672917 0.403125 0.650000 0.412500 0.625000
5 0.060156 0.480208 0.065625 0.506250 0.053125 0.504167 0.056250 0.454167 0.065625 0.456250
6 0.926562 0.505208 0.923438 0.560417 0.934375 0.562500 0.929688 0.447917 0.918750 0.450000
8 0.131250 0.136979 0.115625 0.156250 0.115625 0.122917 0.146875 0.118750 0.146875 0.150000
9 0.081250 0.144792 0.096875 0.160417 0.096875 0.125000 0.065625 0.131250 0.065625 0.162500
4 0.123384 0.179167 0.092188 0.166667 0.093750 0.181250 0.100000 0.185417 0.106250 0.197917 0.117188 0.206250 0.118750 0.212500 0.112500 0.222917 0.104688 0.222917 0.093750 0.218750 0.096875 0.229167 0.100000 0.235417 0.117188 0.237500 0.129688 0.225000 0.134375 0.237500 0.153125 0.247917 0.171875 0.243750 0.175000 0.218750 0.165625 0.206250 0.165625 0.141667 0.178125 0.131250 0.179688 0.106250 0.165625 0.093750 0.140625 0.097917 0.125000 0.097917 0.109375 0.097917 0.100000 0.112500 0.100000 0.125000 0.065625 0.129167 0.065625 0.166667
7 0.494531 0.515104 0.085938 0.104167 0.904687 0.106250 0.937500 0.952083 0.050000 0.897917
