0 0.656250 0.326389 0.659375 0.312500 0.667188 0.318750 0.668750 0.325000 0.665625 0.337500 0.657813 0.343750 0.648438 0.337500 0.643750 0.331250 0.646875 0.318750 0.648438 0.312500
2 0.068389 0.758173 0.043750 0.762500 0.050000 0.747917 0.054688 0.743750 0.062500 0.735417 0.075000 0.731250 0.089063 0.731250 0.093750 0.741667 0.093750 0.756250 0.089063 0.772917 0.078125 0.781250 0.062500 0.787500 0.053125 0.785417 0.043750 0.779167
1 0.069336 0.640885 0.059375 0.654167 0.071875 0.656250 0.078125 0.650000 0.081250 0.637500 0.078125 0.629167 0.068750 0.625000 0.059375 0.631250 0.057813 0.643750
5 0.066797 0.466667 0.076563 0.443750 0.062500 0.437500 0.059375 0.493750 0.068750 0.491667
6 0.933203 0.505729 0.925000 0.454167 0.937500 0.450000 0.940625 0.556250 0.929688 0.562500
3 0.419583 0.333472 0.426563 0.260417 0.407813 0.260417 0.409375 0.312500 0.367188 0.318750 0.368750 0.341667 0.371875 0.350000 0.410938 0.343750 0.412500 0.391667 0.412500 0.400000 0.434375 0.400000 0.431250 0.343750 0.471875 0.337500 0.473438 0.318750 0.465625 0.310417 0.429688 0.312500
8 0.234766 0.246875 0.225000 0.218750 0.217188 0.268750 0.243750 0.275000 0.253125 0.225000
9 0.222266 0.320833 0.212500 0.291667 0.203125 0.341667 0.232813 0.350000 0.240625 0.300000
4 0.254632 0.303423 0.196875 0.343750 0.218750 0.350000 0.218750 0.366667 0.228125 0.381250 0.278125 0.387500 0.290625 0.372917 0.290625 0.350000 0.281250 0.335417 0.282813 0.325000 0.284375 0.318750 0.293750 0.322917 0.306250 0.325000 0.312500 0.306250 0.314063 0.291667 0.312500 0.281250 0.304688 0.272917 0.287500 0.268750 0.284375 0.281250 0.250000 0.262500 0.256250 0.218750 0.223438 0.212500 0.218750 0.243750 0.207813 0.243750 0.196875 0.254167 0.193750 0.275000 0.193750 0.293750 0.196875 0.300000 0.206250 0.310417
7 0.500000 0.506771 0.915625 0.100000 0.103125 0.091667 0.046875 0.885417 0.934375 0.950000
