8 0.663281 0.637500 0.662500 0.602083 0.689063 0.625000 0.665625 0.672917 0.635938 0.650000
9 0.627344 0.707812 0.626563 0.670833 0.653125 0.695833 0.628125 0.745833 0.601562 0.718750
0 0.089063 0.299405 0.101562 0.293750 0.101562 0.308333 0.092188 0.316667 0.078125 0.312500 0.075000 0.295833 0.081250 0.285417 0.093750 0.283333
1 0.128320 0.734115 0.140625 0.727083 0.140625 0.739583 0.134375 0.752083 0.121875 0.752083 0.110937 0.743750 0.114062 0.725000 0.128125 0.714583 0.135937 0.718750
2 0.375521 0.833333 0.392188 0.806250 0.396875 0.827083 0.395313 0.854167 0.387500 0.870833 0.370312 0.872917 0.354687 0.850000 0.350000 0.822917 0.356250 0.802083 0.376563 0.793750
3 0.461979 0.458854 0.454688 0.385417 0.473438 0.385417 0.471875 0.443750 0.515625 0.443750 0.517188 0.472917 0.471875 0.475000 0.470313 0.531250 0.453125 0.533333 0.451562 0.475000 0.406250 0.472917 0.406250 0.443750 0.451562 0.443750
4 0.636907 0.681825 0.670312 0.662500 0.678125 0.668750 0.684375 0.658333 0.704688 0.672917 0.685937 0.716667 0.676562 0.712500 0.670312 0.720833 0.657813 0.714583 0.651563 0.716667 0.659375 0.731250 0.657813 0.760417 0.643750 0.770833 0.637500 0.764583 0.625000 0.743750 0.640625 0.766667 0.573438 0.725000 0.570312 0.704167 0.579688 0.681250 0.600000 0.672917 0.596875 0.656250 0.596875 0.643750 0.589063 0.631250 0.581250 0.627083 0.600000 0.583333 0.621875 0.595833 0.617188 0.610417 0.643750 0.631250 0.664062 0.602083 0.692187 0.627083
5 0.049609 0.453125 0.046875 0.422917 0.057813 0.429167 0.053125 0.483333 0.040625 0.477083
6 0.958984 0.446354 0.948438 0.395833 0.959375 0.389583 0.970313 0.497917 0.957812 0.502083
7 0.503906 0.488021 0.912500 0.062500 0.990625 0.904167 0.021875 0.918750 0.090625 0.066667
