2 0.068750 0.756818 0.059375 0.737500 0.071875 0.731250 0.081250 0.731250 0.092188 0.741667 0.093750 0.754167 0.090625 0.772917 0.076563 0.781250 0.053125 0.787500 0.043750 0.775000 0.043750 0.762500 0.050000 0.750000
3 0.412240 0.338021 0.387500 0.272917 0.400000 0.325000 0.360938 0.343750 0.367188 0.375000 0.406250 0.356250 0.415625 0.410417 0.437500 0.400000 0.428125 0.350000 0.462500 0.335417 0.459375 0.304167 0.415625 0.316667 0.406250 0.266667
0 0.277778 0.120833 0.268750 0.125000 0.271875 0.131250 0.278125 0.137500 0.285938 0.135417 0.290625 0.118750 0.287500 0.106250 0.278125 0.106250 0.270313 0.110417 0.268750 0.116667
1 0.318056 0.227083 0.317188 0.210417 0.321875 0.212500 0.325000 0.218750 0.329688 0.229167 0.325000 0.241667 0.318750 0.243750 0.309375 0.241667 0.306250 0.229167 0.309375 0.216667
6 0.932031 0.505208 0.925000 0.450000 0.934375 0.447917 0.939063 0.560417 0.929688 0.562500
5 0.066406 0.467187 0.075000 0.443750 0.062500 0.437500 0.059375 0.493750 0.068750 0.493750
8 0.778125 0.652604 0.771875 0.618750 0.751563 0.647917 0.784375 0.687500 0.804688 0.656250
9 0.731250 0.593750 0.725000 0.562500 0.706250 0.587500 0.737500 0.625000 0.756250 0.600000
4 0.741272 0.631106 0.718750 0.556250 0.709375 0.554167 0.696875 0.562500 0.671875 0.606250 0.673438 0.622917 0.684375 0.641667 0.709375 0.637500 0.715625 0.650000 0.714063 0.662500 0.706250 0.675000 0.703125 0.681250 0.714063 0.700000 0.729688 0.716667 0.737500 0.712500 0.745313 0.693750 0.737500 0.681250 0.756250 0.662500 0.784375 0.693750 0.809375 0.656250 0.787500 0.629167 0.787500 0.625000 0.796875 0.625000 0.809375 0.606250 0.803125 0.591667 0.787500 0.575000 0.773438 0.572917 0.762500 0.575000 0.746875 0.581250 0.725000 0.554167
7 0.500000 0.505208 0.915625 0.100000 0.103125 0.087500 0.046875 0.885417 0.934375 0.947917
