8 0.322656 0.429167 0.334375 0.404167 0.306250 0.406250 0.309375 0.456250 0.340625 0.450000
3 0.495443 0.585243 0.446875 0.556250 0.481250 0.587500 0.457813 0.637500 0.473438 0.650000 0.496875 0.606250 0.534375 0.637500 0.546875 0.616667 0.509375 0.581250 0.532813 0.531250 0.517188 0.518750 0.492188 0.568750 0.456250 0.531250
2 0.412109 0.555729 0.407813 0.531250 0.418750 0.531250 0.429688 0.547917 0.428125 0.575000 0.415625 0.581250 0.400000 0.575000 0.398438 0.560417 0.398438 0.543750
1 0.370052 0.543403 0.368750 0.531250 0.378125 0.535417 0.379688 0.550000 0.371875 0.556250 0.359375 0.550000 0.362500 0.537500
0 0.182812 0.680060 0.181250 0.666667 0.192188 0.668750 0.193750 0.681250 0.190625 0.693750 0.178125 0.693750 0.171875 0.681250 0.171875 0.675000
6 0.932031 0.501042 0.925000 0.447917 0.934375 0.443750 0.940625 0.556250 0.928125 0.556250
5 0.067187 0.467187 0.075000 0.443750 0.062500 0.437500 0.059375 0.493750 0.071875 0.493750
9 0.314063 0.359375 0.296875 0.337500 0.303125 0.387500 0.331250 0.381250 0.325000 0.331250
4 0.331706 0.409983 0.334375 0.343750 0.325000 0.325000 0.290625 0.331250 0.296875 0.356250 0.290625 0.372917 0.293750 0.393750 0.282813 0.400000 0.284375 0.425000 0.284375 0.447917 0.287500 0.468750 0.290625 0.481250 0.314063 0.472917 0.314063 0.462500 0.335938 0.460417 0.360938 0.443750 0.368750 0.441667 0.379688 0.454167 0.396875 0.443750 0.396875 0.422917 0.387500 0.400000 0.375000 0.400000 0.368750 0.381250 0.356250 0.368750 0.345313 0.341667
7 0.498437 0.505729 0.912500 0.100000 0.103125 0.087500 0.043750 0.885417 0.934375 0.950000
