0 0.571733 0.481250 0.565625 0.468750 0.564063 0.472917 0.559375 0.479167 0.562500 0.487500 0.564063 0.493750 0.568750 0.500000 0.581250 0.493750 0.584375 0.487500 0.584375 0.475000 0.579688 0.468750 0.575000 0.466667
1 0.281424 0.304630 0.271875 0.297917 0.271875 0.306250 0.273438 0.316667 0.278125 0.318750 0.290625 0.322917 0.293750 0.310417 0.290625 0.293750 0.284375 0.287500 0.278125 0.287500
2 0.062500 0.716827 0.050000 0.687500 0.046875 0.700000 0.042188 0.712500 0.042188 0.731250 0.046875 0.743750 0.059375 0.756250 0.071875 0.754167 0.081250 0.743750 0.085938 0.725000 0.081250 0.704167 0.076563 0.693750 0.068750 0.681250 0.059375 0.685417
3 0.353646 0.445139 0.368750 0.454167 0.403125 0.418750 0.393750 0.397917 0.356250 0.425000 0.332813 0.381250 0.318750 0.393750 0.337500 0.437500 0.304688 0.468750 0.315625 0.491667 0.350000 0.462500 0.375000 0.510417 0.387500 0.500000
5 0.050000 0.505729 0.056250 0.531250 0.043750 0.531250 0.043750 0.479167 0.056250 0.481250
6 0.917188 0.487500 0.907813 0.431250 0.918750 0.431250 0.925000 0.543750 0.917188 0.543750
8 0.394922 0.266146 0.381250 0.293750 0.410938 0.291667 0.407813 0.237500 0.379688 0.241667
9 0.396094 0.342187 0.381250 0.316667 0.409375 0.316667 0.412500 0.366667 0.381250 0.368750
4 0.401065 0.315530 0.350000 0.325000 0.346875 0.300000 0.348438 0.279167 0.378125 0.279167 0.378125 0.237500 0.409375 0.237500 0.415625 0.275000 0.434375 0.281250 0.437500 0.275000 0.454688 0.275000 0.457813 0.300000 0.457813 0.325000 0.459375 0.337500 0.465625 0.356250 0.462500 0.362500 0.365625 0.387500 0.360938 0.375000 0.362500 0.362500 0.368750 0.354167 0.378125 0.343750 0.375000 0.335417 0.356250 0.337500
7 0.485938 0.518750 0.071875 0.125000 0.884375 0.095833 0.939063 0.927083 0.048438 0.927083
