8 0.848828 0.717708 0.820312 0.716667 0.839063 0.683333 0.876563 0.720833 0.859375 0.750000
9 0.795703 0.664583 0.787500 0.631250 0.821875 0.666667 0.803125 0.697917 0.770312 0.662500
0 0.394643 0.442560 0.403125 0.429167 0.406250 0.441667 0.403125 0.456250 0.393750 0.458333 0.382812 0.450000 0.382812 0.435417 0.390625 0.427083
1 0.061161 0.147321 0.067187 0.133333 0.073438 0.143750 0.073438 0.158333 0.062500 0.164583 0.050000 0.158333 0.046875 0.141667 0.054688 0.131250
2 0.708333 0.594444 0.712500 0.566667 0.729688 0.579167 0.735938 0.602083 0.729688 0.618750 0.714063 0.625000 0.690625 0.618750 0.678125 0.595833 0.685937 0.575000 0.698438 0.568750
3 0.413932 0.417014 0.403125 0.343750 0.421875 0.341667 0.423438 0.400000 0.468750 0.400000 0.470313 0.429167 0.423438 0.431250 0.425000 0.491667 0.406250 0.491667 0.404687 0.433333 0.359375 0.433333 0.357812 0.406250 0.403125 0.402083
4 0.800130 0.683333 0.723437 0.664583 0.743750 0.622917 0.759375 0.614583 0.778125 0.616667 0.782813 0.633333 0.787500 0.629167 0.810937 0.647917 0.818750 0.633333 0.829688 0.620833 0.868750 0.647917 0.860938 0.672917 0.851562 0.677083 0.853125 0.691667 0.878125 0.720833 0.860938 0.752083 0.823438 0.727083 0.809375 0.745833 0.806250 0.756250 0.793750 0.777083 0.759375 0.743750 0.775000 0.716667 0.762500 0.702083 0.740625 0.700000 0.725000 0.685417
5 0.030469 0.470313 0.025000 0.441667 0.037500 0.445833 0.035937 0.497917 0.023438 0.495833
6 0.942187 0.505208 0.934375 0.450000 0.946875 0.447917 0.950000 0.560417 0.937500 0.562500
7 0.485938 0.504687 0.921875 0.085417 0.943750 0.958333 0.017188 0.916667 0.060937 0.058333
