0 0.071406 0.857708 0.059375 0.847917 0.057813 0.850000 0.059375 0.866667 0.065625 0.872917 0.075000 0.875000 0.081250 0.868750 0.084375 0.860417 0.084375 0.850000 0.078125 0.843750 0.068750 0.841667
1 0.422852 0.531771 0.412500 0.525000 0.412500 0.535417 0.415625 0.550000 0.431250 0.547917 0.434375 0.535417 0.431250 0.522917 0.426563 0.518750 0.418750 0.518750
2 0.398125 0.401875 0.398438 0.375000 0.410938 0.381250 0.421875 0.391667 0.425000 0.406250 0.415625 0.425000 0.400000 0.429167 0.381250 0.429167 0.375000 0.412500 0.371875 0.393750 0.381250 0.375000
3 0.507422 0.524653 0.454688 0.522917 0.496875 0.510417 0.492188 0.456250 0.509375 0.454167 0.512500 0.506250 0.557813 0.506250 0.559375 0.525000 0.518750 0.537500 0.523438 0.591667 0.506250 0.597917 0.500000 0.537500 0.457813 0.550000
5 0.050391 0.504687 0.056250 0.531250 0.043750 0.531250 0.043750 0.475000 0.057813 0.481250
6 0.917188 0.484896 0.915625 0.541667 0.925000 0.537500 0.918750 0.429167 0.909375 0.431250
8 0.821094 0.424479 0.800000 0.443750 0.798438 0.412500 0.839063 0.404167 0.846875 0.437500
9 0.760156 0.435417 0.737500 0.418750 0.778125 0.412500 0.782813 0.450000 0.742188 0.460417
4 0.774875 0.454000 0.706250 0.450000 0.710938 0.437500 0.721875 0.425000 0.735938 0.418750 0.762500 0.406250 0.762500 0.375000 0.781250 0.362500 0.800000 0.360417 0.804688 0.379167 0.806250 0.400000 0.840625 0.400000 0.853125 0.443750 0.806250 0.450000 0.814063 0.479167 0.821875 0.497917 0.818750 0.510417 0.804688 0.518750 0.787500 0.518750 0.778125 0.516667 0.775000 0.493750 0.756250 0.487500 0.750000 0.504167 0.735938 0.510417 0.721875 0.506250 0.715625 0.497917
7 0.486719 0.514583 0.070312 0.122917 0.885938 0.087500 0.940625 0.920833 0.050000 0.927083
