8 0.616016 0.647396 0.614062 0.612500 0.640625 0.633333 0.618750 0.683333 0.590625 0.660417
9 0.647266 0.577083 0.625000 0.589583 0.650000 0.610417 0.670312 0.564583 0.643750 0.543750
0 0.111328 0.507552 0.109375 0.527083 0.100000 0.518750 0.096875 0.506250 0.101562 0.493750 0.112500 0.489583 0.121875 0.493750 0.126562 0.508333 0.121875 0.522917
1 0.132366 0.551190 0.137500 0.533333 0.145313 0.543750 0.145313 0.558333 0.134375 0.568750 0.123438 0.564583 0.117188 0.552083 0.123438 0.537500
2 0.656424 0.121296 0.657813 0.085417 0.670312 0.097917 0.676562 0.120833 0.673438 0.141667 0.665625 0.154167 0.646875 0.154167 0.637500 0.135417 0.637500 0.108333 0.642188 0.093750
3 0.637760 0.336979 0.628125 0.266667 0.648438 0.264583 0.648438 0.318750 0.693750 0.318750 0.690625 0.354167 0.650000 0.352083 0.646875 0.410417 0.628125 0.410417 0.626563 0.352083 0.582812 0.354167 0.582812 0.322917 0.626563 0.318750
4 0.622230 0.627178 0.621875 0.531250 0.643750 0.537500 0.673438 0.564583 0.657813 0.614583 0.671875 0.627083 0.671875 0.635417 0.673438 0.664583 0.673438 0.683333 0.653125 0.714583 0.634375 0.700000 0.637500 0.683333 0.625000 0.672917 0.617188 0.685417 0.592187 0.662500 0.596875 0.645833 0.578125 0.629167 0.565625 0.639583 0.550000 0.625000 0.567187 0.581250 0.585938 0.587500 0.595313 0.575000 0.603125 0.537500
5 0.050391 0.430729 0.046875 0.400000 0.057813 0.408333 0.054688 0.460417 0.042188 0.454167
6 0.958594 0.455729 0.948438 0.404167 0.959375 0.397917 0.968750 0.508333 0.957812 0.512500
7 0.504297 0.480208 0.914062 0.070833 0.987500 0.912500 0.021875 0.891667 0.093750 0.045833
