0 0.664931 0.709722 0.665625 0.693750 0.659375 0.693750 0.653125 0.704167 0.653125 0.712500 0.656250 0.722917 0.668750 0.725000 0.675000 0.722917 0.678125 0.712500 0.675000 0.700000
1 0.487500 0.606667 0.478125 0.597917 0.475000 0.604167 0.478125 0.612500 0.481250 0.618750 0.492188 0.625000 0.496875 0.618750 0.500000 0.606250 0.496875 0.597917 0.492188 0.591667 0.484375 0.593750
2 0.064583 0.716944 0.050000 0.691667 0.046875 0.704167 0.043750 0.716667 0.046875 0.731250 0.050000 0.741667 0.057813 0.743750 0.065625 0.750000 0.075000 0.747917 0.081250 0.743750 0.087500 0.731250 0.089063 0.710417 0.081250 0.693750 0.075000 0.685417 0.062500 0.681250 0.056250 0.681250
5 0.049219 0.506771 0.054688 0.535417 0.042188 0.531250 0.043750 0.479167 0.056250 0.481250
6 0.917188 0.484896 0.917188 0.541667 0.909375 0.431250 0.917188 0.429167 0.925000 0.537500
3 0.354036 0.445139 0.368750 0.450000 0.403125 0.418750 0.393750 0.397917 0.356250 0.425000 0.334375 0.381250 0.318750 0.393750 0.340625 0.437500 0.303125 0.468750 0.314063 0.491667 0.350000 0.466667 0.375000 0.510417 0.390625 0.500000
8 0.395313 0.264583 0.381250 0.291667 0.409375 0.291667 0.409375 0.237500 0.381250 0.237500
9 0.396484 0.341146 0.381250 0.316667 0.410938 0.316667 0.412500 0.362500 0.381250 0.368750
4 0.396181 0.320486 0.412500 0.275000 0.456250 0.275000 0.459375 0.310417 0.454688 0.329167 0.468750 0.362500 0.460938 0.362500 0.365625 0.387500 0.362500 0.381250 0.360938 0.368750 0.368750 0.350000 0.375000 0.343750 0.368750 0.335417 0.356250 0.331250 0.348438 0.325000 0.346875 0.275000 0.375000 0.281250 0.378125 0.237500 0.412500 0.237500
7 0.484766 0.515104 0.070312 0.122917 0.881250 0.089583 0.940625 0.920833 0.046875 0.927083
