5 0.066016 0.467708 0.073438 0.443750 0.062500 0.441667 0.059375 0.491667 0.068750 0.493750
6 0.933203 0.501042 0.925000 0.447917 0.937500 0.443750 0.939063 0.556250 0.931250 0.556250
1 0.536979 0.456597 0.532813 0.443750 0.540625 0.443750 0.546875 0.454167 0.543750 0.468750 0.531250 0.472917 0.526563 0.456250
3 0.494661 0.586111 0.517188 0.518750 0.531250 0.531250 0.509375 0.581250 0.542188 0.616667 0.532813 0.637500 0.496875 0.606250 0.470313 0.654167 0.456250 0.637500 0.481250 0.587500 0.446875 0.556250 0.457813 0.537500 0.493750 0.568750
2 0.412326 0.554398 0.407813 0.531250 0.415625 0.531250 0.426563 0.537500 0.431250 0.556250 0.425000 0.579167 0.412500 0.581250 0.398438 0.572917 0.395313 0.556250 0.398438 0.543750
0 0.160491 0.815774 0.156250 0.800000 0.168750 0.800000 0.171875 0.812500 0.168750 0.829167 0.159375 0.831250 0.150000 0.825000 0.148438 0.812500
8 0.315625 0.436458 0.318750 0.406250 0.290625 0.443750 0.312500 0.466667 0.340625 0.429167
9 0.352734 0.378646 0.353125 0.347917 0.332813 0.387500 0.350000 0.410417 0.375000 0.368750
4 0.348503 0.426649 0.398438 0.375000 0.353125 0.337500 0.348438 0.350000 0.340625 0.350000 0.334375 0.368750 0.325000 0.381250 0.317188 0.368750 0.290625 0.404167 0.287500 0.422917 0.293750 0.431250 0.285938 0.450000 0.309375 0.475000 0.332813 0.447917 0.343750 0.462500 0.356250 0.472917 0.353125 0.493750 0.368750 0.506250 0.384375 0.497917 0.390625 0.481250 0.392188 0.466667 0.376563 0.454167 0.381250 0.425000 0.396875 0.418750 0.403125 0.397917
7 0.500000 0.506250 0.915625 0.100000 0.103125 0.087500 0.043750 0.887500 0.937500 0.950000
