2 0.066193 0.758144 0.043750 0.756250 0.050000 0.743750 0.059375 0.737500 0.071875 0.731250 0.085938 0.731250 0.093750 0.747917 0.090625 0.766667 0.078125 0.781250 0.062500 0.787500 0.050000 0.781250 0.042188 0.775000
1 0.748633 0.676042 0.756250 0.662500 0.760938 0.672917 0.759375 0.681250 0.753125 0.687500 0.743750 0.691667 0.735938 0.681250 0.737500 0.668750 0.742188 0.662500
0 0.540451 0.712500 0.543750 0.700000 0.550000 0.700000 0.550000 0.710417 0.550000 0.722917 0.543750 0.731250 0.531250 0.725000 0.528125 0.716667 0.532813 0.706250 0.534375 0.700000
3 0.393229 0.606944 0.384375 0.625000 0.387500 0.681250 0.410938 0.679167 0.406250 0.618750 0.450000 0.612500 0.443750 0.581250 0.400000 0.587500 0.396875 0.531250 0.376563 0.537500 0.381250 0.593750 0.337500 0.604167 0.343750 0.631250
5 0.067578 0.466667 0.076563 0.443750 0.062500 0.437500 0.059375 0.491667 0.071875 0.493750
6 0.932813 0.504687 0.925000 0.450000 0.937500 0.450000 0.939063 0.556250 0.929688 0.562500
8 0.615625 0.739583 0.600000 0.710417 0.600000 0.768750 0.631250 0.768750 0.631250 0.710417
9 0.613281 0.655208 0.596875 0.629167 0.600000 0.681250 0.628125 0.681250 0.628125 0.629167
4 0.613822 0.693910 0.612500 0.610417 0.568750 0.618750 0.562500 0.631250 0.564063 0.656250 0.581250 0.675000 0.573438 0.681250 0.554688 0.691667 0.554688 0.743750 0.575000 0.747917 0.575000 0.731250 0.595313 0.731250 0.596875 0.775000 0.637500 0.775000 0.634375 0.731250 0.640625 0.725000 0.648438 0.729167 0.648438 0.743750 0.668750 0.743750 0.671875 0.712500 0.668750 0.693750 0.662500 0.679167 0.642188 0.662500 0.631250 0.662500 0.631250 0.647917 0.634375 0.629167 0.625000 0.612500
7 0.498437 0.504167 0.912500 0.100000 0.100000 0.087500 0.046875 0.881250 0.934375 0.947917
