8 0.702344 0.427604 0.684375 0.400000 0.715625 0.400000 0.720313 0.454167 0.689063 0.456250
9 0.696094 0.350000 0.679688 0.325000 0.709375 0.325000 0.712500 0.375000 0.682813 0.375000
0 0.389258 0.891146 0.400000 0.879167 0.403125 0.893750 0.398438 0.906250 0.384375 0.910417 0.376563 0.904167 0.376563 0.887500 0.381250 0.875000 0.393750 0.872917
1 0.247070 0.593490 0.259375 0.587500 0.259375 0.600000 0.251563 0.612500 0.242188 0.610417 0.234375 0.600000 0.234375 0.587500 0.242188 0.575000 0.253125 0.575000
2 0.591319 0.230324 0.593750 0.200000 0.604688 0.212500 0.610938 0.231250 0.609375 0.250000 0.596875 0.262500 0.581250 0.262500 0.571875 0.237500 0.573438 0.216667 0.579688 0.200000
3 0.382812 0.440972 0.378125 0.366667 0.396875 0.368750 0.393750 0.425000 0.440625 0.431250 0.440625 0.460417 0.393750 0.456250 0.387500 0.516667 0.368750 0.516667 0.371875 0.456250 0.325000 0.450000 0.325000 0.418750 0.371875 0.425000
4 0.688932 0.411024 0.621875 0.375000 0.678125 0.322917 0.712500 0.322917 0.714063 0.350000 0.721875 0.360417 0.725000 0.368750 0.731250 0.379167 0.740625 0.387500 0.743750 0.406250 0.746875 0.416667 0.750000 0.429167 0.746875 0.466667 0.725000 0.466667 0.715625 0.460417 0.687500 0.456250 0.673438 0.450000 0.657813 0.454167 0.651563 0.472917 0.626563 0.468750 0.626563 0.418750 0.642188 0.418750 0.643750 0.412500 0.631250 0.406250 0.620313 0.393750
5 0.050391 0.429688 0.046875 0.400000 0.057813 0.406250 0.054688 0.456250 0.042188 0.456250
6 0.958594 0.456771 0.948438 0.406250 0.959375 0.400000 0.970313 0.510417 0.956250 0.510417
7 0.504687 0.481250 0.912500 0.075000 0.987500 0.912500 0.021875 0.887500 0.096875 0.050000
