8 0.475781 0.189583 0.454688 0.172917 0.496875 0.172917 0.496875 0.206250 0.454688 0.206250
9 0.532813 0.189062 0.512500 0.175000 0.553125 0.168750 0.553125 0.206250 0.512500 0.206250
0 0.389955 0.892857 0.400000 0.875000 0.403125 0.891667 0.400000 0.906250 0.390625 0.910417 0.376563 0.906250 0.375000 0.887500 0.384375 0.872917
1 0.249414 0.590625 0.262500 0.593750 0.256250 0.604167 0.248438 0.606250 0.239063 0.604167 0.234375 0.585417 0.240625 0.575000 0.254688 0.575000 0.259375 0.581250
2 0.708507 0.586343 0.728125 0.566667 0.728125 0.587500 0.725000 0.606250 0.715625 0.618750 0.700000 0.618750 0.684375 0.604167 0.687500 0.575000 0.693750 0.556250 0.714063 0.543750
3 0.382812 0.442188 0.378125 0.368750 0.398438 0.368750 0.395313 0.425000 0.440625 0.431250 0.437500 0.462500 0.393750 0.460417 0.387500 0.518750 0.368750 0.518750 0.368750 0.456250 0.328125 0.450000 0.325000 0.422917 0.371875 0.422917
4 0.502853 0.225000 0.453125 0.168750 0.462500 0.168750 0.465625 0.160417 0.485938 0.150000 0.503125 0.150000 0.512500 0.150000 0.517188 0.166667 0.556250 0.168750 0.554688 0.210417 0.525000 0.210417 0.550000 0.206250 0.559375 0.272917 0.548438 0.281250 0.531250 0.281250 0.518750 0.266667 0.503125 0.279167 0.503125 0.306250 0.478125 0.312500 0.462500 0.304167 0.465625 0.275000 0.475000 0.268750 0.481250 0.210417 0.453125 0.206250
5 0.051172 0.430729 0.046875 0.400000 0.059375 0.406250 0.054688 0.460417 0.043750 0.456250
6 0.958203 0.455729 0.948438 0.406250 0.959375 0.400000 0.968750 0.506250 0.956250 0.510417
7 0.504297 0.481771 0.912500 0.075000 0.987500 0.912500 0.023438 0.891667 0.093750 0.047917
