0 0.685312 0.918542 0.682813 0.900000 0.678125 0.906250 0.673438 0.912500 0.673438 0.922917 0.675000 0.931250 0.684375 0.937500 0.693750 0.937500 0.700000 0.922917 0.698438 0.910417 0.693750 0.904167
1 0.073125 0.278125 0.068750 0.266667 0.062500 0.268750 0.062500 0.275000 0.062500 0.285417 0.065625 0.291667 0.073438 0.293750 0.085938 0.291667 0.087500 0.279167 0.084375 0.266667 0.078125 0.262500
2 0.846307 0.822159 0.825000 0.806250 0.825000 0.818750 0.828125 0.835417 0.835938 0.843750 0.850000 0.850000 0.862500 0.847917 0.870313 0.837500 0.870313 0.818750 0.860938 0.800000 0.846875 0.793750 0.834375 0.791667
3 0.484115 0.469792 0.496875 0.475000 0.534375 0.447917 0.523438 0.422917 0.487500 0.450000 0.465625 0.404167 0.450000 0.416667 0.470313 0.462500 0.434375 0.493750 0.443750 0.516667 0.481250 0.487500 0.503125 0.535417 0.518750 0.525000
5 0.048047 0.505729 0.053125 0.531250 0.042188 0.531250 0.042188 0.479167 0.054688 0.481250
6 0.914844 0.484896 0.912500 0.537500 0.923438 0.541667 0.917188 0.429167 0.906250 0.431250
8 0.555469 0.237500 0.532813 0.231250 0.550000 0.206250 0.579688 0.243750 0.559375 0.268750
9 0.595313 0.293229 0.571875 0.287500 0.590625 0.262500 0.618750 0.297917 0.600000 0.325000
4 0.562723 0.292361 0.503125 0.312500 0.512500 0.325000 0.525000 0.341667 0.542188 0.331250 0.556250 0.329167 0.559375 0.347917 0.559375 0.360417 0.571875 0.375000 0.579688 0.379167 0.631250 0.285417 0.626563 0.268750 0.606250 0.262500 0.600000 0.256250 0.609375 0.243750 0.584375 0.206250 0.568750 0.225000 0.553125 0.204167 0.528125 0.231250 0.550000 0.262500 0.528125 0.300000 0.521875 0.291667
7 0.482812 0.518750 0.071875 0.125000 0.881250 0.093750 0.934375 0.927083 0.043750 0.929167
