0 0.595938 0.923958 0.606250 0.937500 0.609375 0.925000 0.606250 0.912500 0.600000 0.910417 0.590625 0.906250 0.587500 0.912500 0.584375 0.922917 0.585938 0.931250 0.589063 0.937500 0.600000 0.943750
1 0.520781 0.407292 0.528125 0.393750 0.518750 0.391667 0.512500 0.393750 0.509375 0.400000 0.510938 0.412500 0.512500 0.418750 0.521875 0.422917 0.528125 0.422917 0.532813 0.412500 0.532813 0.404167
2 0.363411 0.740278 0.384375 0.743750 0.381250 0.735417 0.378125 0.718750 0.368750 0.712500 0.356250 0.712500 0.346875 0.718750 0.340625 0.731250 0.343750 0.750000 0.350000 0.762500 0.359375 0.768750 0.371875 0.766667 0.379688 0.762500
3 0.545703 0.619097 0.506250 0.668750 0.543750 0.637500 0.568750 0.687500 0.584375 0.672917 0.559375 0.618750 0.595313 0.587500 0.584375 0.568750 0.546875 0.604167 0.521875 0.556250 0.509375 0.566667 0.531250 0.612500 0.496875 0.647917
5 0.060156 0.484375 0.065625 0.510417 0.053125 0.510417 0.053125 0.456250 0.068750 0.460417
6 0.925000 0.507292 0.917188 0.456250 0.928125 0.447917 0.932813 0.562500 0.921875 0.562500
8 0.131641 0.136979 0.117188 0.156250 0.115625 0.122917 0.146875 0.118750 0.146875 0.150000
9 0.082031 0.144271 0.096875 0.160417 0.100000 0.125000 0.065625 0.129167 0.065625 0.162500
4 0.129214 0.178157 0.093750 0.225000 0.100000 0.231250 0.109375 0.237500 0.123438 0.235417 0.131250 0.225000 0.134375 0.237500 0.148438 0.243750 0.168750 0.247917 0.176563 0.235417 0.176563 0.216667 0.168750 0.210417 0.165625 0.191667 0.168750 0.156250 0.170313 0.137500 0.176563 0.131250 0.179688 0.106250 0.171875 0.100000 0.156250 0.093750 0.140625 0.097917 0.123438 0.097917 0.109375 0.097917 0.100000 0.112500 0.100000 0.122917 0.062500 0.125000 0.062500 0.166667 0.092188 0.166667 0.093750 0.175000 0.103125 0.187500 0.109375 0.200000 0.117188 0.206250 0.117188 0.218750 0.109375 0.222917 0.103125 0.218750
7 0.493750 0.514062 0.090625 0.106250 0.904687 0.106250 0.932813 0.945833 0.046875 0.897917
