8 0.459766 0.255208 0.450000 0.229167 0.478125 0.235417 0.470313 0.281250 0.440625 0.275000
9 0.473047 0.186458 0.462500 0.160417 0.492188 0.166667 0.482812 0.212500 0.454688 0.206250
0 0.389757 0.891435 0.403125 0.883333 0.403125 0.893750 0.398438 0.908333 0.387500 0.910417 0.375000 0.904167 0.376563 0.891667 0.378125 0.879167 0.387500 0.875000 0.398438 0.877083
1 0.439063 0.523958 0.450000 0.514583 0.451562 0.525000 0.448437 0.535417 0.437500 0.539583 0.428125 0.533333 0.426563 0.522917 0.429688 0.512500 0.440625 0.508333
2 0.707812 0.583125 0.725000 0.560417 0.729688 0.583333 0.725000 0.606250 0.718750 0.618750 0.698438 0.618750 0.689063 0.606250 0.685937 0.581250 0.690625 0.562500 0.701562 0.547917 0.714063 0.545833
3 0.463021 0.457813 0.453125 0.383333 0.471875 0.381250 0.471875 0.439583 0.518750 0.441667 0.518750 0.472917 0.473438 0.472917 0.473438 0.533333 0.454688 0.535417 0.453125 0.475000 0.407813 0.472917 0.407813 0.443750 0.451562 0.441667
4 0.470559 0.248026 0.431250 0.287500 0.496875 0.302083 0.495312 0.318750 0.515625 0.327083 0.528125 0.279167 0.512500 0.268750 0.514062 0.243750 0.515625 0.231250 0.515625 0.214583 0.507812 0.204167 0.490625 0.162500 0.462500 0.158333 0.434375 0.200000 0.425000 0.208333 0.423438 0.222917 0.421875 0.239583 0.417187 0.245833 0.406250 0.293750 0.426563 0.304167
5 0.050391 0.429688 0.046875 0.400000 0.057813 0.406250 0.054688 0.458333 0.042188 0.454167
6 0.958984 0.457813 0.948438 0.406250 0.959375 0.400000 0.970313 0.510417 0.957812 0.514583
7 0.504687 0.482292 0.915625 0.072917 0.990625 0.914583 0.020313 0.891667 0.092188 0.050000
