6 0.936719 0.502604 0.929688 0.450000 0.939063 0.447917 0.943750 0.556250 0.934375 0.556250
5 0.071484 0.466667 0.078125 0.441667 0.068750 0.437500 0.062500 0.493750 0.076563 0.493750
2 0.069687 0.752500 0.065625 0.725000 0.075000 0.725000 0.084375 0.725000 0.092188 0.743750 0.089063 0.772917 0.078125 0.787500 0.059375 0.791667 0.050000 0.768750 0.050000 0.750000 0.053125 0.735417
0 0.703571 0.796429 0.698438 0.781250 0.709375 0.779167 0.715625 0.791667 0.714063 0.810417 0.703125 0.812500 0.693750 0.806250 0.690625 0.793750
3 0.583293 0.522756 0.559375 0.454167 0.568750 0.510417 0.528125 0.529167 0.534375 0.556250 0.575000 0.537500 0.589063 0.597917 0.606250 0.593750 0.595313 0.531250 0.595313 0.531250 0.635938 0.518750 0.631250 0.487500 0.589063 0.504167 0.575000 0.443750
1 0.993750 0.559375 0.996875 0.543750 0.990625 0.550000 0.990625 0.568750 0.996875 0.575000
8 0.778516 0.653125 0.773438 0.618750 0.751563 0.650000 0.784375 0.687500 0.804688 0.656250
9 0.731250 0.595833 0.756250 0.600000 0.725000 0.562500 0.706250 0.591667 0.737500 0.629167
4 0.744171 0.625401 0.750000 0.585417 0.728125 0.556250 0.720313 0.556250 0.706250 0.556250 0.693750 0.562500 0.671875 0.606250 0.673438 0.625000 0.687500 0.643750 0.710938 0.637500 0.715625 0.654167 0.703125 0.679167 0.709375 0.693750 0.729688 0.712500 0.745313 0.697917 0.737500 0.681250 0.759375 0.662500 0.784375 0.693750 0.809375 0.656250 0.784375 0.629167 0.787500 0.625000 0.796875 0.625000 0.809375 0.606250 0.804688 0.593750 0.790625 0.575000 0.778125 0.572917 0.760938 0.572917
7 0.502734 0.505208 0.915625 0.100000 0.104688 0.087500 0.050000 0.885417 0.940625 0.947917
