8 0.639062 0.081250 0.632812 0.052083 0.662500 0.085417 0.645312 0.110417 0.615625 0.077083
9 0.682813 0.128125 0.659375 0.125000 0.676562 0.102083 0.706250 0.129167 0.689063 0.156250
0 0.041016 0.775521 0.054688 0.764583 0.056250 0.781250 0.048438 0.795833 0.034375 0.795833 0.025000 0.783333 0.026562 0.766667 0.037500 0.758333 0.045312 0.758333
1 0.092188 0.175521 0.104688 0.177083 0.103125 0.166667 0.095312 0.158333 0.082812 0.162500 0.079687 0.172917 0.081250 0.185417 0.089063 0.191667 0.101562 0.189583
2 0.530035 0.200000 0.551562 0.195833 0.550000 0.179167 0.539062 0.170833 0.525000 0.172917 0.512500 0.187500 0.506250 0.210417 0.510938 0.233333 0.529687 0.231250 0.545312 0.218750
3 0.445573 0.460764 0.437500 0.385417 0.454688 0.385417 0.454688 0.445833 0.500000 0.443750 0.501563 0.475000 0.456250 0.477083 0.454688 0.537500 0.435937 0.539583 0.434375 0.475000 0.390625 0.475000 0.390625 0.445833 0.435937 0.443750
4 0.656430 0.144151 0.632812 0.052083 0.656250 0.075000 0.670312 0.070833 0.685937 0.079167 0.687500 0.089583 0.684375 0.100000 0.689063 0.110417 0.710938 0.131250 0.703125 0.141667 0.706250 0.150000 0.700000 0.154167 0.696875 0.147917 0.687500 0.156250 0.671875 0.227083 0.660937 0.231250 0.645312 0.218750 0.642188 0.195833 0.632812 0.185417 0.629687 0.179167 0.625000 0.183333 0.610938 0.202083 0.582812 0.179167 0.595313 0.150000 0.610938 0.154167 0.635938 0.106250 0.612500 0.077083
5 0.030469 0.456771 0.025000 0.425000 0.037500 0.431250 0.035937 0.487500 0.023438 0.483333
6 0.941406 0.455729 0.929688 0.404167 0.940625 0.397917 0.953125 0.508333 0.942187 0.512500
7 0.487109 0.493229 0.890625 0.075000 0.979688 0.908333 0.009375 0.922917 0.068750 0.066667
