0 0.799414 0.221875 0.787500 0.218750 0.787500 0.231250 0.792188 0.237500 0.807813 0.237500 0.812500 0.225000 0.809375 0.212500 0.804688 0.206250 0.793750 0.206250
2 0.346406 0.501250 0.367188 0.512500 0.367188 0.493750 0.356250 0.481250 0.346875 0.479167 0.334375 0.481250 0.331250 0.487500 0.328125 0.504167 0.332813 0.518750 0.343750 0.525000 0.356250 0.529167
3 0.430859 0.521007 0.390625 0.479167 0.415625 0.518750 0.384375 0.556250 0.400000 0.579167 0.431250 0.537500 0.459375 0.581250 0.473438 0.566667 0.443750 0.522917 0.475000 0.485417 0.462500 0.462500 0.431250 0.500000 0.403125 0.462500
5 0.057813 0.496875 0.062500 0.522917 0.050000 0.522917 0.053125 0.468750 0.065625 0.472917
6 0.925000 0.498437 0.921875 0.556250 0.931250 0.550000 0.928125 0.443750 0.918750 0.443750
9 0.082031 0.143229 0.096875 0.156250 0.100000 0.125000 0.065625 0.129167 0.065625 0.162500
8 0.131641 0.136458 0.117188 0.154167 0.115625 0.122917 0.146875 0.118750 0.146875 0.150000
1 0.101910 0.196296 0.092188 0.193750 0.100000 0.187500 0.103125 0.187500 0.103125 0.193750 0.107813 0.197917 0.109375 0.197917 0.107813 0.204167 0.100000 0.204167 0.093750 0.200000
4 0.131818 0.174716 0.093750 0.225000 0.104688 0.237500 0.121875 0.235417 0.131250 0.225000 0.139063 0.237500 0.153125 0.243750 0.168750 0.243750 0.175000 0.237500 0.175000 0.218750 0.162500 0.210417 0.165625 0.137500 0.178125 0.131250 0.179688 0.112500 0.162500 0.097917 0.145313 0.097917 0.120313 0.097917 0.106250 0.100000 0.092188 0.118750 0.065625 0.129167 0.065625 0.168750 0.093750 0.162500 0.100000 0.175000
7 0.491797 0.520833 0.084375 0.120833 0.906250 0.102083 0.934375 0.947917 0.042188 0.912500
