8 0.724219 0.585417 0.715625 0.550000 0.746875 0.566667 0.734375 0.618750 0.700000 0.606250
9 0.703516 0.665104 0.693750 0.631250 0.725000 0.643750 0.714063 0.700000 0.681250 0.685417
0 0.521680 0.621094 0.528125 0.606250 0.534375 0.616667 0.534375 0.629167 0.528125 0.637500 0.515625 0.637500 0.506250 0.625000 0.509375 0.610417 0.517188 0.606250
1 0.133984 0.540625 0.143750 0.525000 0.148438 0.537500 0.146875 0.554167 0.134375 0.556250 0.125000 0.556250 0.120313 0.543750 0.121875 0.529167 0.131250 0.522917
2 0.656094 0.119583 0.668750 0.093750 0.675000 0.112500 0.675000 0.137500 0.668750 0.150000 0.653125 0.156250 0.637500 0.147917 0.635938 0.122917 0.640625 0.100000 0.646875 0.087500 0.659375 0.087500
3 0.382812 0.441493 0.378125 0.368750 0.396875 0.368750 0.395313 0.425000 0.440625 0.429167 0.439063 0.462500 0.393750 0.456250 0.390625 0.516667 0.368750 0.516667 0.368750 0.456250 0.325000 0.450000 0.325000 0.425000 0.371875 0.422917
4 0.697935 0.623586 0.646875 0.700000 0.729688 0.718750 0.740625 0.704167 0.734375 0.679167 0.725000 0.668750 0.725000 0.662500 0.737500 0.656250 0.750000 0.656250 0.756250 0.656250 0.767188 0.606250 0.745313 0.600000 0.742188 0.597917 0.751563 0.566667 0.715625 0.550000 0.703125 0.581250 0.690625 0.581250 0.684375 0.581250 0.673438 0.575000 0.671875 0.560417 0.650000 0.550000 0.637500 0.575000 0.635938 0.604167 0.656250 0.606250 0.665625 0.618750 0.665625 0.631250 0.659375 0.643750 0.643750 0.654167 0.637500 0.675000
5 0.049219 0.429167 0.043750 0.400000 0.057813 0.406250 0.053125 0.456250 0.042188 0.454167
6 0.958594 0.455208 0.948438 0.406250 0.959375 0.397917 0.970313 0.506250 0.956250 0.510417
7 0.503906 0.480208 0.912500 0.072917 0.987500 0.912500 0.021875 0.887500 0.093750 0.047917
