8 0.299609 0.182812 0.278125 0.172917 0.301563 0.154167 0.321875 0.191667 0.296875 0.212500
9 0.269531 0.126562 0.271875 0.100000 0.292187 0.135417 0.267188 0.154167 0.246875 0.116667
0 0.389258 0.892969 0.403125 0.879167 0.403125 0.895833 0.396875 0.908333 0.387500 0.910417 0.379688 0.906250 0.375000 0.891667 0.378125 0.879167 0.390625 0.872917
1 0.438839 0.523512 0.448437 0.512500 0.451562 0.527083 0.445312 0.539583 0.434375 0.539583 0.426563 0.527083 0.428125 0.512500 0.437500 0.506250
2 0.707986 0.584028 0.721875 0.552083 0.728125 0.572917 0.728125 0.600000 0.720313 0.614583 0.703125 0.620833 0.685937 0.608333 0.684375 0.583333 0.692187 0.558333 0.707812 0.545833
3 0.463151 0.457986 0.453125 0.383333 0.470313 0.383333 0.473438 0.441667 0.518750 0.441667 0.518750 0.470833 0.473438 0.472917 0.473438 0.533333 0.454688 0.535417 0.453125 0.472917 0.407813 0.472917 0.407813 0.443750 0.453125 0.443750
4 0.297894 0.184511 0.245312 0.114583 0.270313 0.095833 0.295312 0.131250 0.300000 0.135417 0.312500 0.127083 0.325000 0.135417 0.329688 0.133333 0.342187 0.156250 0.348438 0.154167 0.370312 0.197917 0.354687 0.212500 0.348438 0.208333 0.331250 0.212500 0.304688 0.235417 0.292187 0.250000 0.295312 0.266667 0.278125 0.275000 0.256250 0.233333 0.265625 0.222917 0.260937 0.220833 0.243750 0.216667 0.239063 0.193750 0.242188 0.114583
5 0.050781 0.430208 0.048438 0.400000 0.057813 0.408333 0.054688 0.458333 0.042188 0.454167
6 0.958203 0.457813 0.948438 0.406250 0.959375 0.400000 0.968750 0.510417 0.956250 0.514583
7 0.503516 0.480208 0.914062 0.070833 0.987500 0.914583 0.020313 0.889583 0.092188 0.045833
