0 0.051406 0.867083 0.043750 0.854167 0.037500 0.860417 0.037500 0.872917 0.040625 0.881250 0.050000 0.885417 0.059375 0.881250 0.062500 0.875000 0.065625 0.862500 0.062500 0.850000 0.054688 0.847917
1 0.479219 0.216667 0.471875 0.206250 0.468750 0.212500 0.470313 0.218750 0.471875 0.225000 0.478125 0.235417 0.489063 0.231250 0.490625 0.222917 0.489063 0.210417 0.484375 0.204167 0.478125 0.200000
2 0.460807 0.506597 0.450000 0.487500 0.446875 0.493750 0.443750 0.504167 0.443750 0.516667 0.450000 0.531250 0.462500 0.535417 0.475000 0.529167 0.478125 0.518750 0.478125 0.504167 0.475000 0.491667 0.468750 0.485417 0.457813 0.481250
3 0.458203 0.666319 0.454688 0.647917 0.471875 0.597917 0.489063 0.604167 0.475000 0.656250 0.510938 0.681250 0.506250 0.706250 0.462500 0.685417 0.443750 0.737500 0.425000 0.731250 0.443750 0.672917 0.403125 0.650000 0.412500 0.625000
5 0.062109 0.478125 0.065625 0.506250 0.056250 0.504167 0.057813 0.447917 0.068750 0.454167
6 0.927344 0.507812 0.925000 0.562500 0.934375 0.562500 0.931250 0.450000 0.918750 0.456250
8 0.402344 0.361458 0.387500 0.385417 0.412500 0.387500 0.418750 0.337500 0.390625 0.335417
9 0.397266 0.436979 0.381250 0.462500 0.410938 0.462500 0.412500 0.412500 0.384375 0.410417
4 0.408961 0.417157 0.400000 0.493750 0.443750 0.487500 0.446875 0.481250 0.450000 0.475000 0.450000 0.456250 0.443750 0.443750 0.439063 0.437500 0.440625 0.422917 0.450000 0.422917 0.462500 0.418750 0.465625 0.397917 0.465625 0.375000 0.462500 0.368750 0.446875 0.368750 0.443750 0.381250 0.415625 0.375000 0.418750 0.331250 0.392188 0.331250 0.384375 0.372917 0.379688 0.375000 0.378125 0.362500 0.356250 0.360417 0.356250 0.379167 0.353125 0.393750 0.353125 0.406250 0.364063 0.416667 0.368750 0.425000 0.375000 0.425000 0.379688 0.431250 0.378125 0.456250 0.378125 0.468750 0.384375 0.468750 0.387500 0.481250 0.390625 0.491667
7 0.493359 0.514062 0.093750 0.102083 0.898438 0.108333 0.935937 0.950000 0.045312 0.895833
