8 0.716016 0.345313 0.693750 0.329167 0.718750 0.312500 0.739062 0.360417 0.712500 0.379167
9 0.746484 0.415104 0.748437 0.383333 0.770312 0.429167 0.745313 0.445833 0.721875 0.402083
0 0.354492 0.414062 0.367188 0.416667 0.362500 0.427083 0.351562 0.431250 0.343750 0.422917 0.342187 0.410417 0.346875 0.402083 0.354687 0.400000 0.367188 0.402083
1 0.126562 0.733073 0.140625 0.731250 0.137500 0.745833 0.125000 0.754167 0.112500 0.745833 0.112500 0.731250 0.118750 0.718750 0.128125 0.716667 0.137500 0.720833
2 0.424219 0.742292 0.421875 0.712500 0.439063 0.712500 0.451562 0.722917 0.450000 0.741667 0.443750 0.760417 0.429688 0.770833 0.412500 0.777083 0.398438 0.764583 0.392188 0.739583 0.403125 0.720833
3 0.461979 0.458854 0.454688 0.383333 0.471875 0.383333 0.471875 0.443750 0.517188 0.443750 0.517188 0.475000 0.471875 0.477083 0.470313 0.535417 0.451562 0.535417 0.451562 0.475000 0.406250 0.470833 0.407813 0.441667 0.451562 0.441667
4 0.715217 0.393116 0.671875 0.395833 0.659375 0.383333 0.640625 0.400000 0.653125 0.441667 0.678125 0.427083 0.687500 0.435417 0.692187 0.443750 0.689063 0.462500 0.695312 0.485417 0.710938 0.495833 0.775000 0.425000 0.771875 0.408333 0.762500 0.400000 0.757812 0.387500 0.764062 0.372917 0.757812 0.356250 0.751563 0.339583 0.746875 0.331250 0.739062 0.322917 0.731250 0.329167 0.718750 0.310417 0.692187 0.325000 0.703125 0.362500
5 0.049219 0.454167 0.045312 0.422917 0.057813 0.431250 0.053125 0.483333 0.040625 0.479167
6 0.958984 0.445833 0.948438 0.395833 0.959375 0.387500 0.970313 0.497917 0.957812 0.502083
7 0.503906 0.486979 0.912500 0.062500 0.990625 0.902083 0.021875 0.918750 0.090625 0.064583
