0 0.310156 0.528906 0.301563 0.522917 0.306250 0.516667 0.315625 0.512500 0.321875 0.525000 0.321875 0.537500 0.312500 0.543750 0.301563 0.541667 0.300000 0.531250
2 0.289844 0.463958 0.275000 0.441667 0.271875 0.460417 0.268750 0.481250 0.275000 0.500000 0.293750 0.497917 0.304688 0.479167 0.309375 0.462500 0.309375 0.447917 0.303125 0.437500 0.287500 0.431250
1 0.198633 0.900781 0.187500 0.893750 0.185938 0.906250 0.190625 0.918750 0.203125 0.918750 0.212500 0.912500 0.212500 0.893750 0.203125 0.881250 0.193750 0.881250
3 0.612370 0.512326 0.625000 0.525000 0.667188 0.518750 0.662500 0.491667 0.621875 0.497917 0.612500 0.441667 0.595313 0.443750 0.600000 0.500000 0.559375 0.510417 0.559375 0.531250 0.604688 0.525000 0.612500 0.581250 0.628125 0.581250
6 0.916797 0.486979 0.907813 0.431250 0.917188 0.431250 0.925000 0.541667 0.917188 0.543750
5 0.050000 0.504687 0.056250 0.531250 0.042188 0.531250 0.043750 0.475000 0.057813 0.481250
4 0.771419 0.452517 0.710938 0.447917 0.715625 0.500000 0.731250 0.510417 0.746875 0.504167 0.753125 0.493750 0.760938 0.485417 0.776563 0.479167 0.778125 0.493750 0.784375 0.518750 0.818750 0.510417 0.818750 0.487500 0.814063 0.481250 0.809375 0.450000 0.845313 0.437500 0.840625 0.400000 0.807813 0.406250 0.803125 0.362500 0.762500 0.368750 0.762500 0.400000 0.760938 0.412500 0.746875 0.418750 0.735938 0.425000 0.720313 0.425000 0.709375 0.441667
9 0.760156 0.434375 0.782813 0.450000 0.778125 0.412500 0.737500 0.418750 0.742188 0.456250
8 0.821484 0.425521 0.803125 0.447917 0.800000 0.412500 0.839063 0.404167 0.843750 0.437500
7 0.485938 0.517188 0.073438 0.122917 0.882812 0.093750 0.937500 0.920833 0.050000 0.931250
