4 0.372222 0.451698 0.360938 0.518750 0.395313 0.529167 0.400000 0.504167 0.387500 0.500000 0.392188 0.485417 0.381250 0.481250 0.384375 0.475000 0.392188 0.475000 0.395313 0.466667 0.403125 0.466667 0.406250 0.425000 0.406250 0.416667 0.415625 0.412500 0.418750 0.387500 0.384375 0.375000 0.384375 0.381250 0.367188 0.379167 0.364063 0.391667 0.356250 0.393750 0.350000 0.410417 0.309375 0.404167 0.306250 0.443750 0.317188 0.481250 0.325000 0.497917 0.337500 0.500000 0.348438 0.493750 0.360938 0.500000
8 0.385156 0.442188 0.367188 0.418750 0.362500 0.454167 0.403125 0.466667 0.407813 0.429167
9 0.328516 0.427083 0.350000 0.412500 0.345313 0.450000 0.306250 0.441667 0.312500 0.404167
1 0.369618 0.547454 0.375000 0.537500 0.367188 0.531250 0.360938 0.537500 0.359375 0.547917 0.360938 0.556250 0.367188 0.562500 0.375000 0.562500 0.381250 0.550000 0.379688 0.541667
2 0.415057 0.555871 0.409375 0.531250 0.418750 0.531250 0.428125 0.537500 0.431250 0.554167 0.431250 0.566667 0.426563 0.575000 0.418750 0.581250 0.406250 0.579167 0.398438 0.566667 0.396875 0.550000 0.400000 0.541667
3 0.506120 0.489410 0.496875 0.418750 0.496875 0.475000 0.454688 0.475000 0.454688 0.504167 0.496875 0.504167 0.496875 0.560417 0.515625 0.560417 0.517188 0.504167 0.557813 0.504167 0.557813 0.475000 0.515625 0.475000 0.512500 0.416667
6 0.926562 0.508333 0.918750 0.454167 0.929688 0.450000 0.934375 0.562500 0.923438 0.566667
5 0.061719 0.467187 0.068750 0.443750 0.057813 0.437500 0.054688 0.493750 0.065625 0.493750
0 0.071289 0.752865 0.062500 0.743750 0.068750 0.737500 0.081250 0.737500 0.085938 0.750000 0.081250 0.766667 0.068750 0.768750 0.062500 0.762500 0.059375 0.756250
7 0.494531 0.509896 0.906250 0.106250 0.093750 0.091667 0.043750 0.887500 0.934375 0.954167
