5 0.067187 0.465104 0.076563 0.441667 0.062500 0.437500 0.057813 0.487500 0.071875 0.493750
3 0.347396 0.496528 0.356250 0.429167 0.337500 0.479167 0.303125 0.462500 0.293750 0.479167 0.334375 0.500000 0.318750 0.556250 0.337500 0.568750 0.356250 0.516667 0.395313 0.535417 0.400000 0.506250 0.360938 0.487500 0.375000 0.437500
1 0.655469 0.207813 0.657813 0.191667 0.665625 0.197917 0.667188 0.206250 0.662500 0.218750 0.653125 0.225000 0.646875 0.218750 0.643750 0.206250 0.646875 0.197917
6 0.932031 0.504687 0.925000 0.450000 0.934375 0.447917 0.939063 0.560417 0.929688 0.560417
0 0.883984 0.778125 0.885938 0.762500 0.892188 0.766667 0.896875 0.779167 0.893750 0.793750 0.881250 0.793750 0.875000 0.787500 0.871875 0.775000 0.875000 0.766667
2 0.069010 0.754514 0.073438 0.731250 0.081250 0.731250 0.085938 0.737500 0.090625 0.743750 0.092188 0.756250 0.085938 0.775000 0.071875 0.781250 0.050000 0.781250 0.043750 0.775000 0.043750 0.760417 0.050000 0.743750 0.059375 0.737500
9 0.732812 0.593750 0.759375 0.600000 0.737500 0.625000 0.706250 0.587500 0.728125 0.562500
8 0.778125 0.651563 0.773438 0.618750 0.750000 0.643750 0.782813 0.687500 0.806250 0.656250
4 0.740039 0.630729 0.696875 0.562500 0.671875 0.606250 0.673438 0.625000 0.689063 0.641667 0.706250 0.637500 0.715625 0.647917 0.714063 0.656250 0.703125 0.675000 0.712500 0.700000 0.731250 0.716667 0.745313 0.693750 0.737500 0.687500 0.756250 0.662500 0.782813 0.693750 0.812500 0.656250 0.784375 0.625000 0.798438 0.625000 0.809375 0.604167 0.793750 0.581250 0.778125 0.572917 0.753125 0.575000 0.750000 0.581250 0.729688 0.554167 0.715625 0.556250
7 0.499219 0.506250 0.912500 0.100000 0.100000 0.087500 0.046875 0.887500 0.937500 0.950000
