8 0.427344 0.614062 0.401562 0.604167 0.426563 0.579167 0.453125 0.622917 0.428125 0.650000
9 0.389453 0.548958 0.389062 0.516667 0.414062 0.554167 0.389062 0.581250 0.365625 0.543750
0 0.112109 0.509635 0.126562 0.516667 0.120313 0.527083 0.104688 0.529167 0.098437 0.516667 0.098437 0.502083 0.106250 0.493750 0.117188 0.491667 0.125000 0.500000
1 0.132422 0.549219 0.146875 0.543750 0.145313 0.556250 0.137500 0.566667 0.126562 0.566667 0.117188 0.554167 0.118750 0.541667 0.128125 0.531250 0.139063 0.533333
2 0.655859 0.121354 0.670312 0.097917 0.676562 0.120833 0.671875 0.145833 0.656250 0.156250 0.640625 0.147917 0.635938 0.120833 0.640625 0.095833 0.654687 0.085417
3 0.629167 0.389236 0.621875 0.314583 0.643750 0.316667 0.640625 0.372917 0.685937 0.379167 0.682813 0.412500 0.639062 0.408333 0.635938 0.464583 0.615625 0.462500 0.618750 0.402083 0.573438 0.397917 0.573438 0.370833 0.618750 0.368750
4 0.414123 0.598558 0.359375 0.554167 0.364063 0.539583 0.387500 0.510417 0.417187 0.545833 0.435937 0.537500 0.448437 0.543750 0.457813 0.550000 0.465625 0.541667 0.490625 0.581250 0.476562 0.604167 0.467187 0.593750 0.453125 0.606250 0.454688 0.622917 0.428125 0.652083 0.415625 0.631250 0.409375 0.633333 0.409375 0.645833 0.406250 0.658333 0.410938 0.672917 0.393750 0.685417 0.370312 0.645833 0.376563 0.633333 0.371875 0.608333 0.376563 0.593750 0.364063 0.593750 0.356250 0.577083
5 0.050391 0.430208 0.046875 0.400000 0.057813 0.408333 0.054688 0.460417 0.042188 0.452083
6 0.958984 0.456250 0.948438 0.406250 0.959375 0.400000 0.970313 0.506250 0.957812 0.512500
7 0.503906 0.481250 0.912500 0.072917 0.987500 0.916667 0.021875 0.889583 0.093750 0.045833
