8 0.469922 0.441146 0.464062 0.408333 0.445312 0.437500 0.475000 0.475000 0.495312 0.443750
9 0.426563 0.388542 0.421875 0.356250 0.451562 0.393750 0.431250 0.418750 0.401562 0.385417
0 0.614732 0.306250 0.610938 0.322917 0.625000 0.318750 0.628125 0.304167 0.625000 0.291667 0.609375 0.287500 0.601562 0.302083 0.603125 0.316667
1 0.233482 0.101786 0.245312 0.093750 0.245312 0.108333 0.237500 0.120833 0.225000 0.118750 0.218750 0.100000 0.225000 0.085417 0.237500 0.085417
2 0.916094 0.926667 0.914062 0.897917 0.928125 0.908333 0.939063 0.920833 0.943750 0.939583 0.939063 0.954167 0.923438 0.960417 0.900000 0.954167 0.885938 0.931250 0.887500 0.906250 0.900000 0.893750
3 0.545703 0.580729 0.525000 0.508333 0.545312 0.504167 0.554688 0.564583 0.600000 0.552083 0.603125 0.579167 0.557813 0.591667 0.567187 0.654167 0.545312 0.658333 0.537500 0.597917 0.492188 0.608333 0.487500 0.581250 0.532813 0.568750
4 0.457357 0.426823 0.493750 0.443750 0.490625 0.433333 0.500000 0.420833 0.512500 0.429167 0.523438 0.408333 0.496875 0.372917 0.492188 0.377083 0.479687 0.368750 0.464062 0.364583 0.456250 0.375000 0.448437 0.383333 0.423438 0.356250 0.403125 0.385417 0.398438 0.404167 0.407813 0.431250 0.421875 0.435417 0.418750 0.454167 0.425000 0.472917 0.420312 0.483333 0.446875 0.518750 0.462500 0.497917 0.456250 0.483333 0.457813 0.464583 0.476562 0.479167
5 0.030469 0.469792 0.025000 0.441667 0.039062 0.445833 0.034375 0.495833 0.023438 0.495833
6 0.942187 0.504687 0.934375 0.450000 0.946875 0.447917 0.950000 0.560417 0.937500 0.560417
7 0.486328 0.503646 0.921875 0.087500 0.943750 0.954167 0.018750 0.914583 0.060937 0.058333
