0 0.609375 0.925893 0.621875 0.925000 0.617188 0.912500 0.606250 0.910417 0.600000 0.916667 0.596875 0.929167 0.604688 0.943750 0.618750 0.943750
1 0.099687 0.197917 0.092188 0.193750 0.103125 0.191667 0.109375 0.200000 0.100000 0.204167 0.093750 0.200000
2 0.362695 0.741927 0.381250 0.731250 0.384375 0.750000 0.376563 0.762500 0.356250 0.768750 0.346875 0.756250 0.343750 0.737500 0.348438 0.718750 0.364063 0.710417
3 0.545703 0.619097 0.496875 0.650000 0.506250 0.668750 0.542188 0.637500 0.573438 0.685417 0.585938 0.675000 0.559375 0.622917 0.595313 0.587500 0.584375 0.566667 0.548438 0.600000 0.521875 0.554167 0.503125 0.568750 0.531250 0.612500
5 0.057813 0.496875 0.062500 0.522917 0.050000 0.522917 0.053125 0.468750 0.065625 0.472917
6 0.926562 0.498958 0.925000 0.554167 0.932813 0.554167 0.929688 0.443750 0.918750 0.443750
8 0.131641 0.136979 0.115625 0.156250 0.115625 0.122917 0.146875 0.118750 0.148438 0.150000
9 0.082031 0.144271 0.096875 0.160417 0.100000 0.125000 0.065625 0.129167 0.065625 0.162500
4 0.135045 0.170437 0.093750 0.225000 0.103125 0.231250 0.112500 0.237500 0.125000 0.231250 0.134375 0.237500 0.150000 0.243750 0.170313 0.243750 0.176563 0.222917 0.171875 0.212500 0.165625 0.210417 0.165625 0.137500 0.178125 0.137500 0.181250 0.112500 0.165625 0.100000 0.150000 0.093750 0.139063 0.097917 0.115625 0.097917 0.106250 0.106250 0.100000 0.112500 0.065625 0.125000 0.065625 0.162500
7 0.488672 0.518750 0.079687 0.114583 0.898438 0.102083 0.932813 0.941667 0.043750 0.916667
