5 0.062109 0.467187 0.071875 0.443750 0.057813 0.437500 0.053125 0.493750 0.065625 0.493750
6 0.926953 0.509896 0.918750 0.456250 0.931250 0.454167 0.934375 0.562500 0.923438 0.566667
8 0.382031 0.441667 0.367188 0.418750 0.360938 0.456250 0.396875 0.462500 0.403125 0.429167
9 0.328516 0.429167 0.350000 0.416667 0.343750 0.450000 0.306250 0.443750 0.314063 0.406250
4 0.377500 0.453500 0.364063 0.381250 0.353125 0.406250 0.312500 0.400000 0.304688 0.450000 0.337500 0.456250 0.337500 0.487500 0.359375 0.500000 0.356250 0.510417 0.368750 0.525000 0.390625 0.529167 0.398438 0.522917 0.400000 0.504167 0.387500 0.500000 0.390625 0.487500 0.381250 0.481250 0.381250 0.475000 0.390625 0.475000 0.403125 0.462500 0.407813 0.425000 0.403125 0.418750 0.418750 0.416667 0.418750 0.387500 0.406250 0.379167 0.384375 0.375000 0.381250 0.381250
3 0.507682 0.489410 0.496875 0.416667 0.500000 0.475000 0.454688 0.479167 0.454688 0.506250 0.496875 0.500000 0.501563 0.560417 0.518750 0.560417 0.518750 0.506250 0.559375 0.504167 0.559375 0.472917 0.515625 0.475000 0.515625 0.416667
2 0.414583 0.557639 0.418750 0.531250 0.429688 0.541667 0.434375 0.556250 0.431250 0.572917 0.418750 0.581250 0.403125 0.579167 0.395313 0.568750 0.396875 0.550000 0.403125 0.537500
1 0.370312 0.547656 0.359375 0.554167 0.364063 0.560417 0.371875 0.562500 0.379688 0.556250 0.381250 0.543750 0.376563 0.535417 0.368750 0.531250 0.360938 0.537500
0 0.400694 0.757176 0.403125 0.743750 0.412500 0.747917 0.412500 0.762500 0.409375 0.768750 0.400000 0.775000 0.392188 0.768750 0.387500 0.756250 0.392188 0.747917 0.396875 0.743750
7 0.493750 0.508333 0.903125 0.104167 0.093750 0.087500 0.043750 0.885417 0.934375 0.956250
