8 0.382812 0.198437 0.367188 0.175000 0.404687 0.187500 0.400000 0.222917 0.359375 0.208333
9 0.440234 0.216667 0.423438 0.195833 0.460938 0.204167 0.457813 0.237500 0.418750 0.229167
0 0.555859 0.661198 0.565625 0.645833 0.568750 0.658333 0.565625 0.672917 0.559375 0.677083 0.546875 0.675000 0.542188 0.664583 0.545312 0.650000 0.553125 0.645833
1 0.336914 0.434635 0.348438 0.443750 0.348438 0.433333 0.343750 0.422917 0.337500 0.420833 0.328125 0.422917 0.323437 0.433333 0.325000 0.447917 0.340625 0.452083
2 0.529883 0.201042 0.553125 0.189583 0.548438 0.175000 0.531250 0.170833 0.512500 0.185417 0.506250 0.208333 0.510938 0.231250 0.529687 0.231250 0.546875 0.216667
3 0.445964 0.460069 0.437500 0.385417 0.454688 0.385417 0.456250 0.441667 0.500000 0.443750 0.501563 0.475000 0.456250 0.475000 0.454688 0.535417 0.437500 0.537500 0.435937 0.477083 0.390625 0.475000 0.390625 0.445833 0.435937 0.443750
4 0.421875 0.238715 0.465625 0.306250 0.451562 0.312500 0.435937 0.308333 0.431250 0.289583 0.409375 0.289583 0.406250 0.320833 0.368750 0.312500 0.370312 0.281250 0.389062 0.275000 0.387500 0.222917 0.356250 0.210417 0.365625 0.168750 0.389062 0.177083 0.393750 0.166667 0.418750 0.168750 0.429688 0.179167 0.431250 0.191667 0.445312 0.200000 0.457813 0.193750 0.468750 0.200000 0.467187 0.208333 0.460938 0.210417 0.457813 0.235417 0.467187 0.300000
5 0.031250 0.457813 0.026562 0.427083 0.039062 0.433333 0.035937 0.487500 0.023438 0.483333
6 0.941016 0.455208 0.929688 0.406250 0.940625 0.397917 0.953125 0.506250 0.940625 0.510417
7 0.487109 0.493229 0.892188 0.072917 0.979688 0.908333 0.009375 0.925000 0.067187 0.066667
