0 0.055859 0.742708 0.043750 0.756250 0.053125 0.760417 0.062500 0.756250 0.068750 0.743750 0.065625 0.731250 0.059375 0.725000 0.050000 0.731250 0.043750 0.737500
1 0.067535 0.873611 0.073438 0.891667 0.078125 0.881250 0.078125 0.872917 0.078125 0.862500 0.071875 0.856250 0.059375 0.862500 0.054688 0.868750 0.054688 0.879167 0.059375 0.887500
2 0.346354 0.502315 0.345313 0.475000 0.334375 0.481250 0.325000 0.497917 0.328125 0.510417 0.337500 0.525000 0.353125 0.529167 0.365625 0.522917 0.368750 0.497917 0.359375 0.481250
3 0.431380 0.519965 0.418750 0.516667 0.390625 0.475000 0.403125 0.460417 0.431250 0.500000 0.462500 0.466667 0.475000 0.485417 0.446875 0.522917 0.473438 0.562500 0.459375 0.581250 0.431250 0.537500 0.400000 0.575000 0.384375 0.556250
5 0.060156 0.498437 0.062500 0.525000 0.053125 0.525000 0.056250 0.468750 0.068750 0.475000
6 0.926562 0.499479 0.918750 0.443750 0.928125 0.443750 0.934375 0.554167 0.925000 0.556250
8 0.390625 0.190104 0.368750 0.200000 0.378125 0.168750 0.412500 0.179167 0.403125 0.212500
9 0.340625 0.170833 0.321875 0.181250 0.325000 0.147917 0.362500 0.162500 0.353125 0.191667
4 0.378865 0.208004 0.325000 0.250000 0.334375 0.262500 0.356250 0.262500 0.371875 0.256250 0.365625 0.275000 0.396875 0.293750 0.406250 0.268750 0.396875 0.256250 0.400000 0.237500 0.415625 0.187500 0.423438 0.191667 0.431250 0.160417 0.418750 0.147917 0.403125 0.141667 0.379688 0.137500 0.368750 0.141667 0.364063 0.156250 0.321875 0.143750 0.318750 0.181250
7 0.491797 0.518229 0.089063 0.120833 0.903125 0.100000 0.932813 0.937500 0.042188 0.914583
