8 0.903516 0.408333 0.878125 0.400000 0.892188 0.437500 0.928125 0.414583 0.915625 0.381250
9 0.848437 0.438021 0.823438 0.429167 0.835938 0.466667 0.873437 0.445833 0.860938 0.410417
0 0.026758 0.681510 0.042188 0.689583 0.035937 0.697917 0.023438 0.700000 0.014063 0.691667 0.012500 0.677083 0.018750 0.668750 0.026562 0.662500 0.040625 0.664583
1 0.094727 0.179948 0.103125 0.166667 0.107813 0.179167 0.106250 0.191667 0.096875 0.195833 0.085938 0.193750 0.079687 0.181250 0.084375 0.168750 0.093750 0.162500
2 0.387813 0.777292 0.414062 0.775000 0.407813 0.793750 0.393750 0.810417 0.379688 0.814583 0.365625 0.802083 0.362500 0.779167 0.368750 0.762500 0.379688 0.750000 0.395313 0.741667 0.410938 0.743750
3 0.446354 0.459722 0.439063 0.385417 0.454688 0.385417 0.456250 0.441667 0.501563 0.443750 0.501563 0.475000 0.456250 0.475000 0.454688 0.537500 0.437500 0.537500 0.435937 0.475000 0.390625 0.475000 0.390625 0.443750 0.437500 0.441667
4 0.850000 0.440524 0.773438 0.443750 0.821875 0.539583 0.835938 0.537500 0.848437 0.514583 0.848437 0.489583 0.856250 0.479167 0.867188 0.472917 0.871875 0.487500 0.859375 0.489583 0.865625 0.512500 0.909375 0.491667 0.901563 0.477083 0.896875 0.456250 0.900000 0.433333 0.929688 0.414583 0.914062 0.379167 0.879687 0.397917 0.868750 0.385417 0.867188 0.379167 0.860938 0.370833 0.856250 0.358333 0.817187 0.377083 0.825000 0.402083 0.835938 0.408333 0.842187 0.420833 0.826562 0.420833 0.817187 0.427083 0.800000 0.418750 0.798438 0.414583 0.781250 0.420833 0.773438 0.435417
5 0.030078 0.456771 0.026562 0.427083 0.037500 0.433333 0.034375 0.485417 0.021875 0.481250
6 0.940625 0.456250 0.929688 0.406250 0.939063 0.400000 0.953125 0.506250 0.940625 0.512500
7 0.486719 0.493229 0.890625 0.072917 0.979688 0.908333 0.009375 0.925000 0.067187 0.066667
