8 0.701953 0.428646 0.684375 0.404167 0.715625 0.400000 0.718750 0.454167 0.689063 0.456250
9 0.696094 0.352083 0.679688 0.329167 0.709375 0.329167 0.712500 0.375000 0.682813 0.375000
0 0.389844 0.890625 0.400000 0.879167 0.403125 0.893750 0.398438 0.906250 0.387500 0.910417 0.378125 0.906250 0.376563 0.887500 0.381250 0.872917 0.393750 0.868750
1 0.247098 0.594345 0.259375 0.581250 0.259375 0.600000 0.253125 0.610417 0.242188 0.610417 0.234375 0.597917 0.234375 0.585417 0.246875 0.575000
2 0.562326 0.232407 0.585938 0.235417 0.575000 0.254167 0.559375 0.262500 0.543750 0.254167 0.534375 0.237500 0.542188 0.216667 0.559375 0.206250 0.575000 0.206250 0.585938 0.218750
3 0.382292 0.442014 0.378125 0.368750 0.398438 0.368750 0.393750 0.425000 0.440625 0.431250 0.437500 0.460417 0.392188 0.456250 0.387500 0.518750 0.368750 0.518750 0.368750 0.456250 0.325000 0.454167 0.325000 0.422917 0.371875 0.422917
4 0.681975 0.416295 0.621875 0.375000 0.678125 0.325000 0.712500 0.325000 0.714063 0.350000 0.721875 0.362500 0.721875 0.372917 0.731250 0.375000 0.740625 0.385417 0.746875 0.406250 0.750000 0.425000 0.753125 0.462500 0.746875 0.466667 0.725000 0.468750 0.715625 0.462500 0.687500 0.462500 0.678125 0.454167 0.665625 0.450000 0.657813 0.447917 0.653125 0.460417 0.650000 0.468750 0.631250 0.468750 0.625000 0.456250 0.625000 0.425000 0.631250 0.412500 0.643750 0.412500 0.626563 0.406250 0.618750 0.393750 0.621875 0.375000
5 0.050391 0.428125 0.046875 0.400000 0.057813 0.406250 0.054688 0.456250 0.042188 0.450000
6 0.957812 0.456771 0.946875 0.406250 0.959375 0.400000 0.968750 0.510417 0.956250 0.510417
7 0.503125 0.480729 0.912500 0.072917 0.987500 0.912500 0.020313 0.887500 0.092188 0.050000
