0 0.135937 0.883854 0.150000 0.893750 0.150000 0.881250 0.145313 0.868750 0.131250 0.868750 0.125000 0.875000 0.123438 0.885417 0.125000 0.897917 0.137500 0.900000
1 0.710417 0.819213 0.700000 0.812500 0.698438 0.825000 0.703125 0.835417 0.712500 0.837500 0.721875 0.831250 0.721875 0.818750 0.720313 0.806250 0.712500 0.800000 0.703125 0.806250
2 0.460000 0.507708 0.443750 0.493750 0.440625 0.506250 0.443750 0.522917 0.453125 0.531250 0.465625 0.531250 0.475000 0.529167 0.481250 0.512500 0.475000 0.487500 0.465625 0.481250 0.456250 0.481250
3 0.350521 0.588368 0.365625 0.581250 0.384375 0.531250 0.367188 0.518750 0.346875 0.568750 0.306250 0.543750 0.298438 0.566667 0.335938 0.593750 0.315625 0.647917 0.334375 0.660417 0.356250 0.606250 0.392188 0.631250 0.403125 0.610417
5 0.059766 0.481771 0.065625 0.506250 0.053125 0.506250 0.054688 0.454167 0.065625 0.460417
6 0.925000 0.504687 0.921875 0.560417 0.932813 0.560417 0.928125 0.447917 0.917188 0.450000
9 0.082031 0.143229 0.096875 0.156250 0.100000 0.125000 0.065625 0.129167 0.065625 0.162500
8 0.132031 0.136979 0.115625 0.156250 0.115625 0.122917 0.148438 0.118750 0.148438 0.150000
4 0.125635 0.178451 0.093750 0.162500 0.093750 0.175000 0.100000 0.185417 0.104688 0.193750 0.109375 0.200000 0.118750 0.206250 0.117188 0.218750 0.109375 0.222917 0.100000 0.218750 0.093750 0.218750 0.096875 0.231250 0.106250 0.237500 0.115625 0.237500 0.125000 0.231250 0.137500 0.237500 0.156250 0.247917 0.170313 0.243750 0.176563 0.229167 0.175000 0.212500 0.165625 0.206250 0.168750 0.141667 0.176563 0.131250 0.179688 0.112500 0.175000 0.100000 0.156250 0.093750 0.140625 0.097917 0.123438 0.097917 0.109375 0.100000 0.100000 0.112500 0.100000 0.118750 0.062500 0.125000 0.062500 0.162500
7 0.579688 0.601667 0.085938 0.114583 0.903125 0.108333 0.932813 0.935417 0.934375 0.945833 0.042188 0.904167
