3 0.420312 0.327604 0.415625 0.397917 0.431250 0.397917 0.431250 0.343750 0.471875 0.337500 0.470313 0.310417 0.428125 0.312500 0.425000 0.254167 0.407813 0.254167 0.410938 0.312500 0.368750 0.318750 0.371875 0.347917 0.410938 0.343750
1 0.239258 0.403385 0.234375 0.391667 0.243750 0.391667 0.251563 0.397917 0.251563 0.410417 0.243750 0.418750 0.232813 0.416667 0.228125 0.406250 0.228125 0.393750
5 0.066797 0.466667 0.073438 0.443750 0.062500 0.437500 0.059375 0.491667 0.071875 0.493750
2 0.097656 0.444618 0.073438 0.437500 0.078125 0.429167 0.085938 0.425000 0.100000 0.422917 0.112500 0.425000 0.121875 0.431250 0.125000 0.447917 0.118750 0.462500 0.107813 0.468750 0.092188 0.468750 0.081250 0.460417 0.075000 0.456250
0 0.209201 0.537269 0.209375 0.522917 0.217188 0.525000 0.218750 0.531250 0.218750 0.543750 0.217188 0.550000 0.206250 0.554167 0.196875 0.547917 0.196875 0.535417 0.201563 0.525000
6 0.933984 0.504167 0.928125 0.450000 0.937500 0.443750 0.940625 0.560417 0.929688 0.562500
8 0.234766 0.247917 0.225000 0.218750 0.218750 0.268750 0.243750 0.279167 0.251563 0.225000
9 0.221875 0.320833 0.212500 0.291667 0.203125 0.341667 0.231250 0.350000 0.240625 0.300000
4 0.259717 0.302474 0.217188 0.243750 0.206250 0.243750 0.196875 0.260417 0.193750 0.279167 0.196875 0.300000 0.206250 0.310417 0.196875 0.343750 0.215625 0.350000 0.215625 0.362500 0.223438 0.379167 0.278125 0.387500 0.290625 0.375000 0.290625 0.350000 0.281250 0.337500 0.281250 0.325000 0.278125 0.316667 0.281250 0.312500 0.284375 0.318750 0.293750 0.322917 0.304688 0.325000 0.309375 0.312500 0.312500 0.297917 0.314063 0.287500 0.309375 0.279167 0.309375 0.275000 0.290625 0.268750 0.282813 0.281250 0.267188 0.275000 0.253125 0.268750 0.250000 0.260417 0.256250 0.218750 0.223438 0.210417
7 0.500000 0.504687 0.912500 0.100000 0.103125 0.087500 0.046875 0.881250 0.937500 0.950000
