2 0.528966 0.199038 0.518750 0.168750 0.515625 0.175000 0.512500 0.191667 0.512500 0.204167 0.515625 0.218750 0.521875 0.225000 0.531250 0.231250 0.542188 0.229167 0.548438 0.216667 0.548438 0.197917 0.543750 0.185417 0.537500 0.175000 0.528125 0.168750
1 0.535937 0.329464 0.534375 0.316667 0.543750 0.318750 0.543750 0.329167 0.543750 0.337500 0.534375 0.343750 0.526563 0.337500 0.525000 0.322917
0 0.356641 0.412240 0.350000 0.400000 0.359375 0.400000 0.365625 0.400000 0.368750 0.412500 0.365625 0.425000 0.353125 0.431250 0.345313 0.418750 0.345313 0.410417
3 0.388281 0.591493 0.368750 0.525000 0.392188 0.572917 0.428125 0.541667 0.439063 0.562500 0.403125 0.597917 0.425000 0.641667 0.409375 0.662500 0.384375 0.612500 0.348438 0.643750 0.335938 0.612500 0.371875 0.587500 0.353125 0.537500
6 0.931641 0.507292 0.925000 0.454167 0.934375 0.450000 0.939063 0.562500 0.928125 0.562500
5 0.066406 0.467708 0.075000 0.443750 0.062500 0.441667 0.059375 0.491667 0.068750 0.493750
8 0.234766 0.246875 0.225000 0.218750 0.217188 0.268750 0.243750 0.275000 0.253125 0.225000
9 0.221875 0.319271 0.212500 0.291667 0.240625 0.300000 0.231250 0.347917 0.203125 0.337500
4 0.255357 0.302500 0.282813 0.385417 0.290625 0.375000 0.290625 0.350000 0.281250 0.337500 0.281250 0.325000 0.278125 0.316667 0.281250 0.310417 0.285938 0.318750 0.300000 0.325000 0.306250 0.322917 0.309375 0.316667 0.309375 0.304167 0.312500 0.293750 0.309375 0.279167 0.303125 0.275000 0.290625 0.268750 0.282813 0.281250 0.273438 0.275000 0.259375 0.268750 0.251563 0.262500 0.259375 0.218750 0.223438 0.212500 0.217188 0.243750 0.212500 0.243750 0.201563 0.254167 0.196875 0.262500 0.193750 0.275000 0.193750 0.293750 0.201563 0.304167 0.206250 0.310417 0.193750 0.337500 0.200000 0.347917 0.215625 0.350000 0.217188 0.362500 0.225000 0.379167
7 0.500000 0.505729 0.915625 0.100000 0.937500 0.950000 0.043750 0.885417 0.103125 0.087500
