8 0.478125 0.669792 0.456250 0.647917 0.501563 0.650000 0.500000 0.691667 0.454688 0.689583
9 0.541016 0.673958 0.520312 0.652083 0.518750 0.693750 0.560937 0.695833 0.564063 0.654167
0 0.357812 0.407440 0.368750 0.397917 0.370312 0.412500 0.364063 0.422917 0.350000 0.422917 0.342187 0.406250 0.350000 0.395833 0.359375 0.393750
1 0.076786 0.389583 0.085938 0.377083 0.089063 0.385417 0.087500 0.400000 0.076563 0.408333 0.064062 0.400000 0.062500 0.383333 0.071875 0.372917
2 0.331250 0.458333 0.357812 0.456250 0.354687 0.472917 0.339062 0.485417 0.312500 0.487500 0.303125 0.464583 0.306250 0.445833 0.317188 0.435417 0.337500 0.435417 0.353125 0.441667
3 0.461068 0.458681 0.453125 0.383333 0.470313 0.383333 0.470313 0.441667 0.517188 0.443750 0.517188 0.475000 0.471875 0.475000 0.468750 0.535417 0.450000 0.535417 0.451562 0.475000 0.406250 0.472917 0.404687 0.441667 0.451562 0.441667
4 0.507651 0.674641 0.467187 0.625000 0.479687 0.627083 0.481250 0.645833 0.456250 0.645833 0.453125 0.691667 0.479687 0.695833 0.476562 0.710417 0.473438 0.725000 0.467187 0.729167 0.464062 0.729167 0.460938 0.758333 0.504687 0.764583 0.507812 0.747917 0.517188 0.741667 0.531250 0.727083 0.548438 0.731250 0.560937 0.727083 0.565625 0.716667 0.565625 0.710417 0.565625 0.656250 0.556250 0.612500 0.546875 0.606250 0.542188 0.604167 0.526563 0.606250 0.525000 0.618750 0.514062 0.616667 0.507812 0.604167 0.507812 0.595833 0.468750 0.593750
5 0.050000 0.454167 0.046875 0.425000 0.042188 0.477083 0.053125 0.483333 0.057813 0.431250
6 0.958984 0.445833 0.948438 0.395833 0.959375 0.387500 0.970313 0.497917 0.957812 0.502083
7 0.503516 0.486979 0.912500 0.062500 0.989062 0.902083 0.021875 0.918750 0.090625 0.064583
