1 0.556944 0.702315 0.554688 0.687500 0.559375 0.687500 0.565625 0.693750 0.568750 0.706250 0.564063 0.716667 0.554688 0.718750 0.550000 0.712500 0.546875 0.704167 0.548438 0.693750
0 0.062326 0.724306 0.050000 0.731250 0.056250 0.737500 0.059375 0.735417 0.068750 0.731250 0.076563 0.729167 0.073438 0.716667 0.065625 0.710417 0.057813 0.710417 0.053125 0.716667
2 0.066895 0.756380 0.043750 0.760417 0.048438 0.750000 0.053125 0.743750 0.059375 0.737500 0.068750 0.731250 0.075000 0.731250 0.081250 0.731250 0.087500 0.737500 0.092188 0.743750 0.092188 0.756250 0.087500 0.772917 0.078125 0.781250 0.065625 0.787500 0.050000 0.787500 0.043750 0.781250 0.043750 0.768750
3 0.416466 0.328365 0.410938 0.343750 0.371875 0.347917 0.367188 0.335417 0.367188 0.318750 0.412500 0.312500 0.407813 0.260417 0.426563 0.254167 0.429688 0.312500 0.470313 0.310417 0.471875 0.335417 0.431250 0.343750 0.434375 0.393750 0.412500 0.400000
5 0.068359 0.465104 0.076563 0.443750 0.065625 0.437500 0.059375 0.487500 0.071875 0.491667
6 0.931641 0.504687 0.925000 0.454167 0.934375 0.447917 0.939063 0.556250 0.928125 0.560417
8 0.234766 0.246875 0.225000 0.218750 0.218750 0.268750 0.243750 0.275000 0.251563 0.225000
9 0.221875 0.320833 0.212500 0.291667 0.240625 0.300000 0.231250 0.350000 0.203125 0.341667
4 0.257812 0.303819 0.217188 0.350000 0.218750 0.368750 0.228125 0.379167 0.278125 0.387500 0.287500 0.375000 0.290625 0.354167 0.278125 0.337500 0.278125 0.325000 0.275000 0.312500 0.281250 0.312500 0.284375 0.318750 0.293750 0.322917 0.304688 0.325000 0.309375 0.306250 0.314063 0.293750 0.312500 0.279167 0.306250 0.275000 0.290625 0.268750 0.282813 0.279167 0.262500 0.272917 0.250000 0.260417 0.256250 0.218750 0.221875 0.210417 0.218750 0.243750 0.206250 0.241667 0.196875 0.260417 0.193750 0.281250 0.196875 0.300000 0.203125 0.310417 0.196875 0.343750
7 0.501172 0.506771 0.915625 0.100000 0.937500 0.950000 0.046875 0.885417 0.104688 0.091667
