8 0.715625 0.345313 0.692187 0.329167 0.718750 0.312500 0.739062 0.360417 0.712500 0.379167
9 0.745313 0.415625 0.720313 0.402083 0.742188 0.445833 0.770312 0.429167 0.748437 0.385417
0 0.355134 0.415179 0.367188 0.425000 0.356250 0.431250 0.343750 0.427083 0.343750 0.414583 0.346875 0.402083 0.359375 0.397917 0.368750 0.408333
1 0.122266 0.731250 0.135937 0.722917 0.137500 0.735417 0.128125 0.747917 0.115625 0.752083 0.106250 0.737500 0.109375 0.722917 0.117188 0.716667 0.128125 0.714583
2 0.422917 0.743981 0.446875 0.752083 0.437500 0.764583 0.423438 0.775000 0.400000 0.772917 0.395313 0.747917 0.401562 0.727083 0.414062 0.716667 0.435937 0.714583 0.451562 0.725000
3 0.461589 0.458854 0.453125 0.385417 0.471875 0.385417 0.471875 0.441667 0.517188 0.445833 0.517188 0.477083 0.471875 0.475000 0.470313 0.533333 0.451562 0.533333 0.450000 0.475000 0.406250 0.470833 0.406250 0.441667 0.451562 0.441667
4 0.710658 0.404464 0.731250 0.331250 0.743750 0.329167 0.754687 0.345833 0.764062 0.372917 0.759375 0.381250 0.760938 0.395833 0.768750 0.404167 0.773438 0.410417 0.775000 0.425000 0.775000 0.433333 0.743750 0.452083 0.709375 0.493750 0.692187 0.481250 0.687500 0.460417 0.690625 0.441667 0.693750 0.435417 0.687500 0.427083 0.679688 0.425000 0.668750 0.437500 0.660937 0.443750 0.646875 0.425000 0.642188 0.404167 0.643750 0.391667 0.662500 0.383333 0.671875 0.395833 0.703125 0.364583 0.689063 0.327083 0.718750 0.306250
5 0.050391 0.454167 0.046875 0.422917 0.042188 0.479167 0.053125 0.483333 0.059375 0.431250
6 0.958594 0.445833 0.948438 0.395833 0.959375 0.387500 0.970313 0.497917 0.956250 0.502083
7 0.503906 0.487500 0.912500 0.062500 0.990625 0.902083 0.021875 0.918750 0.090625 0.066667
