8 0.632031 0.630208 0.612500 0.604167 0.656250 0.616667 0.653125 0.656250 0.606250 0.643750
9 0.568750 0.608333 0.550000 0.581250 0.593750 0.593750 0.587500 0.635417 0.543750 0.622917
0 0.509180 0.820573 0.518750 0.806250 0.521875 0.818750 0.518750 0.831250 0.515625 0.837500 0.501563 0.837500 0.493750 0.822917 0.496875 0.806250 0.506250 0.804167
1 0.132465 0.550000 0.140625 0.537500 0.146875 0.547917 0.145313 0.562500 0.137500 0.568750 0.125000 0.568750 0.118750 0.556250 0.118750 0.541667 0.125000 0.535417 0.134375 0.531250
2 0.656445 0.124740 0.667188 0.093750 0.675000 0.118750 0.675000 0.137500 0.662500 0.156250 0.648438 0.154167 0.637500 0.137500 0.637500 0.112500 0.648438 0.087500
3 0.629036 0.387500 0.621875 0.316667 0.642188 0.316667 0.640625 0.368750 0.684375 0.375000 0.684375 0.406250 0.640625 0.406250 0.634375 0.462500 0.615625 0.462500 0.618750 0.400000 0.573438 0.397917 0.573438 0.368750 0.618750 0.368750
4 0.591862 0.628038 0.604688 0.543750 0.643750 0.560417 0.642188 0.587500 0.631250 0.587500 0.626563 0.604167 0.659375 0.612500 0.656250 0.654167 0.620313 0.650000 0.612500 0.681250 0.625000 0.687500 0.621875 0.712500 0.579688 0.706250 0.581250 0.681250 0.575000 0.668750 0.568750 0.662500 0.550000 0.668750 0.526563 0.662500 0.526563 0.637500 0.534375 0.606250 0.540625 0.587500 0.548438 0.587500 0.548438 0.581250 0.584375 0.585417 0.596875 0.556250
5 0.050000 0.428125 0.043750 0.400000 0.059375 0.406250 0.054688 0.456250 0.042188 0.450000
6 0.958203 0.456771 0.948438 0.406250 0.959375 0.400000 0.968750 0.510417 0.956250 0.510417
7 0.503906 0.480729 0.912500 0.075000 0.987500 0.912500 0.021875 0.887500 0.093750 0.047917
