8 0.490625 0.506771 0.504687 0.479167 0.515625 0.514583 0.476562 0.535417 0.465625 0.497917
9 0.547656 0.479687 0.523438 0.470833 0.535937 0.508333 0.571875 0.487500 0.559375 0.452083
0 0.111328 0.507812 0.125000 0.516667 0.115625 0.525000 0.103125 0.522917 0.096875 0.510417 0.098437 0.497917 0.107813 0.491667 0.118750 0.493750 0.125000 0.504167
1 0.133482 0.551190 0.131250 0.533333 0.142187 0.535417 0.146875 0.550000 0.142187 0.564583 0.132812 0.568750 0.120313 0.562500 0.118750 0.543750
2 0.656406 0.119167 0.660937 0.087500 0.670312 0.097917 0.675000 0.116667 0.675000 0.135417 0.667188 0.152083 0.653125 0.154167 0.637500 0.141667 0.637500 0.118750 0.640625 0.097917 0.646875 0.089583
3 0.637891 0.337153 0.628125 0.264583 0.646875 0.264583 0.648438 0.318750 0.693750 0.320833 0.692187 0.352083 0.650000 0.352083 0.646875 0.410417 0.628125 0.410417 0.628125 0.354167 0.582812 0.354167 0.582812 0.325000 0.626563 0.318750
4 0.520905 0.511135 0.457813 0.462500 0.495312 0.441667 0.498437 0.447917 0.515625 0.445833 0.520312 0.456250 0.525000 0.458333 0.528125 0.447917 0.543750 0.439583 0.560937 0.450000 0.571875 0.487500 0.576562 0.510417 0.567187 0.522917 0.553125 0.525000 0.548438 0.529167 0.551562 0.539583 0.545312 0.545833 0.543750 0.547917 0.540625 0.564583 0.534375 0.568750 0.540625 0.587500 0.503125 0.606250 0.492188 0.579167 0.503125 0.568750 0.503125 0.550000 0.496875 0.531250 0.476562 0.539583 0.465625 0.497917 0.478125 0.485417 0.468750 0.485417
5 0.050781 0.430208 0.046875 0.400000 0.059375 0.408333 0.054688 0.458333 0.042188 0.454167
6 0.958594 0.456250 0.948438 0.406250 0.959375 0.397917 0.968750 0.508333 0.957812 0.512500
7 0.503516 0.480208 0.912500 0.068750 0.987500 0.912500 0.020313 0.891667 0.093750 0.047917
