0 0.056406 0.651875 0.050000 0.637500 0.056250 0.635417 0.059375 0.637500 0.068750 0.643750 0.068750 0.656250 0.065625 0.662500 0.057813 0.668750 0.050000 0.666667 0.043750 0.660417 0.043750 0.650000
1 0.110937 0.281458 0.100000 0.268750 0.096875 0.275000 0.100000 0.287500 0.104688 0.293750 0.112500 0.297917 0.120313 0.293750 0.123438 0.287500 0.123438 0.275000 0.118750 0.268750 0.109375 0.266667
2 0.724159 0.894551 0.704688 0.868750 0.700000 0.881250 0.698438 0.893750 0.703125 0.906250 0.714063 0.918750 0.728125 0.925000 0.743750 0.925000 0.753125 0.918750 0.753125 0.904167 0.745313 0.885417 0.737500 0.872917 0.721875 0.862500 0.710938 0.866667
3 0.353516 0.445486 0.368750 0.450000 0.403125 0.418750 0.392188 0.400000 0.353125 0.425000 0.334375 0.381250 0.317188 0.393750 0.340625 0.437500 0.301563 0.468750 0.315625 0.493750 0.350000 0.466667 0.375000 0.510417 0.390625 0.500000
5 0.049609 0.505729 0.056250 0.531250 0.043750 0.531250 0.043750 0.479167 0.054688 0.481250
6 0.917969 0.485417 0.909375 0.431250 0.918750 0.431250 0.928125 0.541667 0.915625 0.537500
8 0.599219 0.454688 0.575000 0.462500 0.615625 0.481250 0.621875 0.443750 0.584375 0.431250
9 0.653906 0.477604 0.628125 0.487500 0.668750 0.506250 0.678125 0.466667 0.640625 0.450000
4 0.605239 0.493505 0.568750 0.510417 0.565625 0.535417 0.589063 0.547917 0.600000 0.547917 0.606250 0.531250 0.620313 0.531250 0.635938 0.550000 0.657813 0.550000 0.682813 0.466667 0.659375 0.418750 0.595313 0.400000 0.590625 0.425000 0.581250 0.429167 0.568750 0.460417 0.595313 0.475000 0.590625 0.500000 0.581250 0.510417
7 0.485938 0.516146 0.073438 0.125000 0.882812 0.089583 0.939063 0.920833 0.048438 0.929167
