1 0.370573 0.546181 0.362500 0.537500 0.368750 0.531250 0.379688 0.537500 0.381250 0.554167 0.368750 0.562500 0.362500 0.554167
2 0.412674 0.556481 0.403125 0.535417 0.418750 0.535417 0.426563 0.541667 0.429688 0.556250 0.428125 0.572917 0.412500 0.581250 0.400000 0.575000 0.396875 0.560417 0.398438 0.550000
3 0.507292 0.490625 0.496875 0.418750 0.500000 0.475000 0.454688 0.479167 0.454688 0.506250 0.496875 0.504167 0.501563 0.560417 0.515625 0.562500 0.518750 0.506250 0.559375 0.506250 0.559375 0.475000 0.517188 0.475000 0.512500 0.418750
0 0.639955 0.244940 0.631250 0.254167 0.640625 0.262500 0.648438 0.254167 0.651563 0.237500 0.643750 0.231250 0.635938 0.231250 0.628125 0.243750
5 0.060937 0.468229 0.068750 0.443750 0.059375 0.441667 0.053125 0.493750 0.062500 0.493750
6 0.927344 0.511458 0.918750 0.456250 0.931250 0.454167 0.934375 0.566667 0.925000 0.568750
9 0.328906 0.429688 0.350000 0.416667 0.345313 0.454167 0.306250 0.443750 0.314063 0.404167
8 0.382812 0.441146 0.365625 0.418750 0.362500 0.454167 0.400000 0.462500 0.403125 0.429167
4 0.371995 0.453446 0.360938 0.500000 0.359375 0.510417 0.393750 0.529167 0.400000 0.506250 0.387500 0.500000 0.390625 0.487500 0.381250 0.481250 0.381250 0.475000 0.392188 0.472917 0.393750 0.466667 0.403125 0.472917 0.409375 0.425000 0.403125 0.418750 0.415625 0.418750 0.418750 0.387500 0.392188 0.375000 0.381250 0.379167 0.367188 0.381250 0.356250 0.385417 0.353125 0.406250 0.309375 0.397917 0.301563 0.443750 0.314063 0.481250 0.321875 0.493750 0.337500 0.500000 0.346875 0.493750
7 0.494531 0.505729 0.906250 0.100000 0.093750 0.087500 0.043750 0.881250 0.934375 0.954167
