6 0.926953 0.510938 0.918750 0.460417 0.931250 0.454167 0.934375 0.562500 0.923438 0.566667
5 0.061328 0.468229 0.068750 0.443750 0.057813 0.437500 0.053125 0.497917 0.065625 0.493750
3 0.507943 0.489757 0.496875 0.418750 0.496875 0.475000 0.456250 0.475000 0.456250 0.506250 0.496875 0.504167 0.501563 0.562500 0.518750 0.562500 0.518750 0.506250 0.559375 0.500000 0.559375 0.472917 0.517188 0.475000 0.517188 0.418750
2 0.412847 0.554398 0.398438 0.543750 0.403125 0.531250 0.412500 0.531250 0.423438 0.535417 0.431250 0.547917 0.431250 0.568750 0.415625 0.581250 0.403125 0.581250 0.396875 0.568750
0 0.304688 0.381845 0.298438 0.393750 0.293750 0.381250 0.296875 0.372917 0.304688 0.366667 0.314063 0.372917 0.315625 0.387500 0.309375 0.397917
1 0.370089 0.546131 0.368750 0.562500 0.378125 0.556250 0.381250 0.543750 0.376563 0.531250 0.365625 0.531250 0.359375 0.543750 0.360938 0.554167
8 0.382422 0.441667 0.367188 0.418750 0.362500 0.456250 0.396875 0.462500 0.403125 0.429167
9 0.330078 0.427083 0.350000 0.416667 0.345313 0.443750 0.309375 0.437500 0.315625 0.410417
4 0.372917 0.451389 0.304688 0.431250 0.317188 0.481250 0.321875 0.497917 0.340625 0.500000 0.346875 0.491667 0.360938 0.500000 0.359375 0.518750 0.395313 0.525000 0.400000 0.504167 0.390625 0.497917 0.390625 0.487500 0.381250 0.479167 0.381250 0.475000 0.390625 0.475000 0.392188 0.468750 0.400000 0.466667 0.409375 0.429167 0.407813 0.418750 0.415625 0.418750 0.418750 0.387500 0.403125 0.379167 0.384375 0.375000 0.375000 0.381250 0.365625 0.387500 0.353125 0.400000 0.350000 0.406250 0.312500 0.404167
7 0.494531 0.509375 0.906250 0.106250 0.093750 0.087500 0.043750 0.887500 0.934375 0.956250
