0 0.167187 0.633542 0.176563 0.647917 0.181250 0.637500 0.181250 0.629167 0.176563 0.618750 0.165625 0.616667 0.156250 0.618750 0.154688 0.631250 0.154688 0.637500 0.159375 0.647917 0.165625 0.650000
1 0.094744 0.269508 0.087500 0.254167 0.084375 0.260417 0.081250 0.268750 0.084375 0.279167 0.092188 0.287500 0.100000 0.287500 0.104688 0.281250 0.107813 0.275000 0.106250 0.262500 0.100000 0.254167 0.093750 0.254167
2 0.525568 0.512500 0.512500 0.493750 0.509375 0.504167 0.506250 0.510417 0.509375 0.525000 0.517188 0.537500 0.532813 0.541667 0.543750 0.531250 0.548438 0.512500 0.542188 0.497917 0.534375 0.491667 0.525000 0.491667
3 0.431380 0.521528 0.446875 0.525000 0.475000 0.485417 0.462500 0.466667 0.431250 0.500000 0.403125 0.460417 0.387500 0.475000 0.418750 0.518750 0.384375 0.556250 0.400000 0.579167 0.431250 0.543750 0.460938 0.581250 0.475000 0.566667
5 0.066016 0.489583 0.071875 0.516667 0.059375 0.516667 0.059375 0.462500 0.073438 0.462500
6 0.932813 0.501563 0.931250 0.556250 0.940625 0.556250 0.934375 0.443750 0.925000 0.450000
8 0.572656 0.232292 0.550000 0.225000 0.568750 0.200000 0.596875 0.237500 0.575000 0.266667
9 0.610547 0.288542 0.587500 0.281250 0.606250 0.260417 0.635938 0.293750 0.612500 0.318750
4 0.577865 0.283681 0.523438 0.306250 0.528125 0.316667 0.534375 0.331250 0.543750 0.341667 0.559375 0.329167 0.571875 0.318750 0.578125 0.325000 0.575000 0.350000 0.581250 0.362500 0.596875 0.375000 0.648438 0.281250 0.642188 0.262500 0.628125 0.260417 0.621875 0.254167 0.621875 0.237500 0.606250 0.206250 0.596875 0.206250 0.589063 0.218750 0.568750 0.200000 0.543750 0.225000 0.565625 0.254167 0.559375 0.272917 0.546875 0.287500 0.537500 0.285417
7 0.500000 0.515625 0.092188 0.114583 0.903125 0.102083 0.945312 0.939583 0.059375 0.906250
