0 0.688542 0.920139 0.684375 0.900000 0.678125 0.906250 0.673438 0.916667 0.678125 0.931250 0.687500 0.937500 0.696875 0.937500 0.704688 0.929167 0.700000 0.918750 0.693750 0.904167
1 0.060313 0.877917 0.054688 0.868750 0.048438 0.872917 0.048438 0.881250 0.050000 0.891667 0.059375 0.893750 0.068750 0.893750 0.073438 0.885417 0.075000 0.868750 0.065625 0.860417 0.059375 0.862500
2 0.728125 0.270994 0.721875 0.243750 0.714063 0.254167 0.706250 0.268750 0.706250 0.287500 0.709375 0.297917 0.720313 0.304167 0.734375 0.300000 0.742188 0.293750 0.746875 0.281250 0.750000 0.262500 0.745313 0.247917 0.737500 0.243750 0.731250 0.237500
3 0.353385 0.444792 0.368750 0.450000 0.403125 0.418750 0.392188 0.397917 0.356250 0.425000 0.334375 0.381250 0.318750 0.391667 0.337500 0.437500 0.304688 0.468750 0.315625 0.493750 0.350000 0.462500 0.371875 0.510417 0.387500 0.500000
5 0.049609 0.506250 0.057813 0.481250 0.043750 0.481250 0.042188 0.531250 0.054688 0.531250
6 0.916797 0.486458 0.915625 0.541667 0.925000 0.541667 0.917188 0.431250 0.909375 0.431250
8 0.490234 0.448437 0.468750 0.437500 0.490625 0.481250 0.512500 0.456250 0.489063 0.418750
9 0.524219 0.510938 0.501563 0.500000 0.521875 0.481250 0.546875 0.518750 0.526563 0.543750
4 0.503125 0.484091 0.440625 0.493750 0.462500 0.535417 0.481250 0.529167 0.496875 0.525000 0.492188 0.541667 0.490625 0.554167 0.493750 0.568750 0.509375 0.575000 0.571875 0.485417 0.565625 0.468750 0.550000 0.462500 0.543750 0.460417 0.550000 0.447917 0.528125 0.406250 0.512500 0.422917 0.515625 0.431250 0.512500 0.443750 0.487500 0.416667 0.465625 0.437500 0.478125 0.468750 0.462500 0.493750 0.457813 0.481250
7 0.575937 0.597917 0.068750 0.125000 0.884375 0.091667 0.939063 0.916667 0.940625 0.927083 0.046875 0.929167
