0 0.469922 0.356771 0.462500 0.343750 0.459375 0.350000 0.459375 0.362500 0.465625 0.372917 0.475000 0.368750 0.481250 0.362500 0.481250 0.350000 0.475000 0.343750
1 0.329062 0.130833 0.325000 0.116667 0.318750 0.118750 0.318750 0.129167 0.318750 0.137500 0.321875 0.143750 0.331250 0.143750 0.340625 0.143750 0.340625 0.137500 0.340625 0.125000 0.334375 0.112500
2 0.413702 0.556410 0.406250 0.535417 0.398438 0.537500 0.395313 0.550000 0.395313 0.562500 0.398438 0.575000 0.403125 0.581250 0.415625 0.581250 0.428125 0.579167 0.434375 0.568750 0.434375 0.556250 0.431250 0.543750 0.421875 0.531250 0.415625 0.531250
3 0.461328 0.401215 0.426563 0.454167 0.460938 0.422917 0.485938 0.466667 0.496875 0.454167 0.475000 0.404167 0.506250 0.372917 0.496875 0.347917 0.462500 0.381250 0.437500 0.337500 0.425000 0.350000 0.446875 0.393750 0.415625 0.429167
5 0.061328 0.472396 0.065625 0.497917 0.053125 0.497917 0.057813 0.443750 0.068750 0.450000
6 0.927344 0.507812 0.925000 0.562500 0.934375 0.562500 0.931250 0.450000 0.918750 0.456250
8 0.293359 0.387500 0.290625 0.418750 0.271875 0.400000 0.293750 0.356250 0.317188 0.375000
9 0.260937 0.447917 0.259375 0.481250 0.239063 0.456250 0.262500 0.416667 0.282813 0.437500
4 0.305048 0.436218 0.234375 0.460417 0.259375 0.487500 0.298438 0.516667 0.309375 0.516667 0.315625 0.510417 0.318750 0.497917 0.318750 0.479167 0.317188 0.466667 0.325000 0.456250 0.335938 0.468750 0.345313 0.468750 0.356250 0.460417 0.360938 0.441667 0.359375 0.431250 0.350000 0.418750 0.337500 0.425000 0.321875 0.418750 0.309375 0.406250 0.321875 0.375000 0.293750 0.354167 0.281250 0.350000 0.262500 0.356250 0.256250 0.375000 0.246875 0.387500 0.240625 0.400000 0.254688 0.412500
7 0.493750 0.514062 0.092188 0.102083 0.903125 0.114583 0.932813 0.952083 0.046875 0.887500
