8 0.658594 0.691146 0.662500 0.656250 0.684375 0.685417 0.654687 0.727083 0.632812 0.695833
9 0.701953 0.634375 0.706250 0.602083 0.726562 0.627083 0.698438 0.668750 0.676562 0.639583
0 0.112305 0.507812 0.128125 0.508333 0.123438 0.522917 0.112500 0.527083 0.100000 0.520833 0.096875 0.504167 0.100000 0.495833 0.114062 0.489583 0.123438 0.493750
1 0.132589 0.550595 0.143750 0.537500 0.145313 0.550000 0.142187 0.564583 0.129688 0.566667 0.118750 0.558333 0.118750 0.543750 0.129688 0.533333
2 0.656055 0.121354 0.673438 0.106250 0.676562 0.131250 0.668750 0.147917 0.651563 0.156250 0.637500 0.135417 0.637500 0.110417 0.642188 0.095833 0.660937 0.087500
3 0.633774 0.336218 0.629687 0.264583 0.648438 0.264583 0.648438 0.318750 0.693750 0.318750 0.690625 0.352083 0.648438 0.352083 0.646875 0.410417 0.628125 0.410417 0.626563 0.354167 0.582812 0.354167 0.584375 0.327083 0.582812 0.322917 0.628125 0.320833
4 0.662875 0.667917 0.679688 0.579167 0.704688 0.597917 0.728125 0.627083 0.706250 0.668750 0.717187 0.689583 0.715625 0.712500 0.710938 0.727083 0.712500 0.735417 0.681250 0.770833 0.664062 0.743750 0.667188 0.733333 0.664062 0.722917 0.651563 0.725000 0.629687 0.695833 0.634375 0.681250 0.625000 0.668750 0.618750 0.660417 0.604688 0.670833 0.592187 0.647917 0.620313 0.610417 0.632812 0.620833 0.645312 0.614583 0.650000 0.616667 0.653125 0.597917 0.662500 0.579167
5 0.050391 0.430729 0.046875 0.400000 0.057813 0.408333 0.054688 0.460417 0.042188 0.454167
6 0.958594 0.455729 0.948438 0.406250 0.959375 0.397917 0.968750 0.506250 0.957812 0.512500
7 0.503125 0.479687 0.912500 0.068750 0.987500 0.912500 0.020313 0.891667 0.092188 0.045833
