3 0.420215 0.327604 0.410938 0.343750 0.412500 0.393750 0.415625 0.400000 0.431250 0.397917 0.431250 0.343750 0.471875 0.337500 0.473438 0.312500 0.468750 0.306250 0.429688 0.312500 0.428125 0.266667 0.425000 0.254167 0.406250 0.254167 0.409375 0.312500 0.368750 0.318750 0.368750 0.337500 0.371875 0.350000
0 0.314531 0.190625 0.325000 0.204167 0.325000 0.191667 0.325000 0.181250 0.318750 0.175000 0.309375 0.175000 0.306250 0.181250 0.304688 0.187500 0.304688 0.197917 0.309375 0.206250 0.317188 0.206250
2 0.098103 0.447619 0.075000 0.437500 0.081250 0.429167 0.090625 0.425000 0.100000 0.425000 0.109375 0.425000 0.117188 0.431250 0.121875 0.443750 0.123438 0.456250 0.117188 0.466667 0.106250 0.472917 0.093750 0.472917 0.085938 0.468750 0.078125 0.462500 0.073438 0.450000
5 0.065625 0.466146 0.071875 0.441667 0.062500 0.437500 0.059375 0.491667 0.068750 0.493750
6 0.932422 0.504687 0.925000 0.450000 0.934375 0.450000 0.939063 0.556250 0.931250 0.562500
1 0.600000 0.184115 0.606250 0.197917 0.610938 0.187500 0.610938 0.172917 0.600000 0.168750 0.593750 0.172917 0.590625 0.181250 0.590625 0.191667 0.596875 0.200000
9 0.221875 0.319792 0.212500 0.287500 0.203125 0.341667 0.231250 0.350000 0.240625 0.300000
8 0.234766 0.246875 0.225000 0.218750 0.217188 0.268750 0.243750 0.275000 0.253125 0.225000
4 0.258281 0.302778 0.223438 0.210417 0.218750 0.243750 0.209375 0.243750 0.201563 0.254167 0.193750 0.275000 0.196875 0.300000 0.206250 0.310417 0.196875 0.343750 0.217188 0.350000 0.218750 0.368750 0.228125 0.381250 0.281250 0.387500 0.290625 0.375000 0.290625 0.350000 0.278125 0.337500 0.281250 0.325000 0.278125 0.316667 0.281250 0.312500 0.287500 0.318750 0.303125 0.329167 0.306250 0.318750 0.312500 0.306250 0.314063 0.287500 0.309375 0.275000 0.293750 0.268750 0.287500 0.268750 0.282813 0.281250 0.253125 0.266667 0.250000 0.260417 0.256250 0.216667
7 0.498828 0.505729 0.912500 0.100000 0.934375 0.950000 0.048438 0.885417 0.100000 0.087500
