0 0.327344 0.890833 0.332813 0.904167 0.332813 0.893750 0.337500 0.891667 0.340625 0.881250 0.334375 0.868750 0.321875 0.872917 0.315625 0.885417 0.314063 0.897917 0.318750 0.906250 0.325000 0.906250
2 0.355859 0.913889 0.335938 0.918750 0.337500 0.925000 0.346875 0.937500 0.359375 0.943750 0.371875 0.943750 0.384375 0.925000 0.387500 0.906250 0.378125 0.891667 0.360938 0.885417 0.340625 0.885417 0.332813 0.897917 0.334375 0.906250
1 0.084687 0.128958 0.076563 0.118750 0.073438 0.125000 0.075000 0.135417 0.078125 0.141667 0.089063 0.143750 0.093750 0.141667 0.096875 0.131250 0.093750 0.122917 0.089063 0.116667 0.081250 0.112500
3 0.611849 0.615799 0.621875 0.625000 0.667188 0.610417 0.662500 0.587500 0.618750 0.600000 0.606250 0.543750 0.587500 0.550000 0.600000 0.606250 0.557813 0.618750 0.562500 0.647917 0.604688 0.631250 0.617188 0.687500 0.635938 0.681250
6 0.916406 0.486979 0.915625 0.543750 0.925000 0.541667 0.917188 0.431250 0.907813 0.431250
5 0.050391 0.506771 0.056250 0.535417 0.043750 0.531250 0.043750 0.479167 0.057813 0.481250
8 0.821875 0.425521 0.798438 0.412500 0.803125 0.447917 0.845313 0.437500 0.840625 0.404167
9 0.760547 0.435417 0.784375 0.450000 0.778125 0.412500 0.737500 0.418750 0.742188 0.460417
4 0.768630 0.447917 0.709375 0.454167 0.715625 0.497917 0.721875 0.500000 0.734375 0.506250 0.745313 0.506250 0.756250 0.493750 0.776563 0.481250 0.778125 0.504167 0.781250 0.516667 0.818750 0.510417 0.818750 0.487500 0.815625 0.481250 0.809375 0.450000 0.846875 0.443750 0.845313 0.397917 0.809375 0.404167 0.803125 0.362500 0.784375 0.360417 0.768750 0.366667 0.762500 0.375000 0.762500 0.412500 0.737500 0.416667 0.731250 0.425000 0.725000 0.422917 0.715625 0.431250 0.710938 0.437500
7 0.484766 0.516146 0.067187 0.120833 0.048438 0.929167 0.940625 0.922917 0.882812 0.091667
