9 0.591406 0.668229 0.590625 0.631250 0.618750 0.656250 0.590625 0.706250 0.565625 0.679167
8 0.554688 0.737500 0.556250 0.700000 0.579688 0.725000 0.554688 0.775000 0.528125 0.750000
0 0.775781 0.590104 0.790625 0.593750 0.787500 0.581250 0.778125 0.572917 0.767188 0.575000 0.760938 0.587500 0.762500 0.600000 0.775000 0.606250 0.784375 0.604167
1 0.562500 0.385417 0.575000 0.387500 0.575000 0.381250 0.571875 0.372917 0.564063 0.368750 0.556250 0.368750 0.550000 0.375000 0.548438 0.387500 0.550000 0.400000 0.557813 0.404167 0.565625 0.400000 0.573438 0.393750
2 0.697031 0.190417 0.700000 0.218750 0.718750 0.210417 0.725000 0.191667 0.721875 0.172917 0.709375 0.162500 0.687500 0.166667 0.675000 0.175000 0.668750 0.187500 0.675000 0.206250 0.689063 0.212500
3 0.445182 0.458507 0.437500 0.385417 0.454688 0.381250 0.456250 0.443750 0.500000 0.443750 0.501563 0.472917 0.456250 0.472917 0.454688 0.535417 0.434375 0.535417 0.434375 0.472917 0.390625 0.472917 0.387500 0.443750 0.434375 0.441667
4 0.564844 0.706994 0.550000 0.610417 0.590625 0.631250 0.621875 0.656250 0.626563 0.668750 0.625000 0.691667 0.618750 0.706250 0.600000 0.706250 0.612500 0.731250 0.610938 0.750000 0.615625 0.756250 0.590625 0.804167 0.575000 0.785417 0.575000 0.768750 0.573438 0.754167 0.571875 0.747917 0.554688 0.775000 0.526563 0.750000 0.542188 0.718750 0.534375 0.706250 0.528125 0.712500 0.518750 0.704167 0.506250 0.718750 0.493750 0.700000 0.518750 0.656250 0.528125 0.662500 0.537500 0.656250 0.534375 0.643750 0.534375 0.622917
5 0.029297 0.453646 0.025000 0.422917 0.037500 0.431250 0.034375 0.481250 0.020313 0.479167
6 0.940625 0.455729 0.928125 0.406250 0.940625 0.400000 0.953125 0.506250 0.940625 0.510417
7 0.485938 0.492188 0.887500 0.075000 0.978125 0.906250 0.009375 0.918750 0.068750 0.068750
