0 0.757422 0.872135 0.743750 0.862500 0.743750 0.879167 0.751563 0.891667 0.762500 0.887500 0.771875 0.881250 0.771875 0.862500 0.762500 0.856250 0.751563 0.856250
1 0.684201 0.899306 0.698438 0.910417 0.696875 0.893750 0.690625 0.885417 0.684375 0.881250 0.675000 0.887500 0.671875 0.893750 0.671875 0.906250 0.678125 0.916667 0.690625 0.918750
2 0.459659 0.506061 0.442188 0.497917 0.439063 0.510417 0.443750 0.525000 0.457813 0.535417 0.470313 0.531250 0.478125 0.522917 0.478125 0.504167 0.475000 0.491667 0.468750 0.481250 0.456250 0.481250 0.446875 0.485417
3 0.458203 0.665278 0.454688 0.647917 0.471875 0.597917 0.487500 0.604167 0.471875 0.656250 0.510938 0.681250 0.506250 0.706250 0.462500 0.685417 0.443750 0.737500 0.426563 0.725000 0.443750 0.672917 0.406250 0.643750 0.412500 0.625000
5 0.060937 0.480729 0.065625 0.506250 0.053125 0.506250 0.056250 0.454167 0.068750 0.456250
6 0.926562 0.504167 0.923438 0.560417 0.932813 0.556250 0.931250 0.450000 0.918750 0.450000
8 0.130078 0.136979 0.115625 0.154167 0.112500 0.125000 0.146875 0.118750 0.145313 0.150000
9 0.082031 0.144271 0.096875 0.160417 0.100000 0.125000 0.065625 0.129167 0.065625 0.162500
4 0.127865 0.180833 0.090625 0.166667 0.093750 0.181250 0.104688 0.193750 0.112500 0.200000 0.120313 0.210417 0.115625 0.218750 0.107813 0.225000 0.103125 0.218750 0.096875 0.225000 0.100000 0.231250 0.112500 0.237500 0.123438 0.231250 0.131250 0.225000 0.131250 0.241667 0.143750 0.243750 0.165625 0.243750 0.176563 0.237500 0.176563 0.212500 0.168750 0.206250 0.165625 0.141667 0.178125 0.131250 0.179688 0.116667 0.178125 0.100000 0.159375 0.097917 0.140625 0.093750 0.121875 0.093750 0.106250 0.100000 0.100000 0.112500 0.065625 0.125000 0.065625 0.162500
7 0.491797 0.514583 0.085938 0.108333 0.900000 0.108333 0.934375 0.943750 0.046875 0.897917
