8 0.710547 0.396875 0.687500 0.381250 0.689063 0.418750 0.734375 0.412500 0.731250 0.375000
9 0.647266 0.402083 0.625000 0.385417 0.668750 0.381250 0.668750 0.418750 0.626563 0.422917
0 0.393750 0.440179 0.403125 0.425000 0.406250 0.443750 0.400000 0.456250 0.387500 0.456250 0.381250 0.443750 0.384375 0.431250 0.393750 0.425000
1 0.072768 0.143750 0.081250 0.131250 0.087500 0.150000 0.081250 0.160417 0.068750 0.160417 0.059375 0.147917 0.059375 0.131250 0.071875 0.125000
2 0.680035 0.849537 0.675000 0.806250 0.693750 0.812500 0.700000 0.837500 0.700000 0.856250 0.690625 0.879167 0.679688 0.887500 0.665625 0.885417 0.656250 0.856250 0.659375 0.825000
3 0.414453 0.417361 0.403125 0.343750 0.421875 0.341667 0.425000 0.400000 0.470313 0.400000 0.470313 0.431250 0.425000 0.431250 0.425000 0.493750 0.406250 0.493750 0.403125 0.431250 0.360938 0.435417 0.359375 0.406250 0.403125 0.400000
4 0.670245 0.412319 0.604688 0.435417 0.610938 0.412500 0.620313 0.400000 0.621875 0.381250 0.656250 0.379167 0.659375 0.350000 0.662500 0.335417 0.700000 0.331250 0.704688 0.360417 0.698438 0.362500 0.700000 0.375000 0.734375 0.375000 0.737500 0.416667 0.698438 0.418750 0.700000 0.450000 0.710938 0.456250 0.712500 0.485417 0.673438 0.487500 0.668750 0.462500 0.662500 0.447917 0.646875 0.450000 0.625000 0.460417 0.606250 0.450000
5 0.029687 0.470313 0.025000 0.441667 0.037500 0.443750 0.034375 0.497917 0.021875 0.497917
6 0.942578 0.503646 0.934375 0.450000 0.946875 0.443750 0.950000 0.560417 0.939063 0.560417
7 0.485547 0.503125 0.921875 0.087500 0.943750 0.956250 0.017188 0.912500 0.059375 0.056250
