0 0.192188 0.781019 0.181250 0.781250 0.179688 0.791667 0.187500 0.797917 0.196875 0.793750 0.206250 0.787500 0.206250 0.775000 0.200000 0.766667 0.190625 0.766667 0.181250 0.768750
1 0.340278 0.338889 0.334375 0.325000 0.329688 0.331250 0.328125 0.343750 0.332813 0.350000 0.340625 0.356250 0.350000 0.354167 0.353125 0.341667 0.350000 0.325000 0.343750 0.322917
2 0.413438 0.557500 0.426563 0.537500 0.431250 0.550000 0.431250 0.562500 0.426563 0.579167 0.412500 0.587500 0.400000 0.581250 0.393750 0.562500 0.396875 0.547917 0.403125 0.535417 0.412500 0.531250
3 0.460807 0.400347 0.426563 0.450000 0.415625 0.431250 0.446875 0.397917 0.425000 0.354167 0.434375 0.337500 0.460938 0.381250 0.496875 0.347917 0.506250 0.368750 0.475000 0.404167 0.496875 0.450000 0.485938 0.462500 0.459375 0.418750
5 0.060547 0.470833 0.065625 0.493750 0.054688 0.497917 0.056250 0.443750 0.065625 0.447917
6 0.926562 0.509375 0.923438 0.566667 0.934375 0.560417 0.929688 0.454167 0.918750 0.456250
8 0.292578 0.387500 0.271875 0.400000 0.293750 0.418750 0.314063 0.375000 0.290625 0.356250
9 0.261719 0.447917 0.240625 0.456250 0.259375 0.479167 0.284375 0.437500 0.262500 0.418750
4 0.303397 0.431975 0.246875 0.406250 0.256250 0.418750 0.234375 0.456250 0.262500 0.487500 0.300000 0.518750 0.309375 0.510417 0.318750 0.497917 0.318750 0.479167 0.321875 0.456250 0.337500 0.468750 0.346875 0.468750 0.356250 0.456250 0.360938 0.437500 0.360938 0.431250 0.348438 0.418750 0.337500 0.425000 0.306250 0.404167 0.317188 0.372917 0.293750 0.354167 0.278125 0.347917 0.262500 0.362500 0.254688 0.375000 0.248438 0.381250
7 0.494531 0.507812 0.093750 0.093750 0.901563 0.112500 0.934375 0.943750 0.048438 0.881250
