0 0.053438 0.866042 0.054688 0.850000 0.050000 0.850000 0.042188 0.856250 0.037500 0.866667 0.043750 0.881250 0.053125 0.885417 0.059375 0.881250 0.065625 0.872917 0.065625 0.862500 0.062500 0.854167
1 0.484766 0.205208 0.475000 0.197917 0.475000 0.206250 0.475000 0.212500 0.485938 0.222917 0.493750 0.216667 0.493750 0.204167 0.493750 0.193750 0.485938 0.187500
2 0.459115 0.504340 0.456250 0.481250 0.450000 0.481250 0.443750 0.491667 0.440625 0.500000 0.442188 0.518750 0.446875 0.531250 0.459375 0.531250 0.473438 0.531250 0.478125 0.518750 0.481250 0.497917 0.471875 0.487500 0.465625 0.481250
3 0.458333 0.666667 0.454688 0.647917 0.471875 0.593750 0.487500 0.606250 0.473438 0.656250 0.512500 0.681250 0.506250 0.706250 0.462500 0.685417 0.443750 0.741667 0.428125 0.731250 0.443750 0.675000 0.403125 0.650000 0.412500 0.625000
5 0.059766 0.475000 0.065625 0.500000 0.053125 0.500000 0.054688 0.450000 0.065625 0.450000
6 0.926562 0.506250 0.923438 0.562500 0.934375 0.562500 0.929688 0.450000 0.918750 0.450000
8 0.257031 0.433333 0.234375 0.437500 0.253125 0.462500 0.278125 0.429167 0.262500 0.404167
9 0.215234 0.481250 0.192188 0.485417 0.209375 0.510417 0.237500 0.479167 0.221875 0.450000
4 0.256473 0.475694 0.217188 0.512500 0.243750 0.550000 0.259375 0.550000 0.271875 0.535417 0.273438 0.510417 0.282813 0.504167 0.293750 0.518750 0.312500 0.510417 0.318750 0.493750 0.312500 0.475000 0.300000 0.475000 0.273438 0.443750 0.281250 0.429167 0.256250 0.381250 0.239063 0.387500 0.225000 0.397917 0.212500 0.416667 0.206250 0.437500 0.209375 0.456250 0.187500 0.485417 0.209375 0.518750
7 0.493750 0.513542 0.043750 0.893750 0.932813 0.950000 0.904687 0.106250 0.093750 0.104167
