0 0.141562 0.881042 0.145313 0.897917 0.150000 0.893750 0.156250 0.881250 0.154688 0.868750 0.146875 0.862500 0.139063 0.862500 0.131250 0.872917 0.129688 0.881250 0.128125 0.891667 0.134375 0.897917
1 0.161458 0.678704 0.150000 0.675000 0.148438 0.675000 0.150000 0.687500 0.159375 0.697917 0.171875 0.693750 0.176563 0.681250 0.175000 0.668750 0.165625 0.662500 0.156250 0.666667
2 0.526250 0.514792 0.534375 0.491667 0.540625 0.500000 0.546875 0.512500 0.543750 0.529167 0.534375 0.541667 0.517188 0.541667 0.510938 0.529167 0.506250 0.510417 0.509375 0.500000 0.518750 0.491667
3 0.431901 0.521875 0.431250 0.541667 0.462500 0.585417 0.475000 0.568750 0.446875 0.525000 0.475000 0.485417 0.465625 0.462500 0.431250 0.500000 0.403125 0.462500 0.390625 0.475000 0.418750 0.518750 0.384375 0.556250 0.398438 0.581250
5 0.065625 0.490625 0.068750 0.516667 0.059375 0.516667 0.062500 0.462500 0.071875 0.466667
6 0.932422 0.501042 0.923438 0.447917 0.934375 0.443750 0.940625 0.556250 0.931250 0.556250
9 0.488672 0.108333 0.485938 0.135417 0.509375 0.118750 0.493750 0.081250 0.465625 0.097917
8 0.512891 0.167708 0.492188 0.156250 0.515625 0.137500 0.534375 0.179167 0.509375 0.197917
4 0.495420 0.174569 0.443750 0.179167 0.450000 0.193750 0.457813 0.200000 0.459375 0.212500 0.465625 0.231250 0.475000 0.250000 0.490625 0.243750 0.490625 0.229167 0.493750 0.212500 0.492188 0.200000 0.493750 0.200000 0.501563 0.210417 0.534375 0.193750 0.548438 0.187500 0.550000 0.200000 0.568750 0.185417 0.554688 0.143750 0.543750 0.131250 0.537500 0.112500 0.521875 0.110417 0.512500 0.110417 0.503125 0.104167 0.493750 0.081250 0.462500 0.097917 0.484375 0.143750 0.462500 0.160417 0.465625 0.172917 0.462500 0.185417 0.446875 0.179167
7 0.500781 0.518229 0.095312 0.112500 0.904687 0.104167 0.946875 0.943750 0.056250 0.912500
