0 0.812926 0.552273 0.803125 0.543750 0.800000 0.550000 0.800000 0.560417 0.806250 0.566667 0.814063 0.568750 0.823438 0.568750 0.825000 0.556250 0.825000 0.547917 0.821875 0.537500 0.814063 0.537500 0.809375 0.537500
1 0.230625 0.271250 0.221875 0.260417 0.217188 0.266667 0.218750 0.281250 0.228125 0.287500 0.234375 0.287500 0.240625 0.281250 0.242188 0.272917 0.240625 0.262500 0.234375 0.256250 0.228125 0.256250
2 0.060577 0.775000 0.040625 0.756250 0.034375 0.768750 0.032813 0.785417 0.034375 0.800000 0.048438 0.804167 0.065625 0.800000 0.078125 0.793750 0.089063 0.787500 0.092188 0.768750 0.087500 0.756250 0.076563 0.754167 0.059375 0.750000 0.048438 0.750000
5 0.050391 0.505729 0.056250 0.531250 0.043750 0.531250 0.043750 0.479167 0.057813 0.481250
6 0.916797 0.486458 0.915625 0.541667 0.925000 0.537500 0.917188 0.431250 0.909375 0.435417
8 0.489453 0.447917 0.465625 0.437500 0.489063 0.416667 0.512500 0.456250 0.490625 0.481250
9 0.525000 0.510938 0.501563 0.500000 0.523438 0.481250 0.548438 0.518750 0.526563 0.543750
4 0.501172 0.485938 0.442188 0.493750 0.457813 0.531250 0.475000 0.531250 0.487500 0.525000 0.496875 0.525000 0.492188 0.543750 0.492188 0.560417 0.501563 0.575000 0.510938 0.575000 0.568750 0.485417 0.565625 0.466667 0.543750 0.468750 0.543750 0.456250 0.550000 0.450000 0.528125 0.406250 0.515625 0.422917 0.517188 0.437500 0.510938 0.443750 0.489063 0.410417 0.462500 0.437500 0.478125 0.468750 0.475000 0.481250 0.465625 0.487500 0.457813 0.479167
3 0.354427 0.445486 0.368750 0.450000 0.403125 0.418750 0.393750 0.397917 0.356250 0.425000 0.334375 0.381250 0.318750 0.391667 0.340625 0.441667 0.303125 0.468750 0.315625 0.493750 0.350000 0.466667 0.376563 0.510417 0.392188 0.500000
7 0.484766 0.517708 0.071875 0.127083 0.882812 0.093750 0.940625 0.920833 0.043750 0.929167
