8 0.215234 0.270833 0.201563 0.247917 0.237500 0.260417 0.228125 0.293750 0.193750 0.281250
9 0.162109 0.247917 0.150000 0.225000 0.185938 0.237500 0.175000 0.272917 0.137500 0.256250
0 0.389732 0.892560 0.396875 0.872917 0.403125 0.887500 0.400000 0.904167 0.392188 0.910417 0.379688 0.906250 0.375000 0.891667 0.381250 0.875000
1 0.439323 0.523958 0.450000 0.510417 0.450000 0.529167 0.443750 0.537500 0.431250 0.537500 0.426563 0.522917 0.434375 0.506250
2 0.707118 0.584028 0.725000 0.566667 0.728125 0.591667 0.721875 0.610417 0.710938 0.618750 0.690625 0.612500 0.684375 0.591667 0.689063 0.566667 0.698438 0.550000 0.715625 0.547917
3 0.462630 0.457639 0.453125 0.381250 0.470313 0.381250 0.471875 0.441667 0.518750 0.441667 0.517188 0.472917 0.473438 0.475000 0.473438 0.531250 0.454688 0.531250 0.453125 0.475000 0.407813 0.475000 0.407813 0.443750 0.450000 0.441667
4 0.203865 0.292982 0.150000 0.218750 0.134375 0.254167 0.156250 0.343750 0.170313 0.360417 0.181250 0.360417 0.193750 0.343750 0.196875 0.341667 0.193750 0.362500 0.223438 0.381250 0.234375 0.356250 0.223438 0.343750 0.253125 0.268750 0.265625 0.272917 0.275000 0.250000 0.234375 0.218750 0.215625 0.212500 0.196875 0.216667 0.187500 0.222917 0.187500 0.237500
5 0.050781 0.430208 0.046875 0.400000 0.059375 0.406250 0.054688 0.460417 0.042188 0.454167
6 0.958594 0.456250 0.948438 0.406250 0.959375 0.400000 0.970313 0.506250 0.956250 0.512500
7 0.503125 0.480208 0.912500 0.072917 0.987500 0.916667 0.018750 0.887500 0.093750 0.043750
