0 0.775868 0.631250 0.762500 0.618750 0.762500 0.631250 0.765625 0.643750 0.775000 0.647917 0.784375 0.647917 0.787500 0.637500 0.787500 0.625000 0.784375 0.616667 0.773438 0.612500
1 0.226215 0.266667 0.217188 0.254167 0.212500 0.262500 0.215625 0.275000 0.221875 0.281250 0.231250 0.281250 0.240625 0.275000 0.239063 0.262500 0.232813 0.254167 0.225000 0.254167
2 0.463582 0.186538 0.446875 0.160417 0.443750 0.168750 0.443750 0.187500 0.450000 0.204167 0.454688 0.212500 0.465625 0.218750 0.475000 0.218750 0.484375 0.212500 0.484375 0.193750 0.481250 0.175000 0.475000 0.162500 0.465625 0.156250 0.456250 0.154167
3 0.353646 0.444965 0.368750 0.450000 0.403125 0.418750 0.393750 0.400000 0.356250 0.425000 0.332813 0.381250 0.318750 0.387500 0.337500 0.437500 0.303125 0.468750 0.314063 0.493750 0.350000 0.466667 0.375000 0.510417 0.390625 0.500000
5 0.050391 0.505729 0.056250 0.531250 0.043750 0.531250 0.043750 0.479167 0.057813 0.481250
6 0.917969 0.484896 0.909375 0.431250 0.918750 0.429167 0.925000 0.537500 0.918750 0.541667
8 0.490234 0.449479 0.465625 0.441667 0.489063 0.418750 0.515625 0.456250 0.490625 0.481250
9 0.523828 0.510938 0.500000 0.500000 0.521875 0.481250 0.548438 0.518750 0.525000 0.543750
4 0.501291 0.484601 0.440625 0.493750 0.456250 0.481250 0.462500 0.487500 0.478125 0.481250 0.478125 0.475000 0.462500 0.443750 0.490625 0.412500 0.509375 0.443750 0.515625 0.435417 0.510938 0.425000 0.528125 0.410417 0.550000 0.443750 0.546875 0.460417 0.554688 0.462500 0.565625 0.468750 0.573438 0.481250 0.509375 0.579167 0.496875 0.572917 0.493750 0.560417 0.493750 0.535417 0.481250 0.529167 0.470313 0.531250 0.460938 0.531250
7 0.484766 0.520833 0.073438 0.125000 0.884375 0.091667 0.937500 0.931250 0.043750 0.935417
