8 0.414844 0.629167 0.389062 0.631250 0.407813 0.662500 0.440625 0.627083 0.421875 0.595833
9 0.367188 0.682813 0.375000 0.647917 0.392188 0.681250 0.359375 0.716667 0.342187 0.685417
1 0.041071 0.755060 0.050000 0.739583 0.054688 0.754167 0.050000 0.768750 0.037500 0.775000 0.028125 0.764583 0.028125 0.745833 0.039062 0.737500
2 0.748125 0.818542 0.746875 0.779167 0.759375 0.793750 0.765625 0.810417 0.770312 0.831250 0.767188 0.850000 0.754687 0.856250 0.739062 0.854167 0.726562 0.829167 0.721875 0.800000 0.729688 0.781250
3 0.546224 0.580729 0.525000 0.510417 0.545312 0.504167 0.554688 0.564583 0.600000 0.552083 0.603125 0.579167 0.559375 0.591667 0.567187 0.652083 0.546875 0.658333 0.537500 0.595833 0.493750 0.608333 0.489063 0.583333 0.532813 0.568750
4 0.401237 0.648958 0.367188 0.591667 0.362500 0.581250 0.395313 0.554167 0.409375 0.572917 0.403125 0.585417 0.409375 0.600000 0.420312 0.591667 0.442188 0.629167 0.432812 0.641667 0.443750 0.658333 0.453125 0.645833 0.468750 0.668750 0.440625 0.706250 0.429688 0.693750 0.417187 0.704167 0.404687 0.695833 0.398438 0.718750 0.381250 0.729167 0.370312 0.725000 0.356250 0.716667 0.340625 0.683333 0.365625 0.647917 0.357812 0.629167 0.359375 0.604167
5 0.031250 0.469792 0.026562 0.441667 0.039062 0.443750 0.035937 0.497917 0.023438 0.495833
6 0.942578 0.504687 0.934375 0.450000 0.946875 0.447917 0.950000 0.560417 0.939063 0.560417
7 0.486719 0.505208 0.920312 0.087500 0.943750 0.956250 0.020313 0.914583 0.062500 0.062500
0 0.031875 0.465833 0.029687 0.452083 0.034375 0.454167 0.035937 0.464583 0.032813 0.477083 0.026562 0.481250
