1 0.680859 0.877865 0.675000 0.862500 0.684375 0.862500 0.690625 0.866667 0.693750 0.881250 0.687500 0.893750 0.678125 0.893750 0.668750 0.887500 0.668750 0.875000
0 0.531836 0.723177 0.537500 0.706250 0.542188 0.716667 0.542188 0.729167 0.537500 0.737500 0.526563 0.737500 0.521875 0.729167 0.521875 0.718750 0.525000 0.710417
2 0.066587 0.757853 0.062500 0.731250 0.075000 0.731250 0.085938 0.731250 0.092188 0.743750 0.093750 0.756250 0.085938 0.775000 0.073438 0.781250 0.059375 0.787500 0.048438 0.785417 0.043750 0.775000 0.043750 0.762500 0.046875 0.750000 0.054688 0.741667
3 0.393880 0.606944 0.384375 0.622917 0.343750 0.625000 0.340625 0.606250 0.384375 0.593750 0.378125 0.537500 0.396875 0.535417 0.400000 0.593750 0.443750 0.585417 0.446875 0.610417 0.406250 0.618750 0.410938 0.672917 0.390625 0.681250
5 0.066797 0.466667 0.076563 0.443750 0.062500 0.437500 0.059375 0.491667 0.068750 0.493750
6 0.932031 0.503125 0.925000 0.450000 0.934375 0.450000 0.939063 0.556250 0.929688 0.556250
8 0.615625 0.739583 0.600000 0.712500 0.600000 0.768750 0.631250 0.766667 0.631250 0.710417
9 0.614062 0.655208 0.596875 0.629167 0.600000 0.681250 0.631250 0.685417 0.628125 0.625000
4 0.607812 0.699514 0.612500 0.606250 0.565625 0.618750 0.562500 0.631250 0.564063 0.656250 0.579688 0.672917 0.578125 0.679167 0.571875 0.681250 0.564063 0.691667 0.554688 0.693750 0.553125 0.716667 0.554688 0.743750 0.557813 0.750000 0.571875 0.743750 0.575000 0.725000 0.596875 0.729167 0.596875 0.775000 0.637500 0.768750 0.635938 0.735417 0.640625 0.729167 0.646875 0.731250 0.648438 0.743750 0.659375 0.750000 0.668750 0.743750 0.671875 0.716667 0.668750 0.693750 0.659375 0.679167 0.642188 0.662500 0.631250 0.662500 0.635938 0.635417 0.628125 0.618750
7 0.499219 0.507292 0.915625 0.104167 0.100000 0.087500 0.046875 0.887500 0.934375 0.950000
