5 0.067187 0.466146 0.075000 0.443750 0.062500 0.437500 0.059375 0.491667 0.071875 0.491667
6 0.933203 0.504687 0.925000 0.450000 0.937500 0.447917 0.940625 0.560417 0.929688 0.560417
3 0.416466 0.327404 0.431250 0.341667 0.431250 0.393750 0.415625 0.400000 0.410938 0.343750 0.371875 0.347917 0.367188 0.331250 0.368750 0.318750 0.410938 0.316667 0.409375 0.254167 0.425000 0.254167 0.429688 0.310417 0.470313 0.306250 0.471875 0.337500
2 0.067668 0.758494 0.053125 0.743750 0.059375 0.737500 0.065625 0.731250 0.076563 0.731250 0.085938 0.737500 0.092188 0.743750 0.092188 0.762500 0.085938 0.775000 0.076563 0.785417 0.057813 0.787500 0.046875 0.787500 0.043750 0.775000 0.043750 0.762500
0 0.059896 0.721759 0.073438 0.725000 0.073438 0.716667 0.068750 0.712500 0.062500 0.710417 0.056250 0.712500 0.050000 0.718750 0.050000 0.729167 0.050000 0.735417 0.054688 0.735417
1 0.245139 0.351157 0.248438 0.337500 0.254688 0.343750 0.256250 0.354167 0.253125 0.360417 0.246875 0.362500 0.240625 0.360417 0.234375 0.356250 0.234375 0.347917 0.237500 0.337500
8 0.235156 0.247917 0.225000 0.218750 0.218750 0.268750 0.243750 0.279167 0.253125 0.225000
9 0.221094 0.321875 0.212500 0.291667 0.203125 0.341667 0.228125 0.350000 0.240625 0.304167
4 0.257812 0.302409 0.218750 0.241667 0.206250 0.237500 0.201563 0.254167 0.193750 0.268750 0.193750 0.287500 0.196875 0.304167 0.206250 0.312500 0.200000 0.343750 0.218750 0.350000 0.218750 0.366667 0.228125 0.381250 0.281250 0.387500 0.290625 0.375000 0.290625 0.350000 0.278125 0.337500 0.281250 0.325000 0.278125 0.316667 0.278125 0.312500 0.285938 0.318750 0.298438 0.325000 0.304688 0.322917 0.309375 0.312500 0.314063 0.300000 0.314063 0.285417 0.309375 0.275000 0.293750 0.268750 0.287500 0.275000 0.282813 0.281250 0.259375 0.268750 0.251563 0.262500 0.256250 0.218750 0.221875 0.210417
7 0.499219 0.505729 0.912500 0.100000 0.103125 0.087500 0.046875 0.885417 0.934375 0.950000
