6 0.926953 0.510417 0.917188 0.456250 0.931250 0.454167 0.934375 0.562500 0.925000 0.568750
5 0.062500 0.467187 0.071875 0.443750 0.059375 0.437500 0.053125 0.493750 0.065625 0.493750
1 0.370089 0.545833 0.365625 0.531250 0.376563 0.531250 0.381250 0.541667 0.379688 0.554167 0.368750 0.562500 0.359375 0.556250 0.359375 0.543750
2 0.414375 0.555000 0.403125 0.537500 0.415625 0.531250 0.425000 0.537500 0.431250 0.543750 0.429688 0.556250 0.429688 0.572917 0.415625 0.581250 0.400000 0.579167 0.396875 0.560417 0.396875 0.550000
0 0.679464 0.849405 0.673438 0.835417 0.684375 0.831250 0.690625 0.847917 0.690625 0.862500 0.679688 0.868750 0.668750 0.856250 0.668750 0.843750
3 0.508073 0.490625 0.496875 0.418750 0.496875 0.475000 0.456250 0.479167 0.456250 0.506250 0.500000 0.504167 0.501563 0.562500 0.518750 0.562500 0.518750 0.506250 0.559375 0.506250 0.559375 0.472917 0.517188 0.475000 0.515625 0.418750
9 0.314453 0.361458 0.296875 0.341667 0.304688 0.387500 0.331250 0.381250 0.325000 0.335417
8 0.321484 0.431250 0.306250 0.410417 0.309375 0.460417 0.337500 0.450000 0.332813 0.404167
4 0.333929 0.406548 0.293750 0.335417 0.296875 0.362500 0.293750 0.368750 0.293750 0.385417 0.293750 0.393750 0.285938 0.397917 0.284375 0.416667 0.285938 0.431250 0.282813 0.443750 0.290625 0.475000 0.309375 0.475000 0.314063 0.462500 0.340625 0.460417 0.343750 0.447917 0.362500 0.441667 0.371875 0.443750 0.378125 0.454167 0.396875 0.443750 0.396875 0.422917 0.392188 0.406250 0.387500 0.400000 0.371875 0.400000 0.368750 0.381250 0.356250 0.368750 0.353125 0.354167 0.345313 0.343750 0.334375 0.341667 0.325000 0.325000
7 0.495312 0.508333 0.906250 0.106250 0.093750 0.087500 0.046875 0.885417 0.934375 0.954167
