8 0.557813 0.819271 0.531250 0.810417 0.559375 0.860417 0.585938 0.825000 0.554688 0.781250
9 0.514844 0.751042 0.512500 0.712500 0.542188 0.760417 0.518750 0.787500 0.485938 0.743750
0 0.089509 0.297619 0.103125 0.293750 0.100000 0.306250 0.092188 0.316667 0.078125 0.310417 0.075000 0.293750 0.081250 0.281250 0.096875 0.281250
1 0.126172 0.733073 0.140625 0.725000 0.140625 0.737500 0.134375 0.750000 0.120313 0.750000 0.109375 0.743750 0.109375 0.725000 0.120313 0.716667 0.134375 0.716667
2 0.375937 0.830417 0.396875 0.818750 0.395313 0.843750 0.387500 0.868750 0.378125 0.875000 0.360938 0.866667 0.350000 0.831250 0.350000 0.806250 0.365625 0.793750 0.381250 0.793750 0.393750 0.806250
3 0.461719 0.458160 0.454688 0.385417 0.471875 0.381250 0.471875 0.441667 0.517188 0.443750 0.517188 0.475000 0.471875 0.475000 0.470313 0.535417 0.450000 0.531250 0.450000 0.472917 0.407813 0.472917 0.407813 0.441667 0.450000 0.441667
4 0.539062 0.783681 0.460938 0.781250 0.512500 0.687500 0.532813 0.693750 0.543750 0.706250 0.542188 0.737500 0.556250 0.729167 0.568750 0.725000 0.575000 0.725000 0.581250 0.725000 0.609375 0.766667 0.595313 0.787500 0.584375 0.775000 0.568750 0.793750 0.585938 0.825000 0.562500 0.860417 0.542188 0.831250 0.528125 0.843750 0.534375 0.862500 0.518750 0.881250 0.489063 0.837500 0.501563 0.818750 0.496875 0.804167 0.481250 0.810417 0.465625 0.800000
5 0.048438 0.453646 0.043750 0.425000 0.056250 0.429167 0.053125 0.481250 0.040625 0.479167
6 0.959375 0.444792 0.948438 0.393750 0.959375 0.387500 0.970313 0.497917 0.959375 0.500000
7 0.503906 0.486458 0.912500 0.062500 0.990625 0.900000 0.021875 0.916667 0.090625 0.066667
