6 0.932422 0.505208 0.925000 0.454167 0.934375 0.450000 0.940625 0.556250 0.929688 0.560417
5 0.066406 0.467708 0.075000 0.443750 0.062500 0.441667 0.059375 0.491667 0.068750 0.493750
1 0.761285 0.563194 0.756250 0.550000 0.762500 0.550000 0.768750 0.554167 0.773438 0.562500 0.768750 0.572917 0.765625 0.575000 0.756250 0.579167 0.750000 0.568750 0.750000 0.556250
3 0.568359 0.552431 0.565625 0.568750 0.595313 0.616667 0.606250 0.600000 0.584375 0.556250 0.615625 0.518750 0.606250 0.500000 0.571875 0.535417 0.543750 0.487500 0.528125 0.504167 0.553125 0.550000 0.518750 0.585417 0.531250 0.606250
0 0.542344 0.608750 0.534375 0.618750 0.537500 0.625000 0.543750 0.622917 0.553125 0.618750 0.554688 0.606250 0.550000 0.593750 0.543750 0.593750 0.537500 0.597917 0.534375 0.600000 0.534375 0.610417
2 0.067187 0.757440 0.057813 0.737500 0.068750 0.731250 0.078125 0.731250 0.087500 0.735417 0.093750 0.747917 0.092188 0.760417 0.087500 0.768750 0.075000 0.779167 0.062500 0.785417 0.053125 0.785417 0.043750 0.775000 0.043750 0.762500 0.046875 0.754167 0.050000 0.750000
9 0.613281 0.655208 0.596875 0.625000 0.600000 0.685417 0.628125 0.685417 0.628125 0.625000
8 0.615625 0.739062 0.600000 0.710417 0.600000 0.768750 0.631250 0.766667 0.631250 0.710417
4 0.610757 0.691026 0.612500 0.610417 0.568750 0.618750 0.562500 0.635417 0.565625 0.656250 0.579688 0.672917 0.578125 0.681250 0.568750 0.687500 0.554688 0.693750 0.554688 0.743750 0.575000 0.743750 0.578125 0.731250 0.596875 0.725000 0.600000 0.775000 0.637500 0.766667 0.635938 0.731250 0.646875 0.731250 0.650000 0.747917 0.668750 0.743750 0.671875 0.718750 0.667188 0.691667 0.656250 0.672917 0.631250 0.662500 0.631250 0.654167 0.634375 0.637500 0.631250 0.622917 0.621875 0.610417
7 0.497656 0.505729 0.912500 0.100000 0.100000 0.087500 0.043750 0.885417 0.934375 0.950000
