0 0.141016 0.751302 0.128125 0.747917 0.128125 0.756250 0.134375 0.768750 0.145313 0.766667 0.154688 0.760417 0.154688 0.743750 0.148438 0.735417 0.134375 0.731250
1 0.184821 0.372024 0.175000 0.362500 0.171875 0.375000 0.181250 0.387500 0.193750 0.387500 0.196875 0.375000 0.193750 0.360417 0.181250 0.356250
2 0.468466 0.913636 0.442188 0.912500 0.442188 0.922917 0.450000 0.931250 0.465625 0.941667 0.484375 0.937500 0.493750 0.929167 0.496875 0.912500 0.490625 0.893750 0.478125 0.885417 0.462500 0.885417 0.446875 0.897917
3 0.503385 0.525347 0.492188 0.531250 0.485938 0.593750 0.501563 0.597917 0.510938 0.537500 0.554688 0.550000 0.554688 0.529167 0.512500 0.512500 0.521875 0.460417 0.506250 0.456250 0.496875 0.510417 0.453125 0.500000 0.450000 0.525000
6 0.917188 0.484896 0.912500 0.541667 0.928125 0.541667 0.918750 0.425000 0.909375 0.431250
5 0.052344 0.504687 0.057813 0.531250 0.043750 0.531250 0.048438 0.475000 0.059375 0.481250
8 0.642188 0.566667 0.621875 0.547917 0.621875 0.581250 0.662500 0.587500 0.662500 0.550000
9 0.582812 0.561979 0.565625 0.543750 0.562500 0.581250 0.600000 0.579167 0.603125 0.543750
4 0.609049 0.574306 0.554688 0.568750 0.550000 0.579167 0.550000 0.591667 0.559375 0.600000 0.571875 0.606250 0.585938 0.600000 0.600000 0.600000 0.600000 0.616667 0.606250 0.618750 0.609375 0.637500 0.646875 0.643750 0.643750 0.618750 0.635938 0.616667 0.634375 0.587500 0.668750 0.591667 0.667188 0.543750 0.635938 0.543750 0.635938 0.529167 0.648438 0.518750 0.646875 0.493750 0.606250 0.491667 0.600000 0.510417 0.596875 0.537500 0.562500 0.537500
7 0.486719 0.518750 0.073438 0.127083 0.884375 0.093750 0.939063 0.925000 0.050000 0.929167
