0 0.124805 0.860417 0.137500 0.872917 0.137500 0.860417 0.134375 0.850000 0.125000 0.843750 0.115625 0.847917 0.112500 0.860417 0.112500 0.868750 0.123438 0.879167
1 0.409766 0.312240 0.421875 0.312500 0.418750 0.300000 0.409375 0.293750 0.400000 0.300000 0.396875 0.312500 0.400000 0.325000 0.412500 0.329167 0.418750 0.325000
2 0.459896 0.510590 0.442188 0.506250 0.443750 0.497917 0.450000 0.485417 0.462500 0.481250 0.475000 0.491667 0.478125 0.504167 0.481250 0.512500 0.475000 0.525000 0.465625 0.535417 0.456250 0.537500 0.446875 0.531250 0.442188 0.518750
3 0.350651 0.588542 0.367188 0.581250 0.387500 0.531250 0.368750 0.518750 0.346875 0.568750 0.309375 0.543750 0.298438 0.562500 0.335938 0.593750 0.314063 0.647917 0.329688 0.656250 0.353125 0.610417 0.393750 0.635417 0.403125 0.612500
5 0.058984 0.483333 0.065625 0.506250 0.050000 0.510417 0.054688 0.456250 0.065625 0.460417
6 0.926562 0.504687 0.918750 0.450000 0.921875 0.556250 0.934375 0.562500 0.931250 0.450000
8 0.132031 0.137500 0.117188 0.156250 0.115625 0.125000 0.148438 0.118750 0.146875 0.150000
9 0.082812 0.143229 0.096875 0.156250 0.100000 0.125000 0.068750 0.129167 0.065625 0.162500
4 0.126462 0.179301 0.092188 0.166667 0.093750 0.179167 0.104688 0.187500 0.109375 0.200000 0.118750 0.206250 0.118750 0.218750 0.109375 0.222917 0.104688 0.222917 0.093750 0.218750 0.096875 0.225000 0.103125 0.235417 0.115625 0.237500 0.128125 0.231250 0.137500 0.237500 0.150000 0.247917 0.168750 0.247917 0.176563 0.231250 0.175000 0.212500 0.165625 0.210417 0.168750 0.143750 0.178125 0.131250 0.179688 0.112500 0.176563 0.104167 0.153125 0.093750 0.140625 0.100000 0.118750 0.097917 0.107813 0.104167 0.103125 0.112500 0.100000 0.122917 0.068750 0.129167 0.062500 0.166667
7 0.491797 0.515104 0.087500 0.110417 0.903125 0.104167 0.931250 0.945833 0.045312 0.900000
