2 0.067318 0.757465 0.043750 0.756250 0.050000 0.747917 0.057813 0.741667 0.068750 0.731250 0.081250 0.731250 0.090625 0.741667 0.093750 0.754167 0.089063 0.768750 0.076563 0.779167 0.062500 0.781250 0.050000 0.781250 0.043750 0.775000
3 0.347135 0.498090 0.340625 0.481250 0.356250 0.429167 0.375000 0.437500 0.360938 0.487500 0.400000 0.510417 0.393750 0.537500 0.350000 0.516667 0.340625 0.568750 0.321875 0.562500 0.332813 0.504167 0.293750 0.481250 0.300000 0.460417
5 0.067187 0.466146 0.075000 0.443750 0.065625 0.437500 0.059375 0.491667 0.068750 0.491667
6 0.932422 0.504687 0.925000 0.450000 0.934375 0.450000 0.940625 0.556250 0.929688 0.562500
1 0.615430 0.459375 0.609375 0.447917 0.617188 0.447917 0.621875 0.450000 0.626563 0.456250 0.625000 0.468750 0.615625 0.475000 0.604688 0.472917 0.603125 0.456250
0 0.762500 0.716406 0.762500 0.704167 0.768750 0.706250 0.773438 0.712500 0.771875 0.725000 0.765625 0.731250 0.753125 0.729167 0.751563 0.716667 0.753125 0.706250
8 0.778125 0.652604 0.773438 0.618750 0.751563 0.647917 0.784375 0.687500 0.803125 0.656250
9 0.730859 0.593750 0.725000 0.562500 0.706250 0.587500 0.735938 0.625000 0.756250 0.600000
4 0.740833 0.632361 0.725000 0.554167 0.718750 0.560417 0.709375 0.556250 0.696875 0.562500 0.671875 0.606250 0.675000 0.625000 0.687500 0.641667 0.709375 0.637500 0.715625 0.643750 0.714063 0.654167 0.712500 0.662500 0.703125 0.675000 0.706250 0.691667 0.721875 0.706250 0.731250 0.716667 0.740625 0.706250 0.745313 0.693750 0.737500 0.681250 0.759375 0.662500 0.784375 0.697917 0.809375 0.656250 0.784375 0.631250 0.787500 0.625000 0.796875 0.625000 0.809375 0.606250 0.800000 0.587500 0.787500 0.575000 0.778125 0.572917 0.759375 0.575000 0.746875 0.581250
7 0.499219 0.506771 0.915625 0.100000 0.100000 0.091667 0.046875 0.885417 0.934375 0.950000
