1 0.5671875 0.77265625 0.0203125 0.0328125
1 0.0921875 0.36015625 0.0203125 0.03125
1 0.509375 0.09453125 0.021875 0.03125
1 0.08984375 0.8828125 0.0203125 0.0328125
1 0.9 0.08984375 0.0203125 0.0265625
1 0.6515625 0.103125 0.021875 0.0328125
1 0.57890625 0.39765625 0.0203125 0.028125
1 0.10625 0.6484375 0.021875 0.028125
0 0.55234375 0.459375 0.021875 0.028125
1 0.90234375 0.3640625 0.021875 0.028125
1 0.0984375 0.103125 0.0171875 0.028125
1 0.584375 0.48671875 0.0171875 0.0328125
1 0.6125 0.44140625 0.0265625 0.0265625
1 0.903125 0.8484375 0.0234375 0.0296875
