1 0.71328125 0.38046875 0.265625 0.2546875
1 0.28203125 0.23125 0.1890625 0.1875
1 0.4875 0.1859375 0.134375 0.1375
1 0.66328125 0.1625 0.11875 0.1171875
1 0.84765625 0.18671875 0.15 0.146875
1 0.9249907453124999 0.1748652296875 0.9380187843750001 0.179207909375
1 0.8943024765625 0.12477965937499999 0.900382228125 0.12767477968750002
1 0.568601509375 0.1855771734375 0.5793134531249999 0.1751547421875
1 0.5729441890625 0.0709304328125 0.5665749265625 0.062824096875
1 0.75234375 0.1265625 0.09375 0.0984375
