1 0.1859375 0.12265625 0.0265625 0.0328125
1 0.1859375 0.12265625 0.0265625 0.0328125
1 0.415625 0.17265625 0.0265625 0.0328125
1 0.05625 0.7828125 0.0328125 0.0359375
1 0.78828125 0.08984375 0.0265625 0.034375
1 0.5328125 0.2765625 0.025 0.034375
1 0.53671875 0.12265625 0.0265625 0.034375
1 0.3234375 0.7828125 0.0296875 0.0421875
1 0.48203125 0.36953125 0.0234375 0.034375
1 0.4734375 0.78984375 0.03125 0.0328125
1 0.87265625 0.66953125 0.0359375 0.04375
1 0.1859375 0.12265625 0.0265625 0.0328125
1 0.415625 0.17265625 0.0265625 0.0328125
1 0.05625 0.7828125 0.0328125 0.0359375
1 0.78828125 0.08984375 0.0265625 0.034375
1 0.5328125 0.2765625 0.025 0.034375
1 0.53671875 0.12265625 0.0265625 0.034375
1 0.3234375 0.7828125 0.0296875 0.0421875
1 0.48203125 0.36953125 0.0234375 0.034375
1 0.4734375 0.78984375 0.03125 0.0328125
1 0.87265625 0.66953125 0.0359375 0.04375
1 0.1859375 0.12265625 0.0265625 0.0328125
1 0.415625 0.17265625 0.0265625 0.0328125
1 0.05625 0.7828125 0.0328125 0.0359375
1 0.78828125 0.08984375 0.0265625 0.034375
1 0.5328125 0.2765625 0.025 0.034375
1 0.53671875 0.12265625 0.0265625 0.034375
1 0.3234375 0.7828125 0.0296875 0.0421875
1 0.48203125 0.36953125 0.0234375 0.034375
1 0.4734375 0.78984375 0.03125 0.0328125
1 0.87265625 0.66953125 0.0359375 0.04375
1 0.1859375 0.12265625 0.0265625 0.0328125
1 0.415625 0.17265625 0.0265625 0.0328125
1 0.18515625 0.12421875 0.028125 0.0328125
1 0.05625 0.7828125 0.0328125 0.0359375
1 0.78828125 0.08984375 0.0265625 0.034375
1 0.5328125 0.2765625 0.025 0.034375
1 0.53671875 0.12265625 0.0265625 0.034375
1 0.05703125 0.784375 0.03125 0.0359375
1 0.53671875 0.12421875 0.025 0.0359375
1 0.3234375 0.7828125 0.0296875 0.0421875
1 0.41328125 0.17265625 0.0265625 0.0328125
1 0.7875 0.08671875 0.0265625 0.034375
1 0.48203125 0.36953125 0.0234375 0.034375
1 0.4734375 0.78984375 0.03125 0.0328125
1 0.4703125 0.78984375 0.03125 0.0328125
1 0.87265625 0.66953125 0.0359375 0.04375
1 0.871875 0.66875 0.0375 0.0453125
1 0.53359375 0.27578125 0.028125 0.034375
1 0.336419753125 0.5046296296875 0.3290123453125 0.503703703125
