1 0.49401041718750005 0.098405428125 0.4895833328125 0.104423946875
1 0.6592743234375 0.126209909375 0.652503490625 0.1299136125
1 0.7903645828125 0.1601851859375 0.784375 0.1671296296875
1 0.80703125 0.1324074078125 0.8020833328125001 0.140277778125
1 0.8075520828125 0.24009943281249999 0.8 0.247043878125
1 0.81015625 0.377777778125 0.8052083328125 0.3865740734375
1 0.71796875 0.427777778125 0.7106770828125 0.4296296296875
1 0.5018229171875 0.89444444375 0.4973958328125 0.8995370375
1 0.7846354171875001 0.7481481484375 0.7802083328125 0.7597222218749999
1 0.8044270828125001 0.796296296875 0.8005208328125001 0.8023148140625
0 0.1877604171875 0.909259259375 0.1807291671875 0.9171296296874999
1 0.52578125 0.6 0.5208333328125 0.608796296875
