1 0.1658854171875 0.048148148437499996 0.1619791671875 0.05601851875
1 0.2377604171875 0.048148148437499996 0.2328125 0.05601851875
1 0.3111979171875 0.0546296296875 0.30625 0.0634259265625
1 0.2627604171875 0.1129629625 0.2598958328125 0.12175925937500001
1 0.48359375 0.39444444375 0.47864583281249995 0.39953703749999997
1 0.4486979171875 0.353703703125 0.44322916718750005 0.36157407343750003
1 0.5971354171875001 0.4361111109375 0.58984375 0.4379629625
1 0.55703125 0.5240740734375 0.55 0.5328703703125
1 0.2221354171875 0.75648148125 0.2153645828125 0.75648148125
1 0.17630208281249998 0.8361111109375001 0.16848958281249998 0.8388888890624999
1 0.1653645828125 0.8953703703125001 0.15703125 0.8981481484374999
0 0.79140625 0.7740740734375 0.7869791671875 0.7800925921874999
