0 0.7752604171875 0.75 0.7713541671875 0.75601851875
1 0.6388020828125 0.09629629687499999 0.6322916671875001 0.103240740625
1 0.50390625 0.3481481484375 0.4984375 0.3550925921875
1 0.4486979171875 0.3518518515625 0.44322916718750005 0.358796296875
1 0.42109375 0.39351851875 0.415625 0.39953703749999997
1 0.58828125 0.44351851875000003 0.5817708328125 0.4495370375
1 0.5294270828125 0.56851851875 0.525 0.5745370375000001
1 0.5877604171875 0.6129629624999999 0.5838541671875 0.6208333328125
1 0.6002604171875 0.575 0.5947916671875 0.58194444375
1 0.64453125 0.48055555625 0.6395833328125 0.4865740734375
1 0.6669270828125 0.44629629687500005 0.6598958328125 0.45324074062499997
1 0.70234375 0.83055555625 0.6979166671875 0.8356481484374999
