1 0.32421875 0.8574074078124999 0.3171875 0.866203703125
1 0.3825520828125 0.8824074078124999 0.3763020828125 0.8851851859375
1 0.47838541718750005 0.8759259265624999 0.47291666718750003 0.8847222218749999
1 0.6861979171875 0.7953703703125 0.6817708328125 0.8023148140625
1 0.5481770828125 0.5379629625 0.5432291671875 0.5458333328125
1 0.43984375 0.478703703125 0.43645833281249996 0.4865740734375
1 0.6158854171875 0.5138888890625 0.6114583328125 0.51898148125
1 0.69140625 0.515740740625 0.6911458328125 0.5310185187500001
1 0.7684895828125 0.2259259265625 0.7625 0.23379629687499998
1 0.7325520828125 0.2296296296875 0.7252604171875 0.23240740781250002
1 0.6591145828125 0.134259259375 0.6520833328125 0.140277778125
0 0.6861979171875 0.5453703703125 0.68125 0.5523148140624999
