1 0.5252604171875 0.6009259265625 0.5208333328125 0.608796296875
1 0.50078125 0.7166666671875 0.4953125 0.7236111109375
1 0.5033854171875001 0.7611111109375 0.4955729171875 0.7629629625
1 0.50703125 0.7888888890625 0.49817708281249995 0.790740740625
1 0.5299479171875 0.877777778125 0.5244791671875 0.8856481484375
1 0.5143229171875 0.890740740625 0.5065104171875 0.8925925921875001
1 0.56015625 0.7666666671875 0.5536458328125 0.7745370375
1 0.58046875 0.7833333328125 0.5765625 0.790277778125
1 0.6002604171875 0.878703703125 0.5955729171875 0.88148148125
1 0.7221354171875001 0.4175925921875 0.715625 0.4263888890625
1 0.8075520828125 0.1324074078125 0.8020833328125001 0.140277778125
0 0.58359375 0.8666666671875 0.5776041671875001 0.8745370375
