1 0.1658854171875 0.0490740734375 0.1619791671875 0.05601851875
1 0.45078125 0.0629629625 0.44427083281249996 0.0699074078125
1 0.5638020828125 0.08333333281250001 0.5578125 0.09120370312500001
1 0.5705729171875 0.478703703125 0.5666666671875 0.4865740734375
1 0.47473958281249995 0.375 0.4692708328125 0.383796296875
1 0.47421875 0.48055555625 0.47239583281249997 0.4865740734375
1 0.44140625 0.478703703125 0.4369791671875 0.48472222187499997
1 0.5825520828124999 0.5879629625 0.5776041671875001 0.5949074078125001
1 0.5966145828125 0.6675925921875 0.5921875 0.6745370375
1 0.1559895828125 0.9018518515625 0.1515625 0.9087962968750001
1 0.7924479171875001 0.8546296296874999 0.7890625 0.8615740734375
0 0.78359375 0.08518518593749999 0.778125 0.09305555625
