0 0.8153645828125 0.1326841859375 0.80703125 0.1345360375
1 0.508743875 0.097222221875 0.5032751249999999 0.1050925921875
1 0.49505208281249996 0.1583333328125 0.49114583281249996 0.165277778125
1 0.5216145828125 0.5475060640625 0.5171875 0.5563023609375
1 0.7809895828125 0.6425925921875 0.7770833328125 0.6495370375
1 0.1842741640625 0.3138888890625 0.1808887484375 0.32083333281250004
1 0.5966145828125 0.8817848203124999 0.5921875 0.8905811171875
1 0.5565104171875 0.9009259265624999 0.5515625 0.9078703703125001
1 0.72578125 0.8095431015625 0.7208333328125 0.8164875453124999
1 0.70546875 0.8490740734375001 0.7010416671875 0.85694444375
1 0.7252604171875 0.852777778125 0.7208333328125 0.8578703703125001
1 0.7393229171875 0.8771354109375 0.7348958328124999 0.8822280031249999
