1 0.6388020828125 0.09629629687499999 0.6322916671875001 0.103240740625
1 0.5018229171875 0.3490740734375 0.49791666718750005 0.35694444375
1 0.4486979171875 0.3518518515625 0.44322916718750005 0.358796296875
1 0.41588541718750005 0.3916666671875 0.41197916718750005 0.40046296249999996
1 0.6231770828125 0.38703703749999996 0.61875 0.39305555625
1 0.6700520828125 0.403703703125 0.6645833328124999 0.41157407343749997
1 0.64765625 0.4796296296875 0.6432291671875 0.4875
1 0.5294270828125 0.56851851875 0.525 0.5745370375000001
1 0.6002604171875 0.575 0.5947916671875 0.58194444375
1 0.5877604171875 0.6129629624999999 0.5838541671875 0.6208333328125
1 0.70234375 0.83055555625 0.6979166671875 0.8356481484374999
0 0.772656359375 0.7546307718749999 0.7697917765625 0.7625011421875
