0 0.5716145828125 0.184259259375 0.5666666671875 0.190277778125
1 0.6388020828125 0.09629629687499999 0.6322916671875001 0.103240740625
1 0.46276041718750005 0.1324074078125 0.45598958281249996 0.13333333281249998
1 0.44713541718750005 0.1481481484375 0.44166666718750003 0.1541666671875
1 0.2903645828125 0.10648148125000001 0.2854166671875 0.11435185156250001
1 0.13229166718750002 0.44398148125 0.13125 0.45416666718750004
1 0.2747395828125 0.525 0.2658854171875 0.5287037031249999
1 0.25078125 0.865740740625 0.24348958281250002 0.86851851875
1 0.41692708281249996 0.39074074062499997 0.4125 0.3976851859375
1 0.4486979171875 0.3518518515625 0.44427083281249996 0.35601851875
1 0.6388020828125 0.8629629624999999 0.6354166671875 0.8680555562500001
1 0.6580729171875 0.8611111109375 0.6546875 0.8652777781250001
