1 0.47473958281249995 0.0759259265625 0.46979166718750004 0.08194444375
1 0.4877604171875 0.0638888890625 0.48333333281249996 0.0699074078125
1 0.5315104171875 0.2851851859375 0.5260416671875 0.29305555625
1 0.44348958281249995 0.4768518515625 0.4369791671875 0.4828703703125
1 0.6591145828125 0.134259259375 0.6520833328125 0.140277778125
1 0.72890625 0.2296296296875 0.7229166671875 0.2375
1 0.7736979171875 0.2259259265625 0.7669270828125 0.22685185156249998
1 0.6752604171875001 0.509259259375 0.6713541671875001 0.5143518515625
1 0.6934895828125 0.5611111109375 0.6869791671875001 0.56898148125
1 0.6309895828125 0.7009259265625001 0.6260416671875 0.7106481484375
1 0.3830729171875 0.8824074078124999 0.3763020828125 0.8851851859375
0 0.6528645828124999 0.6638888890625 0.6489583328124999 0.671759259375
