1 0.1669270828125 0.047222221875 0.1619791671875 0.05601851875
1 0.2361979171875 0.0490740734375 0.2328125 0.05601851875
1 0.26640625 0.10555555624999999 0.2619791671875 0.1125
1 0.30859375 0.05648148125 0.30625 0.0625
1 0.2153645828125 0.75648148125 0.209375 0.765277778125
1 0.17630208281249998 0.8361111109375001 0.16796875 0.8398148140625
1 0.1653645828125 0.8953703703125001 0.15703125 0.8981481484374999
1 0.44765625 0.352777778125 0.44322916718750005 0.358796296875
1 0.50390625 0.3481481484375 0.49895833281249996 0.353240740625
1 0.5950520828125 0.42619662812500003 0.5901041671875 0.4340669984375
1 0.55703125 0.5259259265625 0.55 0.5328703703125
0 0.77421875 0.7509259265625 0.7708333328125 0.758796296875
