1 0.55234375 0.2148148140625 0.5479166671875 0.21898148125
1 0.50859375 0.097222221875 0.5036458328125 0.103240740625
0 0.5872395828125 0.127777778125 0.5817708328125 0.1384259265625
1 0.55234375 0.3574074078125 0.5453125 0.3671296296875
1 0.60703125 0.46481481406249997 0.6010416671875001 0.471759259375
1 0.5153645828125 0.45277777812500003 0.51015625 0.4546296296875
1 0.52109375 0.4768518515625 0.5151041671875001 0.4828703703125
1 0.4908854171875 0.5574074078125 0.48541666718750004 0.565277778125
1 0.49036458281249995 0.6268518515625 0.4838541671875 0.6356481484375001
1 0.18671875 0.3120370375 0.18125 0.31898148125
1 0.74140625 0.615740740625 0.7354166671875 0.6208333328125
1 0.5611979171875 0.9009259265624999 0.5549479171875 0.9018518515625
