0 0.5169270828125 0.5287037031249999 0.5135416671875 0.534722221875
1 0.50859375 0.097222221875 0.503125 0.1050925921875
1 0.49817708281249995 0.15648148125 0.4921875 0.1625
1 0.8075520828125 0.1324074078125 0.8020833328125001 0.13935185156250002
1 0.1955729171875 0.31851851875000003 0.1911458328125 0.32453703749999996
1 0.18307291718750002 0.3379629625 0.1776041671875 0.34861111093749997
1 0.23671875 0.7398148140624999 0.2283854171875 0.7425925921875
1 0.34713541718749996 0.7740740734375 0.34322916718749996 0.7856481484375
1 0.5315104171875 0.5388888890625 0.5276041671875 0.5449074078125
1 0.5216145828125 0.48148148125 0.5177083328125 0.4875
1 0.59609375 0.88148148125 0.5921875 0.890277778125
1 0.7393229171875 0.8768518515625001 0.734375 0.8847222218749999
