1 0.1653645828125 0.8953703703125001 0.15703125 0.8981481484374999
1 0.1768229171875 0.8361111109375001 0.1690104171875 0.8379629625
1 0.2221354171875 0.75648148125 0.21380208281250002 0.7574074078125
1 0.1658854171875 0.048148148437499996 0.1619791671875 0.05601851875
1 0.23515625 0.05 0.2322916671875 0.059722221875
1 0.3096354171875 0.055555556250000006 0.30625 0.0634259265625
1 0.26640625 0.10555555624999999 0.2614583328125 0.115277778125
1 0.4497395828125 0.3518518515625 0.44322916718750005 0.358796296875
1 0.50234375 0.3490740734375 0.49791666718750005 0.35694444375
1 0.5950520828125 0.42592592656250006 0.5901041671875 0.43379629687500004
1 0.5505208328125 0.5319444437499999 0.5489583328125 0.5449074078125
0 0.7731770828125 0.7518518515625 0.7708333328125 0.7578703703125
