1 0.1658854171875 0.0490740734375 0.1619791671875 0.05601851875
1 0.45494791718750005 0.0638888890625 0.45026041718750004 0.0629629625
1 0.5638020828125 0.08333333281250001 0.5578125 0.09120370312500001
1 0.47421875 0.3759259265625 0.4692708328125 0.384722221875
1 0.44140625 0.478703703125 0.4369791671875 0.48472222187499997
1 0.47630208281249997 0.478703703125 0.47291666718750003 0.48379629687500003
1 0.15859375 0.9009259265624999 0.1526041671875 0.9060185187500001
1 0.5627604171875 0.5083333328124999 0.5572916671875 0.5143518515625
1 0.5763020828125 0.5138888890625 0.571875 0.5199074078125
1 0.5955729171875 0.6675925921875 0.5916666671875 0.6763888890625
1 0.7924479171875001 0.8546296296874999 0.7890625 0.8625
0 0.78359375 0.08518518593749999 0.778125 0.09305555625
