1 0.52578125 0.7546296296875 0.5197916671875 0.7625
1 0.6278645828125 0.8370370375 0.6234375 0.8458333328125001
1 0.60390625 0.8796296296874999 0.5994791671875 0.8875
1 0.61796875 0.896296296875 0.6125 0.9050925921875
1 0.5294270828125 0.584259259375 0.5229166671875001 0.5912037031249999
1 0.6231770828125 0.11944444375 0.6171875 0.1245370375
1 0.60859375 0.109259259375 0.6036458328125 0.11435185156250001
1 0.6950520828125 0.172222221875 0.6901041671875 0.1773148140625
1 0.8122395828125001 0.1268518515625 0.8057291671875 0.1356481484375
0 0.5200520828124999 0.47222222187499996 0.5161458328124999 0.48101851875
