1 0.3361979171875 0.22685185156249998 0.3317708328125 0.2365740734375
1 0.23671875 0.26851851875 0.23125 0.278240740625
1 0.1643229171875 0.502777778125 0.1591145828125 0.50648148125
1 0.20859375 0.6759259265625001 0.20208333281250002 0.683796296875
1 0.37265625 0.5944444437499999 0.3661458328125 0.6004629625
1 0.3466145828125 0.6925925921875 0.3401041671875 0.7013888890625
1 0.59921875 0.66944444375 0.5958333328125 0.6745370375
1 0.44921875 0.3740740734375 0.44375 0.383796296875
1 0.45078125 0.1361111109375 0.446875 0.141203703125
1 0.5455729171875 0.1296296296875 0.540625 0.13935185156250002
1 0.7450520828125 0.1148148140625 0.7385416671875 0.1226851859375
0 0.6471354171875 0.8009259265625 0.63984375 0.7990740734374999
