1 0.18359375 0.0490740734375 0.18020833281249998 0.05601851875
1 0.18359375 0.127777778125 0.17916666718750002 0.1384259265625
1 0.23411458281250003 0.271296296875 0.23125 0.278240740625
1 0.45859375 0.0981481484375 0.45416666718750004 0.1050925921875
1 0.3966145828125 0.47407407343749997 0.39010416718749996 0.48101851875
1 0.4205729171875 0.515740740625 0.4171875 0.5226851859375
1 0.51328125 0.3703703703125 0.5088541671875 0.378240740625
1 0.6388020828125 0.10648148125000001 0.6338541671875 0.11620370312499999
1 0.64296875 0.3009259265625 0.6385416671875 0.309722221875
1 0.5299479171875 0.815740740625 0.5244791671875 0.8254629625
1 0.7372395828125 0.75648148125 0.7317708328125 0.7643518515625
0 0.49244791718750003 0.1518518515625 0.4869791671875 0.1578703703125
