1 0.4596354171875 0.097222221875 0.4546875 0.1041666671875
1 0.18307291718750002 0.127777778125 0.17916666718750002 0.13935185156250002
1 0.23567708281250002 0.26944444375 0.23125 0.278240740625
1 0.3606770828125 0.45555555625000005 0.35625 0.4625
1 0.28463541718749996 0.502777778125 0.2802083328125 0.5106481484375001
1 0.3690104171875 0.5962962968750001 0.3645833328125 0.60601851875
1 0.34713541718749996 0.6925925921875 0.3416666671875 0.6976851859375001
1 0.2091145828125 0.6759259265625001 0.2026041671875 0.6828703703125
1 0.16015625 0.5003011484375001 0.1546875 0.510023371875
1 0.1903645828125 0.0546296296875 0.18802083281249998 0.0625
1 0.17526041718750002 0.048148148437499996 0.171875 0.0550925921875
0 0.24348958281250002 0.5493575625 0.2364583328125 0.5563020078124999
