1 0.17526041718750002 0.048148148437499996 0.171875 0.0550925921875
1 0.1903645828125 0.0546296296875 0.18802083281249998 0.0625
1 0.18307291718750002 0.127777778125 0.17916666718750002 0.13935185156250002
1 0.4596354171875 0.097222221875 0.4546875 0.1041666671875
1 0.23567708281250002 0.26944444375 0.23125 0.278240740625
1 0.16067708281249998 0.503703703125 0.15677083281249998 0.5134259265625001
1 0.28463541718749996 0.502777778125 0.2802083328125 0.5106481484375001
1 0.3606770828125 0.45555555625000005 0.3557291671875 0.46342592656250003
1 0.37265625 0.5944444437499999 0.365625 0.6023148140625
1 0.34765625 0.6925925921875 0.340625 0.7004629625
1 0.20807291718749998 0.6777777781250001 0.203125 0.683796296875
0 0.24348958281250002 0.5490740734374999 0.2359375 0.55694444375
