0 0.7752604171875 0.75 0.7708333328125 0.758796296875
1 0.6388020828125 0.09629629687499999 0.6322916671875001 0.103240740625
1 0.4486979171875 0.3518518515625 0.44322916718750005 0.358796296875
1 0.4174479171875 0.39074074062499997 0.4125 0.3976851859375
1 0.5033854171875001 0.3481481484375 0.4984375 0.3541666671875
1 0.62578125 0.403703703125 0.621875 0.4106481484375
1 0.6658854171875 0.4148148140625 0.6614583328125 0.42268518593750004
1 0.6450520828124999 0.48148148125 0.6416666671875 0.4875
1 0.5299479171875 0.56851851875 0.525 0.5745370375000001
1 0.6002604171875 0.575 0.5947916671875 0.58194444375
1 0.5877604171875 0.6129629624999999 0.5833333328125 0.621759259375
1 0.7013020828125 0.83148148125 0.6973958328125 0.8375
