1 0.23307291718749998 0.272222221875 0.23125 0.28379629687499996
1 0.45078125 0.1361111109375 0.4453125 0.146759259375
1 0.47473958281249995 0.3759259265625 0.4703125 0.38194444375000003
1 0.4486979171875 0.425 0.44322916718750005 0.4328703703125
1 0.43984375 0.4796296296875 0.43645833281249996 0.4865740734375
1 0.47630208281249997 0.478703703125 0.47239583281249997 0.48564814843750004
1 0.74140625 0.11574074062499999 0.7359375 0.1226851859375
1 0.68203125 0.2925925921875 0.6770833328125 0.30046296250000004
1 0.5971354171875001 0.6666666671875 0.5921875 0.6736111109375
1 0.63046875 0.6175925921875 0.6260416671875 0.6236111109375
1 0.6471354171875 0.627777778125 0.6427083328125 0.6328703703125
0 0.7169270828125 0.6120370375 0.7140625 0.6199074078125
