1 0.1669270828125 0.048148148437499996 0.1619791671875 0.05601851875
1 0.44765625 0.0638888890625 0.44427083281249996 0.0699074078125
1 0.5638020828125 0.08333333281250001 0.5578125 0.09120370312500001
1 0.54296875 0.3231481484375 0.5380208328125 0.32824074062499997
1 0.5888020828125 0.4861111109375 0.5848958328125 0.49490740781250003
1 0.5955729171875 0.5509259265625001 0.5901041671875 0.558796296875
1 0.6627604171875 0.6083333328125 0.6578125 0.6152777781250001
1 0.59296875 0.6481481484375 0.5885416671875 0.6541666671875
1 0.1559895828125 0.9018518515625 0.1515625 0.9087962968750001
1 0.47421875 0.48055555625 0.47239583281249997 0.4865740734375
1 0.43984375 0.4796296296875 0.4359375 0.48842592656250006
0 0.47890625 0.42592592656250006 0.4734375 0.43379629687500004
