1 0.1669270828125 0.048148148437499996 0.1619791671875 0.05601851875
1 0.1575520828125 0.9009259265624999 0.1520833328125 0.9069444437499999
1 0.45078125 0.1361111109375 0.446875 0.141203703125
1 0.47421875 0.3759259265625 0.4692708328125 0.384722221875
1 0.44765625 0.425 0.44322916718750005 0.43194444374999996
1 0.43984375 0.4796296296875 0.43645833281249996 0.4865740734375
1 0.47578125 0.478703703125 0.47239583281249997 0.48564814843750004
1 0.68203125 0.2925925921875 0.6770833328125 0.30046296250000004
1 0.78359375 0.12870370312499999 0.77578125 0.1324074078125
1 0.5971354171875001 0.6666666671875 0.5921875 0.6736111109375
1 0.7924479171875001 0.8546296296874999 0.7890625 0.8615740734375
0 0.7205729171875 0.609259259375 0.7145833328125 0.616203703125
