1 0.4828125 0.08101851875 0.47942708281249996 0.07685185156249999
1 0.48828125 0.0638888890625 0.48333333281249996 0.0699074078125
1 0.5408854171875 0.2916666671875 0.5364583328125 0.30046296250000004
1 0.65078125 0.1416666671875 0.6458333328125 0.1513888890625
1 0.7294270828125 0.2296296296875 0.7229166671875 0.2375
1 0.7731770828125 0.2259259265625 0.7684895828125 0.2259259265625
1 0.6752604171875001 0.509259259375 0.6713541671875001 0.5143518515625
1 0.44348958281249995 0.4768518515625 0.4375 0.48194444374999995
1 0.6940104171875 0.5611111109375 0.6880208328124999 0.566203703125
1 0.63203125 0.7009259265625001 0.6265625 0.7106481484375
1 0.3846354171875 0.8824074078124999 0.3763020828125 0.8851851859375
0 0.6518229171875001 0.6648148140625 0.6484375 0.6763888890625
