1 0.18307291718750002 0.73055555625 0.175 0.7402777781250001
1 0.1815104171875 0.8518518515625001 0.1721354171875 0.8546296296874999
1 0.1778645828125 0.9141906734375 0.1703125 0.92113511875
1 0.5019946578125001 0.892897909375 0.49652590781250006 0.90262013125
1 0.782903003125 0.747222221875 0.7805592531250001 0.7523148140625
1 0.8096354171875 0.7928761515625 0.8028645828125001 0.7956539296875
1 0.5252604171875 0.5981481484375 0.5203125 0.60694444375
1 0.767809328125 0.178703703125 0.76103849375 0.18148148125000002
1 0.6876008359375 0.125 0.6792675015625 0.12870370312499999
1 0.49401041718750005 0.09657229687499999 0.4890625 0.1025908140625
0 0.19105358125 0.0604842140625 0.18558483125 0.0692805109375
