1 0.6549479171875 0.26203703749999996 0.6473958328125 0.2699074078125
1 0.6549479171875 0.2925925921875 0.6494791671875 0.315277778125
1 0.6486979171875 0.3398148140625 0.6463541671875 0.3550925921875
1 0.6596354171875001 0.36666666718749996 0.6552083328125 0.3736111109375
1 0.63984375 0.3638888890625 0.6315104171875 0.3611111109375
1 0.63125 0.3976851859375 0.6317708328125 0.41157407343749997
1 0.6393229171875 0.427777778125 0.6348958328125 0.4356481484375
1 0.6216145828124999 0.447222221875 0.6161458328125 0.4495370375
1 0.5841145828125 0.42870370312499995 0.5802083328125 0.4375
1 0.5768229171875 0.384259259375 0.5734375 0.391203703125
0 0.6018229171875 0.48703703750000005 0.5973958328125 0.49583333281249997
