1 0.40390625 0.175 0.39895833281250004 0.18194444375000002
1 0.19088541718750002 0.20370370312500002 0.1875 0.21342592656249998
1 0.3372395828125 0.41018518593750003 0.3307291671875 0.41805555625
1 0.5294270828125 0.5833333328125 0.5229166671875001 0.590277778125
1 0.78515625 0.5824074078125 0.7807291671875001 0.5930555562500001
1 0.7158854171875 0.8851851859375 0.7119791671875 0.89305555625
1 0.6315104171875 0.81851851875 0.6270833328125 0.8236111109375001
1 0.5783854171875 0.877777778125 0.5734375 0.883796296875
1 0.47890625 0.9037037031249999 0.47447916718750005 0.9134259265625
0 0.18828125 0.053703703125 0.1854166671875 0.06064814843750001
