1 0.23307291718749998 0.272222221875 0.23125 0.28379629687499996
1 0.45078125 0.1361111109375 0.446875 0.141203703125
1 0.54765625 0.12870370312499999 0.5416666671875 0.1356481484375
1 0.74140625 0.11574074062499999 0.7359375 0.1226851859375
1 0.6768229171875 0.28611111093749997 0.6713541671875001 0.29305555625
1 0.6325520828125 0.425 0.6270833328125 0.4328703703125
1 0.65859375 0.575 0.653125 0.58101851875
1 0.42786458281249995 0.5 0.4234375 0.50601851875
1 0.44921875 0.3740740734375 0.44375 0.383796296875
1 0.6278645828125 0.63055555625 0.6234375 0.6384259265625001
1 0.59609375 0.6666666671875 0.5921875 0.6736111109375
0 0.75234375 0.709259259375 0.7484375 0.715277778125
