1 0.23567708281250002 0.26944444375 0.23177083281250002 0.27638888906250003
1 0.44296875 0.13641402656249998 0.4390625 0.1405806921875
1 0.5330729171875 0.12129629687500001 0.5276041671875 0.1273148140625
1 0.45130208281249995 0.3740740734375 0.44635416718750004 0.38009259218749997
1 0.76484375 0.1231481484375 0.7591145828125 0.125
1 0.58828125 0.6601851859375001 0.5817708328125 0.6671296296875
1 0.37265625 0.5944444437499999 0.365625 0.6023148140625
1 0.3450520828125 0.69351851875 0.340625 0.7004629625
1 0.20859375 0.6759259265625001 0.20208333281250002 0.683796296875
1 0.16484375 0.502777778125 0.15625 0.5115740734374999
0 0.6325520828125 0.8083333328125001 0.6276041671875 0.816203703125
