1 0.2903645828125 0.10648148125000001 0.2859375 0.1125
1 0.44713541718750005 0.1481481484375 0.44166666718750003 0.1541666671875
1 0.45911458281249995 0.13148148125 0.4536458328125 0.1375
1 0.63828125 0.09629629687499999 0.6322916671875001 0.103240740625
1 0.4486979171875 0.3518518515625 0.44322916718750005 0.358796296875
1 0.41692708281249996 0.39074074062499997 0.4125 0.3976851859375
1 0.2747395828125 0.525 0.2674479171875 0.5268518515625
1 0.2513020828125 0.865740740625 0.24296875 0.86944444375
1 0.63984375 0.8620370375 0.6348958328125 0.8699074078125
1 0.6580729171875 0.8611111109375 0.6546875 0.8652777781250001
0 0.57109375 0.184259259375 0.565625 0.19398148125
