1 0.45911458281249995 0.097222221875 0.45416666718750004 0.10601851874999998
1 0.23567708281250002 0.26944444375 0.23125 0.278240740625
1 0.18411458281249998 0.1268518515625 0.1796875 0.1356481484375
1 0.1903645828125 0.0546296296875 0.18802083281249998 0.0625
1 0.17421875 0.0490740734375 0.171875 0.054166667187499996
1 0.16015625 0.5 0.15572916718750002 0.50601851875
1 0.2091145828125 0.6759259265625001 0.20208333281250002 0.683796296875
1 0.3450520828125 0.69351851875 0.3395833328125 0.7041666671875
1 0.37265625 0.5944444437499999 0.3661458328125 0.6013888890625
1 0.28463541718749996 0.502777778125 0.2802083328125 0.5106481484375001
1 0.3606770828125 0.45555555625000005 0.3557291671875 0.46342592656250003
0 0.24348958281250002 0.5490740734374999 0.2364583328125 0.55601851875
