0 0.48671875 0.19537037031249999 0.48229166718750005 0.20138888906250002
1 0.8200520828125001 0.15925925937500002 0.8166666671874999 0.1634259265625
1 0.6377604171875 0.09629629687499999 0.6322916671875001 0.103240740625
1 0.44713541718750005 0.14444444375 0.44166666718750003 0.15324074062499998
1 0.28984375 0.10648148125000001 0.2848958328125 0.11620370312499999
1 0.45234375 0.353703703125 0.44739583281249995 0.358796296875
1 0.50390625 0.36296296250000004 0.4984375 0.36990740781250003
1 0.57265625 0.38703703749999996 0.5666666671875 0.39398148125
1 0.19973958281249998 0.70648148125 0.1916666671875 0.7134259265625
1 0.17265625 0.878703703125 0.16484375 0.88148148125
1 0.24088541718749998 0.777777778125 0.23359375 0.7814814812499999
1 0.37890625 0.8833333328125 0.3729166671875 0.8921296296874999
