1 0.28671875 0.10833333281249999 0.2822916671875 0.11435185156250001
1 0.3018229171875 0.10555555624999999 0.2979166671875 0.1125
1 0.3221354171875 0.140740740625 0.31875 0.1476851859375
1 0.42265625 0.10833333281249999 0.41875 0.11342592656249999
1 0.47578125 0.08148148125 0.471875 0.0865740734375
1 0.53671875 0.0703703703125 0.53125 0.0754629625
1 0.44296875 0.4768518515625 0.4375 0.48194444374999995
1 0.1736979171875 0.8435185187500001 0.1653645828125 0.847222221875
1 0.17109375 0.8870370375000001 0.16354166718750002 0.8949074078124999
1 0.38359375 0.8824074078124999 0.3763020828125 0.8851851859375
1 0.68203125 0.540740740625 0.6770833328125 0.5504629624999999
0 0.6388020828125 0.6870370375 0.6333333328124999 0.69398148125
