0 0.7768229171875001 0.7490740734375 0.7713541671875 0.75601851875
1 0.70234375 0.83055555625 0.6979166671875 0.8356481484374999
1 0.6393229171875 0.09629629687499999 0.6322916671875001 0.103240740625
1 0.62734375 0.4018518515625 0.6229166671875 0.4078703703125
1 0.66640625 0.4148148140625 0.6609375 0.4254629625
1 0.6450520828124999 0.48148148125 0.6411458328124999 0.49120370312499995
1 0.6002604171875 0.575 0.5947916671875 0.58194444375
1 0.5877604171875 0.6129629624999999 0.5833333328125 0.621759259375
1 0.5299479171875 0.56851851875 0.525 0.5745370375000001
1 0.5033854171875001 0.3481481484375 0.49791666718750005 0.35601851875
1 0.44713541718750005 0.352777778125 0.44322916718750005 0.358796296875
1 0.41692708281249996 0.39074074062499997 0.4125 0.3976851859375
