1 0.49713541718750004 0.097222221875 0.49114583281249996 0.103240740625
1 0.6596354171875001 0.13888888906250002 0.6557291671875001 0.14861111093749999
1 0.80703125 0.1324074078125 0.8026041671874999 0.13935185156250002
1 0.78828125 0.1620370375 0.7828125 0.1699074078125
1 0.8049479171874999 0.2203703703125 0.79921875 0.2203703703125
1 0.81171875 0.3768518515625 0.8057291671875 0.384722221875
1 0.7169270828125 0.43148148124999997 0.7109375 0.4384259265625
1 0.52578125 0.6 0.5213541671875 0.60694444375
1 0.50234375 0.89444444375 0.49635416718750003 0.903240740625
1 0.7846354171875001 0.7481481484375 0.7802083328125 0.7597222218749999
1 0.8044270828125001 0.796296296875 0.8005208328125001 0.8023148140625
0 0.8080729171875 0.897222221875 0.8036458328125 0.9069444437499999
