1 0.3028645828125 0.1148148140625 0.2989583328125 0.1208333328125
1 0.2811432859375 0.125824253125 0.28322661875 0.1332316609375
1 0.48984375 0.2175925921875 0.4848958328125 0.2236111109375
1 0.1690104171875 0.8953703703125001 0.16015625 0.8990740734375
1 0.1658854171875 0.8675925921875001 0.1565104171875 0.8703703703125001
1 0.18046875 0.8518518515625001 0.171875 0.8606481484374999
1 0.20807291718749998 0.75648148125 0.2015625 0.766203703125
1 0.23515625 0.782408084375 0.22916666718749998 0.79213030625
1 0.4408854171875 0.477777778125 0.43645833281249996 0.48472222187499997
1 0.3799479171875 0.8824074078124999 0.3739583328125 0.8893518515625001
