1 0.16484375 0.0490740734375 0.1619791671875 0.05601851875
1 0.2361979171875 0.0490740734375 0.2328125 0.05601851875
1 0.3096354171875 0.055555556250000006 0.30625 0.0634259265625
1 0.2674479171875 0.1046296296875 0.2630208328125 0.108796296875
1 0.2221354171875 0.75648148125 0.2153645828125 0.75648148125
1 0.1768229171875 0.8361111109375001 0.16848958281249998 0.8388888890624999
1 0.1653645828125 0.8953703703125001 0.15703125 0.8981481484374999
1 0.4497395828125 0.3518518515625 0.44322916718750005 0.358796296875
1 0.50234375 0.3490740734375 0.49791666718750005 0.35694444375
1 0.5950520828125 0.42592592656250006 0.5901041671875 0.43379629687500004
1 0.55703125 0.5259259265625 0.55 0.5328703703125
0 0.7731770828125 0.7518518515625 0.7708333328125 0.7578703703125
