0 0.7731770828125 0.7518518515625 0.7708333328125 0.7578703703125
1 0.1669270828125 0.047222221875 0.1625 0.053240740625000005
1 0.2377604171875 0.048148148437499996 0.2328125 0.05601851875
1 0.26640625 0.10555555624999999 0.2614583328125 0.115277778125
1 0.3106770828125 0.0546296296875 0.3067708328125 0.06064814843750001
1 0.44713541718750005 0.352777778125 0.44322916718750005 0.358796296875
1 0.50234375 0.3490740734375 0.49791666718750005 0.35694444375
1 0.2221354171875 0.75648148125 0.2153645828125 0.75648148125
1 0.1768229171875 0.8361111109375001 0.16848958281249998 0.8388888890624999
1 0.1653645828125 0.8953703703125001 0.15703125 0.8981481484374999
1 0.5950520828125 0.42592592656250006 0.5901041671875 0.43379629687500004
1 0.55 0.5328703703125 0.5489583328125 0.5458333328125
