1 0.18828125 0.2046296296875 0.1848958328125 0.215277778125
1 0.40130208281249996 0.17314814843749998 0.3953125 0.18194444375000002
1 0.6299479171875 0.127777778125 0.6234375 0.1356481484375
1 0.69921875 0.30740740781250003 0.69375 0.3134259265625
1 0.7450520828125 0.39074074062499997 0.7395833328125 0.39953703749999997
1 0.5263020828125 0.58148148125 0.5213541671875 0.5893518515625
1 0.49244791718750003 0.902777778125 0.48854166718750003 0.9069444437499999
1 0.46276041718750005 0.902777778125 0.45598958281249996 0.9055555562500001
1 0.18828125 0.8898148140625001 0.18020833281249998 0.8986111109375001
1 0.20338541718749997 0.9120370375 0.1955729171875 0.9148148140625001
0 0.8059895828125001 0.1324074078125 0.8026041671874999 0.14398148125000002
