1 0.2325520828125 0.2629629625 0.2265625 0.271759259375
1 0.44921875 0.1296296296875 0.44322916718750005 0.1375
1 0.7450520828125 0.10648148125000001 0.7377604171875001 0.1120370375
1 0.6861979171875 0.28611111093749997 0.6786458328125 0.2921296296875
1 0.47109375 0.3731481484375 0.46666666718750005 0.38101851875000003
1 0.44609375 0.42129629687500003 0.43958333281249995 0.4328703703125
1 0.43776041718750003 0.477777778125 0.43333333281249997 0.48564814843750004
1 0.47473958281249995 0.4768518515625 0.4703125 0.48564814843750004
1 0.6315104171875 0.615740740625 0.625 0.6245370375
1 0.6044270828125 0.6675925921875 0.59765625 0.665740740625
1 0.6466145828125 0.6268518515625 0.6427083328125 0.633796296875
0 0.72109375 0.6074074078125 0.7140625 0.61898148125
