0 0.8096354171875 0.1324074078125 0.8036458328125 0.141203703125
1 0.50859375 0.097222221875 0.5041666671875 0.10231481406250001
1 0.49817708281249995 0.1611111109375 0.49375 0.1699074078125
1 0.18671875 0.3120370375 0.18125 0.31898148125
1 0.5216145828125 0.547222221875 0.5177083328125 0.5541666671875001
1 0.7809895828125 0.6425925921875 0.7770833328125 0.6486111109375
1 0.7252604171875 0.809259259375 0.7203125 0.81805555625
1 0.7033854171875 0.8509259265625 0.7005208328125 0.8578703703125001
1 0.7247395828125 0.852777778125 0.7197916671875 0.8606481484374999
1 0.7361979171875 0.8796296296874999 0.7338541671875001 0.8847222218749999
1 0.5971354171875001 0.88055555625 0.5921875 0.8893518515625001
1 0.5565104171875 0.9009259265624999 0.5515625 0.9078703703125001
