1 0.81484375 0.134259259375 0.80703125 0.13333333281249998
1 0.508765809375 0.09752810468749999 0.503297059375 0.10539847499999999
1 0.5002604171875 0.1576905421875 0.49505208281249996 0.15861646875
1 0.1955729171875 0.3187944484375 0.1901041671875 0.32759074374999997
1 0.18307291718750002 0.3379629625 0.1776041671875 0.34861111093749997
1 0.23359375 0.7401168828125 0.225 0.748913178125
1 0.3497395828125 0.76944444375 0.34427083281250004 0.7773148140624999
1 0.5549479171875 0.9018518515625 0.5510416671875 0.909722221875
1 0.5981770828124999 0.88055555625 0.5932291671875001 0.8865740734375
1 0.7393229171875 0.8765495015625 0.7348958328124999 0.8825680203124999
1 0.50703125 0.48055555625 0.5026041671875 0.48842592656250006
0 0.64296875 0.709259259375 0.6375 0.7162037031249999
