1 0.18671875 0.3122500390625 0.1817708328125 0.3182685578125
1 0.5087121328124999 0.097222221875 0.503764215625 0.103240740625
1 0.5528645828125 0.21504211406249998 0.5473958328124999 0.2210606328125
1 0.54921875 0.3583333328125 0.54375 0.3671296296875
1 0.60703125 0.46481481406249997 0.6015625 0.47083333281249995
1 0.5127604171875 0.45277777812500003 0.5067708328125 0.4606481484375
1 0.52109375 0.4768518515625 0.5145833328125 0.48472222187499997
1 0.4908854171875 0.5574074078125 0.48541666718750004 0.565277778125
1 0.49036458281249995 0.627095428125 0.484375 0.6349657984375
1 0.74140625 0.615740740625 0.7354166671875 0.6208333328125
1 0.5611979171875 0.9009259265624999 0.5549479171875 0.9018518515625
0 0.59140625 0.12592592656249998 0.5846354171875 0.127777778125
