1 0.16848958281249998 0.047222221875 0.1625 0.054166667187499996
1 0.4497395828125 0.0629629625 0.44427083281249996 0.0699074078125
1 0.56328125 0.08333333281250001 0.5578125 0.09120370312500001
1 0.48984375 0.4074074078125 0.4838541671875 0.41342592656250005
1 0.5888020828125 0.4861111109375 0.5848958328125 0.49490740781250003
1 0.5955729171875 0.5509259265625001 0.5901041671875 0.558796296875
1 0.6627604171875 0.6083333328125 0.6583333328125 0.6143518515624999
1 0.5924479171875 0.6481481484375 0.5885416671875 0.6541666671875
1 0.47630208281249997 0.478703703125 0.47239583281249997 0.4865740734375
1 0.43984375 0.4796296296875 0.43645833281249996 0.4865740734375
1 0.1575520828125 0.9009259265624999 0.1515625 0.9087962968750001
0 0.47682291718750003 0.42870370312499995 0.47239583281249997 0.43379629687500004
