1 0.1690104171875 0.0509259265625 0.16458333281249998 0.058796296875
1 0.23515625 0.05 0.2322916671875 0.0615740734375
1 0.26640625 0.10555555624999999 0.2619791671875 0.1125
1 0.3106770828125 0.0546296296875 0.30625 0.0634259265625
1 0.2153645828125 0.75648148125 0.2088541671875 0.7671296296875
1 0.1768229171875 0.8361111109375001 0.1690104171875 0.8379629625
1 0.1658854171875 0.8953703703125001 0.1575520828125 0.897222221875
1 0.44713541718750005 0.352777778125 0.44322916718750005 0.358796296875
1 0.50234375 0.3490740734375 0.49791666718750005 0.35694444375
1 0.55 0.5328703703125 0.5489583328125 0.5449074078125
1 0.5966145828125 0.425 0.5911458328125 0.43101851875
0 0.77421875 0.7509259265625 0.7708333328125 0.7578703703125
