0 0.24505208281250002 0.5490740734374999 0.23828125 0.5527777781250001
1 0.17421875 0.0490740734375 0.171875 0.054166667187499996
1 0.1903645828125 0.0546296296875 0.18802083281249998 0.0625
1 0.18307291718750002 0.127777778125 0.1796875 0.1356481484375
1 0.45807291718750004 0.0981481484375 0.45416666718750004 0.10601851874999998
1 0.23463541718749997 0.2703703703125 0.23125 0.278240740625
1 0.16015625 0.5 0.1546875 0.508796296875
1 0.2861979171875 0.5018518515625 0.28177083281250004 0.50601851875
1 0.3606770828125 0.45555555625000005 0.3557291671875 0.46342592656250003
1 0.37265625 0.5944444437499999 0.3661458328125 0.6013888890625
1 0.2091145828125 0.6759259265625001 0.20208333281250002 0.683796296875
1 0.34713541718749996 0.6925925921875 0.340625 0.7004629625
