1 0.5091145828125 0.097222221875 0.503125 0.1050925921875
1 0.5002604171875 0.1574074078125 0.49453125 0.15925925937500002
1 0.1955729171875 0.31851851875000003 0.190625 0.3254629625
1 0.18203125 0.33888888906250003 0.1776041671875 0.34861111093749997
1 0.2325520828125 0.7398148140624999 0.225 0.7486111109375
1 0.3528645828125 0.765740740625 0.3453125 0.7745370375
1 0.5981770828124999 0.88055555625 0.5932291671875001 0.8865740734375
1 0.5565104171875 0.9009259265624999 0.5515625 0.9078703703125001
1 0.7393229171875 0.8768518515625001 0.734375 0.8847222218749999
0 0.64296875 0.709259259375 0.6369791671875 0.7171296296875
1 0.5096354171875 0.4796296296875 0.503125 0.4865740734375
1 0.8182291671874999 0.146759259375 0.8177083328125001 0.1458333328125
