0 0.24765625 0.55 0.23984375 0.5509259265625001
1 0.18046875 0.05 0.1765625 0.059722221875
1 0.1966145828125 0.0490740734375 0.1932291671875 0.0550925921875
1 0.46015625 0.097222221875 0.4546875 0.1041666671875
1 0.18359375 0.127777778125 0.17916666718750002 0.13935185156250002
1 0.23567708281250002 0.26944444375 0.23125 0.278240740625
1 0.16067708281249998 0.4916666671875 0.15677083281249998 0.49768518593750005
1 0.28671875 0.5018518515625 0.28177083281250004 0.508796296875
1 0.3606770828125 0.45555555625000005 0.3557291671875 0.46342592656250003
1 0.21119791718749997 0.6833333328125 0.20442708281250002 0.6824074078125
1 0.37265625 0.5879629625 0.36770833281250004 0.5949074078125001
1 0.34765625 0.6925925921875 0.3401041671875 0.7013888890625
