1 0.6388020828125 0.09629629687499999 0.6322916671875001 0.103240740625
1 0.5018229171875 0.3490740734375 0.49791666718750005 0.35694444375
1 0.4486979171875 0.3518518515625 0.44322916718750005 0.358796296875
1 0.4174479171875 0.39074074062499997 0.4125 0.3976851859375
1 0.6268229171875 0.4018518515625 0.621875 0.4106481484375
1 0.66640625 0.4148148140625 0.6609375 0.4254629625
1 0.6434895828125 0.48333333281249996 0.6411458328124999 0.4921296296875
1 0.6002604171875 0.575 0.5947916671875 0.58194444375
1 0.5294270828125 0.56851851875 0.525 0.5745370375000001
1 0.5877604171875 0.6129629624999999 0.5833333328125 0.621759259375
1 0.7013020828125 0.83148148125 0.6973958328125 0.8375
0 0.7752604171875 0.75 0.7708333328125 0.758796296875
