0 0.7731770828125 0.7518518515625 0.7708333328125 0.758796296875
1 0.6388020828125 0.09629629687499999 0.6328125 0.10231481406250001
1 0.5018229171875 0.3490740734375 0.49791666718750005 0.35694444375
1 0.4486979171875 0.3518518515625 0.44322916718750005 0.358796296875
1 0.5299479171875 0.56851851875 0.525 0.5745370375000001
1 0.6497395828125 0.465740740625 0.6442708328125 0.471759259375
1 0.6002604171875 0.575 0.5947916671875 0.58194444375
1 0.5877604171875 0.6129629624999999 0.5838541671875 0.6208333328125
1 0.7013020828125 0.83148148125 0.6973958328125 0.8375
1 0.1658854171875 0.8953703703125001 0.1575520828125 0.897222221875
1 0.17734375 0.8361111109375001 0.1690104171875 0.8379629625
1 0.22005208281250002 0.75555555625 0.21171875 0.7601851859375001
