1 0.2903645828125 0.10648148125000001 0.2859375 0.1125
1 0.4466145828125 0.1453703703125 0.44166666718750003 0.1541666671875
1 0.6388020828125 0.09629629687499999 0.6317708328125 0.1050925921875
1 0.3825520828125 0.3416666671875 0.3791666671875 0.34861111093749997
1 0.45078125 0.352777778125 0.44739583281249995 0.35694444375
1 0.5763020828125 0.3879629625 0.5700520828125 0.3888888890625
1 0.19609375 0.7083333328125 0.1901041671875 0.7180555562500001
1 0.23567708281250002 0.7629629625 0.22916666718749998 0.771759259375
1 0.1768229171875 0.878703703125 0.1690104171875 0.88148148125
1 0.3830729171875 0.8824074078124999 0.3765625 0.8893518515625001
0 0.48619791718750005 0.196296296875 0.48125 0.20509259218749998
