1 0.7221354171875001 0.4175925921875 0.7177083328125 0.42083333281249996
1 0.8075520828125 0.1324074078125 0.8020833328125001 0.140277778125
1 0.5252604171875 0.6012094859375 0.5208333328125 0.6090798562499999
1 0.50078125 0.71694994375 0.4953125 0.7238943875
1 0.5018229171875 0.7601851859375001 0.4955729171875 0.7629629625
1 0.50703125 0.7888888890625 0.49817708281249995 0.790740740625
1 0.5606770828125 0.7666666671875 0.5536458328125 0.7745370375
1 0.5802973265625 0.7833333328125 0.5763910765625 0.790277778125
1 0.52578125 0.88055555625 0.5223958328125 0.8865740734375
1 0.51030939375 0.8898148140625001 0.5037989781250001 0.8976851859374999
1 0.6002604171875 0.878703703125 0.5955729171875 0.88148148125
0 0.5841145828125 0.8666666671875 0.5776041671875001 0.8745370375
