images\WIN_20230602_09_40_21_Pro_jpg.rf.43aa52f7fd158a0b17a02c3d28fa2f73.jpg 1 115 30 11 20
images\WIN_20230602_09_40_21_Pro_jpg.rf.43aa52f7fd158a0b17a02c3d28fa2f73.jpg 1 114 80 12 20
images\WIN_20230602_09_40_21_Pro_jpg.rf.43aa52f7fd158a0b17a02c3d28fa2f73.jpg 1 148 171 11 20
images\WIN_20230602_09_40_21_Pro_jpg.rf.43aa52f7fd158a0b17a02c3d28fa2f73.jpg 1 290 62 10 19
images\WIN_20230602_09_40_21_Pro_jpg.rf.43aa52f7fd158a0b17a02c3d28fa2f73.jpg 1 249 303 11 19
images\WIN_20230602_09_40_21_Pro_jpg.rf.43aa52f7fd158a0b17a02c3d28fa2f73.jpg 1 267 329 10 18
images\WIN_20230602_09_40_21_Pro_jpg.rf.43aa52f7fd158a0b17a02c3d28fa2f73.jpg 1 325 237 10 17
images\WIN_20230602_09_40_21_Pro_jpg.rf.43aa52f7fd158a0b17a02c3d28fa2f73.jpg 1 405 68 10 17
images\WIN_20230602_09_40_21_Pro_jpg.rf.43aa52f7fd158a0b17a02c3d28fa2f73.jpg 1 408 192 10 18
images\WIN_20230602_09_40_21_Pro_jpg.rf.43aa52f7fd158a0b17a02c3d28fa2f73.jpg 1 335 522 11 19
images\WIN_20230602_09_40_21_Pro_jpg.rf.43aa52f7fd158a0b17a02c3d28fa2f73.jpg 1 468 484 10 18
images\WIN_20230602_09_40_21_Pro_jpg.rf.43aa52f7fd158a0b17a02c3d28fa2f73.jpg 1 310 97 11 19
images\WIN_20230602_09_40_38_Pro_jpg.rf.70d0cc26ab2e16265d007108290c6c52.jpg 1 150 352 12 19
images\WIN_20230602_09_40_38_Pro_jpg.rf.70d0cc26ab2e16265d007108290c6c52.jpg 1 113 31 11 20
images\WIN_20230602_09_40_38_Pro_jpg.rf.70d0cc26ab2e16265d007108290c6c52.jpg 1 123 30 12 20
images\WIN_20230602_09_40_38_Pro_jpg.rf.70d0cc26ab2e16265d007108290c6c52.jpg 1 290 62 11 20
images\WIN_20230602_09_40_38_Pro_jpg.rf.70d0cc26ab2e16265d007108290c6c52.jpg 1 114 80 12 20
images\WIN_20230602_09_40_38_Pro_jpg.rf.70d0cc26ab2e16265d007108290c6c52.jpg 1 148 171 11 20
images\WIN_20230602_09_40_38_Pro_jpg.rf.70d0cc26ab2e16265d007108290c6c52.jpg 1 99 314 13 19
images\WIN_20230602_09_40_38_Pro_jpg.rf.70d0cc26ab2e16265d007108290c6c52.jpg 1 179 321 12 18
images\WIN_20230602_09_40_38_Pro_jpg.rf.70d0cc26ab2e16265d007108290c6c52.jpg 1 227 291 11 18
images\WIN_20230602_09_40_38_Pro_jpg.rf.70d0cc26ab2e16265d007108290c6c52.jpg 1 126 436 12 20
images\WIN_20230602_09_40_38_Pro_jpg.rf.70d0cc26ab2e16265d007108290c6c52.jpg 1 234 376 11 19
images\WIN_20230602_09_40_38_Pro_jpg.rf.70d0cc26ab2e16265d007108290c6c52.jpg 1 217 443 11 20
images\WIN_20230602_09_40_41_Pro_jpg.rf.1344835788a177e2f5b6dad58e754e81.jpg 1 110 30 10 19
images\WIN_20230602_09_40_41_Pro_jpg.rf.1344835788a177e2f5b6dad58e754e81.jpg 1 120 33 11 21
images\WIN_20230602_09_40_41_Pro_jpg.rf.1344835788a177e2f5b6dad58e754e81.jpg 1 114 80 12 20
images\WIN_20230602_09_40_41_Pro_jpg.rf.1344835788a177e2f5b6dad58e754e81.jpg 1 290 62 11 20
images\WIN_20230602_09_40_41_Pro_jpg.rf.1344835788a177e2f5b6dad58e754e81.jpg 1 148 172 11 19
images\WIN_20230602_09_40_41_Pro_jpg.rf.1344835788a177e2f5b6dad58e754e81.jpg 1 100 321 12 18
images\WIN_20230602_09_40_41_Pro_jpg.rf.1344835788a177e2f5b6dad58e754e81.jpg 1 179 321 11 18
images\WIN_20230602_09_40_41_Pro_jpg.rf.1344835788a177e2f5b6dad58e754e81.jpg 1 227 291 11 18
images\WIN_20230602_09_40_41_Pro_jpg.rf.1344835788a177e2f5b6dad58e754e81.jpg 1 233 380 11 19
images\WIN_20230602_09_40_41_Pro_jpg.rf.1344835788a177e2f5b6dad58e754e81.jpg 1 217 443 11 20
images\WIN_20230602_09_40_41_Pro_jpg.rf.1344835788a177e2f5b6dad58e754e81.jpg 1 129 433 12 19
images\WIN_20230602_09_40_41_Pro_jpg.rf.1344835788a177e2f5b6dad58e754e81.jpg 1 150 351 12 20
images\WIN_20230602_09_40_43_Pro_jpg.rf.cf6000eb890231ef4266c4ab49c6c7a9.jpg 1 290 62 11 20
images\WIN_20230602_09_40_43_Pro_jpg.rf.cf6000eb890231ef4266c4ab49c6c7a9.jpg 1 114 80 12 20
images\WIN_20230602_09_40_43_Pro_jpg.rf.cf6000eb890231ef4266c4ab49c6c7a9.jpg 1 148 171 11 20
images\WIN_20230602_09_40_43_Pro_jpg.rf.cf6000eb890231ef4266c4ab49c6c7a9.jpg 1 227 291 11 18
images\WIN_20230602_09_40_43_Pro_jpg.rf.cf6000eb890231ef4266c4ab49c6c7a9.jpg 1 179 321 11 18
images\WIN_20230602_09_40_43_Pro_jpg.rf.cf6000eb890231ef4266c4ab49c6c7a9.jpg 1 233 381 11 18
images\WIN_20230602_09_40_43_Pro_jpg.rf.cf6000eb890231ef4266c4ab49c6c7a9.jpg 1 217 443 11 20
images\WIN_20230602_09_40_43_Pro_jpg.rf.cf6000eb890231ef4266c4ab49c6c7a9.jpg 1 129 432 12 19
images\WIN_20230602_09_40_43_Pro_jpg.rf.cf6000eb890231ef4266c4ab49c6c7a9.jpg 1 99 320 12 18
images\WIN_20230602_09_40_43_Pro_jpg.rf.cf6000eb890231ef4266c4ab49c6c7a9.jpg 1 120 34 11 20
images\WIN_20230602_09_40_43_Pro_jpg.rf.cf6000eb890231ef4266c4ab49c6c7a9.jpg 1 110 30 10 19
images\WIN_20230602_09_40_43_Pro_jpg.rf.cf6000eb890231ef4266c4ab49c6c7a9.jpg 1 150 351 12 20
images\WIN_20230602_09_40_47_Pro_jpg.rf.2d186ab952a8561fed2a58d8054f48b1.jpg 1 290 62 11 19
images\WIN_20230602_09_40_47_Pro_jpg.rf.2d186ab952a8561fed2a58d8054f48b1.jpg 1 148 171 11 20
images\WIN_20230602_09_40_47_Pro_jpg.rf.2d186ab952a8561fed2a58d8054f48b1.jpg 1 115 81 11 19
images\WIN_20230602_09_40_47_Pro_jpg.rf.2d186ab952a8561fed2a58d8054f48b1.jpg 1 120 33 11 21
images\WIN_20230602_09_40_47_Pro_jpg.rf.2d186ab952a8561fed2a58d8054f48b1.jpg 1 110 29 10 20
images\WIN_20230602_09_40_47_Pro_jpg.rf.2d186ab952a8561fed2a58d8054f48b1.jpg 1 99 320 12 18
images\WIN_20230602_09_40_47_Pro_jpg.rf.2d186ab952a8561fed2a58d8054f48b1.jpg 1 129 432 12 19
images\WIN_20230602_09_40_47_Pro_jpg.rf.2d186ab952a8561fed2a58d8054f48b1.jpg 1 217 443 11 19
images\WIN_20230602_09_40_47_Pro_jpg.rf.2d186ab952a8561fed2a58d8054f48b1.jpg 1 233 380 11 19
images\WIN_20230602_09_40_47_Pro_jpg.rf.2d186ab952a8561fed2a58d8054f48b1.jpg 1 179 321 11 18
images\WIN_20230602_09_40_47_Pro_jpg.rf.2d186ab952a8561fed2a58d8054f48b1.jpg 1 227 291 11 18
images\WIN_20230602_09_40_47_Pro_jpg.rf.2d186ab952a8561fed2a58d8054f48b1.jpg 1 150 351 12 20
images\WIN_20230602_09_40_51_Pro_jpg.rf.1f1299b5eccb70c84692a69fd36bfe70.jpg 1 150 351 12 20
images\WIN_20230602_09_40_51_Pro_jpg.rf.1f1299b5eccb70c84692a69fd36bfe70.jpg 1 110 29 10 20
images\WIN_20230602_09_40_51_Pro_jpg.rf.1f1299b5eccb70c84692a69fd36bfe70.jpg 1 120 33 11 21
images\WIN_20230602_09_40_51_Pro_jpg.rf.1f1299b5eccb70c84692a69fd36bfe70.jpg 1 115 80 11 20
images\WIN_20230602_09_40_51_Pro_jpg.rf.1f1299b5eccb70c84692a69fd36bfe70.jpg 1 290 62 10 19
images\WIN_20230602_09_40_51_Pro_jpg.rf.1f1299b5eccb70c84692a69fd36bfe70.jpg 1 148 171 11 20
images\WIN_20230602_09_40_51_Pro_jpg.rf.1f1299b5eccb70c84692a69fd36bfe70.jpg 1 99 320 12 18
images\WIN_20230602_09_40_51_Pro_jpg.rf.1f1299b5eccb70c84692a69fd36bfe70.jpg 1 179 321 11 18
images\WIN_20230602_09_40_51_Pro_jpg.rf.1f1299b5eccb70c84692a69fd36bfe70.jpg 1 227 291 11 18
images\WIN_20230602_09_40_51_Pro_jpg.rf.1f1299b5eccb70c84692a69fd36bfe70.jpg 1 233 380 11 19
images\WIN_20230602_09_40_51_Pro_jpg.rf.1f1299b5eccb70c84692a69fd36bfe70.jpg 1 129 432 12 19
images\WIN_20230602_09_40_51_Pro_jpg.rf.1f1299b5eccb70c84692a69fd36bfe70.jpg 1 217 443 11 19
images\WIN_20230602_09_40_59_Pro_jpg.rf.9d52924053ab408ccb486a139ca8b430.jpg 1 148 171 11 20
images\WIN_20230602_09_40_59_Pro_jpg.rf.9d52924053ab408ccb486a139ca8b430.jpg 1 280 87 10 18
images\WIN_20230602_09_40_59_Pro_jpg.rf.9d52924053ab408ccb486a139ca8b430.jpg 1 336 77 10 19
images\WIN_20230602_09_40_59_Pro_jpg.rf.9d52924053ab408ccb486a139ca8b430.jpg 1 285 239 10 18
images\WIN_20230602_09_40_59_Pro_jpg.rf.9d52924053ab408ccb486a139ca8b430.jpg 1 483 78 10 19
images\WIN_20230602_09_40_59_Pro_jpg.rf.9d52924053ab408ccb486a139ca8b430.jpg 1 371 422 10 19
images\WIN_20230602_09_40_59_Pro_jpg.rf.9d52924053ab408ccb486a139ca8b430.jpg 1 233 380 11 19
images\WIN_20230602_09_40_59_Pro_jpg.rf.9d52924053ab408ccb486a139ca8b430.jpg 1 217 443 11 19
images\WIN_20230602_09_40_59_Pro_jpg.rf.9d52924053ab408ccb486a139ca8b430.jpg 1 129 432 12 19
images\WIN_20230602_09_40_59_Pro_jpg.rf.9d52924053ab408ccb486a139ca8b430.jpg 1 99 321 13 20
images\WIN_20230602_09_40_59_Pro_jpg.rf.9d52924053ab408ccb486a139ca8b430.jpg 1 401 517 11 19
images\WIN_20230602_09_41_05_Pro_jpg.rf.89e34714164a747171b692c0096bd9e9.jpg 1 212 145 13 20
images\WIN_20230602_09_41_05_Pro_jpg.rf.89e34714164a747171b692c0096bd9e9.jpg 1 148 171 11 20
images\WIN_20230602_09_41_05_Pro_jpg.rf.89e34714164a747171b692c0096bd9e9.jpg 1 99 321 13 20
images\WIN_20230602_09_41_05_Pro_jpg.rf.89e34714164a747171b692c0096bd9e9.jpg 1 129 432 12 19
images\WIN_20230602_09_41_05_Pro_jpg.rf.89e34714164a747171b692c0096bd9e9.jpg 1 233 380 11 19
images\WIN_20230602_09_41_05_Pro_jpg.rf.89e34714164a747171b692c0096bd9e9.jpg 1 217 443 11 19
images\WIN_20230602_09_41_05_Pro_jpg.rf.89e34714164a747171b692c0096bd9e9.jpg 1 381 428 9 18
images\WIN_20230602_09_41_05_Pro_jpg.rf.89e34714164a747171b692c0096bd9e9.jpg 1 284 239 10 17
images\WIN_20230602_09_41_05_Pro_jpg.rf.89e34714164a747171b692c0096bd9e9.jpg 1 285 87 10 19
images\WIN_20230602_09_41_05_Pro_jpg.rf.89e34714164a747171b692c0096bd9e9.jpg 1 346 82 10 19
images\WIN_20230602_09_41_05_Pro_jpg.rf.89e34714164a747171b692c0096bd9e9.jpg 1 471 73 11 18
images\WIN_20230602_09_41_05_Pro_jpg.rf.89e34714164a747171b692c0096bd9e9.jpg 1 406 511 11 20
images\WIN_20230602_09_41_16_Pro_jpg.rf.b9ecb8caf39d90836e9807b4f218deb7.jpg 1 148 171 12 19
images\WIN_20230602_09_41_16_Pro_jpg.rf.b9ecb8caf39d90836e9807b4f218deb7.jpg 1 285 87 10 19
images\WIN_20230602_09_41_16_Pro_jpg.rf.b9ecb8caf39d90836e9807b4f218deb7.jpg 1 346 82 10 19
images\WIN_20230602_09_41_16_Pro_jpg.rf.b9ecb8caf39d90836e9807b4f218deb7.jpg 1 470 74 10 18
images\WIN_20230602_09_41_16_Pro_jpg.rf.b9ecb8caf39d90836e9807b4f218deb7.jpg 1 428 183 11 18
images\WIN_20230602_09_41_16_Pro_jpg.rf.b9ecb8caf39d90836e9807b4f218deb7.jpg 1 401 272 10 17
images\WIN_20230602_09_41_16_Pro_jpg.rf.b9ecb8caf39d90836e9807b4f218deb7.jpg 1 417 368 10 18
images\WIN_20230602_09_41_16_Pro_jpg.rf.b9ecb8caf39d90836e9807b4f218deb7.jpg 1 270 320 10 18
images\WIN_20230602_09_41_16_Pro_jpg.rf.b9ecb8caf39d90836e9807b4f218deb7.jpg 1 284 239 10 17
images\WIN_20230602_09_41_16_Pro_jpg.rf.b9ecb8caf39d90836e9807b4f218deb7.jpg 1 399 403 9 18
images\WIN_20230602_09_41_16_Pro_jpg.rf.b9ecb8caf39d90836e9807b4f218deb7.jpg 1 379 426 9 18
images\WIN_20230602_09_41_16_Pro_jpg.rf.b9ecb8caf39d90836e9807b4f218deb7.jpg 1 478 453 11 19
images\WIN_20230602_09_41_33_Pro_jpg.rf.35b6ba168ea9e1c0639efd45d75101b8.jpg 1 144 168 15 24
images\WIN_20230602_09_41_33_Pro_jpg.rf.35b6ba168ea9e1c0639efd45d75101b8.jpg 1 282 82 13 24
images\WIN_20230602_09_41_33_Pro_jpg.rf.35b6ba168ea9e1c0639efd45d75101b8.jpg 1 469 68 13 24
images\WIN_20230602_09_41_33_Pro_jpg.rf.35b6ba168ea9e1c0639efd45d75101b8.jpg 1 432 183 13 24
images\WIN_20230602_09_41_33_Pro_jpg.rf.35b6ba168ea9e1c0639efd45d75101b8.jpg 1 298 238 13 21
images\WIN_20230602_09_41_33_Pro_jpg.rf.35b6ba168ea9e1c0639efd45d75101b8.jpg 1 281 269 12 21
images\WIN_20230602_09_41_33_Pro_jpg.rf.35b6ba168ea9e1c0639efd45d75101b8.jpg 1 277 305 12 21
images\WIN_20230602_09_41_33_Pro_jpg.rf.35b6ba168ea9e1c0639efd45d75101b8.jpg 1 301 305 11 20
images\WIN_20230602_09_41_33_Pro_jpg.rf.35b6ba168ea9e1c0639efd45d75101b8.jpg 1 399 394 12 21
images\WIN_20230602_09_41_33_Pro_jpg.rf.35b6ba168ea9e1c0639efd45d75101b8.jpg 1 377 426 13 22
images\WIN_20230602_09_41_33_Pro_jpg.rf.35b6ba168ea9e1c0639efd45d75101b8.jpg 1 410 401 12 22
images\WIN_20230602_09_41_33_Pro_jpg.rf.35b6ba168ea9e1c0639efd45d75101b8.jpg 1 457 388 12 24
images\WIN_20230602_09_41_34_Pro_jpg.rf.e7fce5e5cfd1576e5f27175eeebeea41.jpg 1 148 171 12 19
images\WIN_20230602_09_41_34_Pro_jpg.rf.e7fce5e5cfd1576e5f27175eeebeea41.jpg 1 285 87 10 19
images\WIN_20230602_09_41_34_Pro_jpg.rf.e7fce5e5cfd1576e5f27175eeebeea41.jpg 1 300 240 10 18
images\WIN_20230602_09_41_34_Pro_jpg.rf.e7fce5e5cfd1576e5f27175eeebeea41.jpg 1 283 272 10 18
images\WIN_20230602_09_41_34_Pro_jpg.rf.e7fce5e5cfd1576e5f27175eeebeea41.jpg 1 279 306 10 17
images\WIN_20230602_09_41_34_Pro_jpg.rf.e7fce5e5cfd1576e5f27175eeebeea41.jpg 1 302 305 10 18
images\WIN_20230602_09_41_34_Pro_jpg.rf.e7fce5e5cfd1576e5f27175eeebeea41.jpg 1 470 74 10 18
images\WIN_20230602_09_41_34_Pro_jpg.rf.e7fce5e5cfd1576e5f27175eeebeea41.jpg 1 433 187 10 18
images\WIN_20230602_09_41_34_Pro_jpg.rf.e7fce5e5cfd1576e5f27175eeebeea41.jpg 1 379 426 9 18
images\WIN_20230602_09_41_34_Pro_jpg.rf.e7fce5e5cfd1576e5f27175eeebeea41.jpg 1 400 395 10 17
images\WIN_20230602_09_41_34_Pro_jpg.rf.e7fce5e5cfd1576e5f27175eeebeea41.jpg 1 410 401 11 18
images\WIN_20230602_09_41_34_Pro_jpg.rf.e7fce5e5cfd1576e5f27175eeebeea41.jpg 1 457 390 10 18
images\WIN_20230602_09_41_52_Pro_jpg.rf.dc150350d13745524b91736644b1a962.jpg 1 103 30 12 20
images\WIN_20230602_09_41_52_Pro_jpg.rf.dc150350d13745524b91736644b1a962.jpg 1 96 576 12 20
images\WIN_20230602_09_41_52_Pro_jpg.rf.dc150350d13745524b91736644b1a962.jpg 1 285 87 10 19
images\WIN_20230602_09_41_52_Pro_jpg.rf.dc150350d13745524b91736644b1a962.jpg 1 300 240 10 18
images\WIN_20230602_09_41_52_Pro_jpg.rf.dc150350d13745524b91736644b1a962.jpg 1 283 272 10 18
images\WIN_20230602_09_41_52_Pro_jpg.rf.dc150350d13745524b91736644b1a962.jpg 1 279 306 10 17
images\WIN_20230602_09_41_52_Pro_jpg.rf.dc150350d13745524b91736644b1a962.jpg 1 302 305 10 18
images\WIN_20230602_09_41_52_Pro_jpg.rf.dc150350d13745524b91736644b1a962.jpg 1 433 187 10 18
images\WIN_20230602_09_41_52_Pro_jpg.rf.dc150350d13745524b91736644b1a962.jpg 1 494 82 11 18
images\WIN_20230602_09_41_52_Pro_jpg.rf.dc150350d13745524b91736644b1a962.jpg 1 378 426 10 18
images\WIN_20230602_09_41_52_Pro_jpg.rf.dc150350d13745524b91736644b1a962.jpg 1 505 546 10 18
images\WIN_20230602_09_41_52_Pro_jpg.rf.dc150350d13745524b91736644b1a962.jpg 1 457 389 10 19
images\WIN_20230602_09_41_58_Pro_jpg.rf.3c177595990bc658f3728e915127786f.jpg 1 103 30 12 20
images\WIN_20230602_09_41_58_Pro_jpg.rf.3c177595990bc658f3728e915127786f.jpg 1 96 576 12 20
images\WIN_20230602_09_41_58_Pro_jpg.rf.3c177595990bc658f3728e915127786f.jpg 1 285 87 10 19
images\WIN_20230602_09_41_58_Pro_jpg.rf.3c177595990bc658f3728e915127786f.jpg 1 300 240 10 18
images\WIN_20230602_09_41_58_Pro_jpg.rf.3c177595990bc658f3728e915127786f.jpg 1 283 272 10 18
images\WIN_20230602_09_41_58_Pro_jpg.rf.3c177595990bc658f3728e915127786f.jpg 1 279 306 10 17
images\WIN_20230602_09_41_58_Pro_jpg.rf.3c177595990bc658f3728e915127786f.jpg 1 302 305 10 18
images\WIN_20230602_09_41_58_Pro_jpg.rf.3c177595990bc658f3728e915127786f.jpg 1 433 187 10 18
images\WIN_20230602_09_41_58_Pro_jpg.rf.3c177595990bc658f3728e915127786f.jpg 1 494 82 11 18
images\WIN_20230602_09_41_58_Pro_jpg.rf.3c177595990bc658f3728e915127786f.jpg 1 378 426 10 18
images\WIN_20230602_09_41_58_Pro_jpg.rf.3c177595990bc658f3728e915127786f.jpg 1 505 546 10 18
images\WIN_20230602_09_41_58_Pro_jpg.rf.3c177595990bc658f3728e915127786f.jpg 1 457 389 10 19
images\WIN_20230602_09_42_09_Pro_jpg.rf.7aadaefe970d8620d0bea79f5e5c5737.jpg 1 103 31 12 19
images\WIN_20230602_09_42_09_Pro_jpg.rf.7aadaefe970d8620d0bea79f5e5c5737.jpg 1 284 40 10 20
images\WIN_20230602_09_42_09_Pro_jpg.rf.7aadaefe970d8620d0bea79f5e5c5737.jpg 1 356 53 10 20
images\WIN_20230602_09_42_09_Pro_jpg.rf.7aadaefe970d8620d0bea79f5e5c5737.jpg 1 300 240 10 18
images\WIN_20230602_09_42_09_Pro_jpg.rf.7aadaefe970d8620d0bea79f5e5c5737.jpg 1 279 306 10 17
images\WIN_20230602_09_42_09_Pro_jpg.rf.7aadaefe970d8620d0bea79f5e5c5737.jpg 1 302 305 10 18
images\WIN_20230602_09_42_09_Pro_jpg.rf.7aadaefe970d8620d0bea79f5e5c5737.jpg 1 96 576 12 20
images\WIN_20230602_09_42_09_Pro_jpg.rf.7aadaefe970d8620d0bea79f5e5c5737.jpg 1 356 325 10 19
images\WIN_20230602_09_42_09_Pro_jpg.rf.7aadaefe970d8620d0bea79f5e5c5737.jpg 1 365 328 10 18
images\WIN_20230602_09_42_09_Pro_jpg.rf.7aadaefe970d8620d0bea79f5e5c5737.jpg 1 378 426 10 18
images\WIN_20230602_09_42_09_Pro_jpg.rf.7aadaefe970d8620d0bea79f5e5c5737.jpg 1 505 546 11 18
images\WIN_20230602_09_42_09_Pro_jpg.rf.7aadaefe970d8620d0bea79f5e5c5737.jpg 1 497 54 11 18
images\WIN_20230602_09_42_10_Pro_jpg.rf.309f4bca73f4fdd2a1cbec16640ebff7.jpg 1 103 31 12 19
images\WIN_20230602_09_42_10_Pro_jpg.rf.309f4bca73f4fdd2a1cbec16640ebff7.jpg 1 284 40 10 20
images\WIN_20230602_09_42_10_Pro_jpg.rf.309f4bca73f4fdd2a1cbec16640ebff7.jpg 1 356 53 10 20
images\WIN_20230602_09_42_10_Pro_jpg.rf.309f4bca73f4fdd2a1cbec16640ebff7.jpg 1 362 306 10 18
images\WIN_20230602_09_42_10_Pro_jpg.rf.309f4bca73f4fdd2a1cbec16640ebff7.jpg 1 300 240 10 18
images\WIN_20230602_09_42_10_Pro_jpg.rf.309f4bca73f4fdd2a1cbec16640ebff7.jpg 1 302 305 10 18
images\WIN_20230602_09_42_10_Pro_jpg.rf.309f4bca73f4fdd2a1cbec16640ebff7.jpg 1 279 306 10 17
images\WIN_20230602_09_42_10_Pro_jpg.rf.309f4bca73f4fdd2a1cbec16640ebff7.jpg 1 369 376 10 18
images\WIN_20230602_09_42_10_Pro_jpg.rf.309f4bca73f4fdd2a1cbec16640ebff7.jpg 1 379 427 9 18
images\WIN_20230602_09_42_10_Pro_jpg.rf.309f4bca73f4fdd2a1cbec16640ebff7.jpg 1 96 577 12 19
images\WIN_20230602_09_42_10_Pro_jpg.rf.309f4bca73f4fdd2a1cbec16640ebff7.jpg 1 505 546 10 17
images\WIN_20230602_09_42_10_Pro_jpg.rf.309f4bca73f4fdd2a1cbec16640ebff7.jpg 1 497 54 11 18
images\WIN_20230602_09_42_48_Pro_jpg.rf.9ba5884bb3fdc551bc15a633fd1ff0b3.jpg 1 103 30 12 20
images\WIN_20230602_09_42_48_Pro_jpg.rf.9ba5884bb3fdc551bc15a633fd1ff0b3.jpg 1 284 40 10 20
images\WIN_20230602_09_42_48_Pro_jpg.rf.9ba5884bb3fdc551bc15a633fd1ff0b3.jpg 1 356 53 10 20
images\WIN_20230602_09_42_48_Pro_jpg.rf.9ba5884bb3fdc551bc15a633fd1ff0b3.jpg 1 343 206 10 18
images\WIN_20230602_09_42_48_Pro_jpg.rf.9ba5884bb3fdc551bc15a633fd1ff0b3.jpg 1 374 311 10 17
images\WIN_20230602_09_42_48_Pro_jpg.rf.9ba5884bb3fdc551bc15a633fd1ff0b3.jpg 1 377 352 10 18
images\WIN_20230602_09_42_48_Pro_jpg.rf.9ba5884bb3fdc551bc15a633fd1ff0b3.jpg 1 420 389 11 18
images\WIN_20230602_09_42_48_Pro_jpg.rf.9ba5884bb3fdc551bc15a633fd1ff0b3.jpg 1 376 414 10 18
images\WIN_20230602_09_42_48_Pro_jpg.rf.9ba5884bb3fdc551bc15a633fd1ff0b3.jpg 1 96 577 12 19
images\WIN_20230602_09_42_48_Pro_jpg.rf.9ba5884bb3fdc551bc15a633fd1ff0b3.jpg 1 302 305 10 18
images\WIN_20230602_09_42_48_Pro_jpg.rf.9ba5884bb3fdc551bc15a633fd1ff0b3.jpg 1 279 306 10 17
images\WIN_20230602_09_42_48_Pro_jpg.rf.9ba5884bb3fdc551bc15a633fd1ff0b3.jpg 1 303 272 10 18
images\WIN_20230602_09_43_02_Pro_jpg.rf.7dd4f4ae2bf6b0cf37ae7c4b4b3e912e.jpg 1 103 30 12 20
images\WIN_20230602_09_43_02_Pro_jpg.rf.7dd4f4ae2bf6b0cf37ae7c4b4b3e912e.jpg 1 284 40 10 20
images\WIN_20230602_09_43_02_Pro_jpg.rf.7dd4f4ae2bf6b0cf37ae7c4b4b3e912e.jpg 1 356 53 10 20
images\WIN_20230602_09_43_02_Pro_jpg.rf.7dd4f4ae2bf6b0cf37ae7c4b4b3e912e.jpg 1 309 260 10 18
images\WIN_20230602_09_43_02_Pro_jpg.rf.7dd4f4ae2bf6b0cf37ae7c4b4b3e912e.jpg 1 374 311 10 17
images\WIN_20230602_09_43_02_Pro_jpg.rf.7dd4f4ae2bf6b0cf37ae7c4b4b3e912e.jpg 1 377 352 10 18
images\WIN_20230602_09_43_02_Pro_jpg.rf.7dd4f4ae2bf6b0cf37ae7c4b4b3e912e.jpg 1 420 389 11 18
images\WIN_20230602_09_43_02_Pro_jpg.rf.7dd4f4ae2bf6b0cf37ae7c4b4b3e912e.jpg 1 376 414 10 18
images\WIN_20230602_09_43_02_Pro_jpg.rf.7dd4f4ae2bf6b0cf37ae7c4b4b3e912e.jpg 1 302 305 10 18
images\WIN_20230602_09_43_02_Pro_jpg.rf.7dd4f4ae2bf6b0cf37ae7c4b4b3e912e.jpg 1 279 306 10 17
images\WIN_20230602_09_43_02_Pro_jpg.rf.7dd4f4ae2bf6b0cf37ae7c4b4b3e912e.jpg 1 96 576 12 20
images\WIN_20230602_09_43_02_Pro_jpg.rf.7dd4f4ae2bf6b0cf37ae7c4b4b3e912e.jpg 1 302 274 9 17
images\WIN_20230602_09_44_20_Pro_jpg.rf.24ddae48e7fbe1fa5d3718d5fea8369e.jpg 1 103 30 12 20
images\WIN_20230602_09_44_20_Pro_jpg.rf.24ddae48e7fbe1fa5d3718d5fea8369e.jpg 1 149 30 11 20
images\WIN_20230602_09_44_20_Pro_jpg.rf.24ddae48e7fbe1fa5d3718d5fea8369e.jpg 1 196 34 11 20
images\WIN_20230602_09_44_20_Pro_jpg.rf.24ddae48e7fbe1fa5d3718d5fea8369e.jpg 1 166 71 11 19
images\WIN_20230602_09_44_20_Pro_jpg.rf.24ddae48e7fbe1fa5d3718d5fea8369e.jpg 1 305 252 10 18
images\WIN_20230602_09_44_20_Pro_jpg.rf.24ddae48e7fbe1fa5d3718d5fea8369e.jpg 1 283 226 10 18
images\WIN_20230602_09_44_20_Pro_jpg.rf.24ddae48e7fbe1fa5d3718d5fea8369e.jpg 1 375 279 10 17
images\WIN_20230602_09_44_20_Pro_jpg.rf.24ddae48e7fbe1fa5d3718d5fea8369e.jpg 1 351 335 10 19
images\WIN_20230602_09_44_20_Pro_jpg.rf.24ddae48e7fbe1fa5d3718d5fea8369e.jpg 1 133 484 12 20
images\WIN_20230602_09_44_20_Pro_jpg.rf.24ddae48e7fbe1fa5d3718d5fea8369e.jpg 1 104 535 13 21
images\WIN_20230602_09_44_20_Pro_jpg.rf.24ddae48e7fbe1fa5d3718d5fea8369e.jpg 1 97 573 12 21
images\WIN_20230602_09_44_20_Pro_jpg.rf.24ddae48e7fbe1fa5d3718d5fea8369e.jpg 1 503 495 11 19
images\WIN_20230602_09_45_17_Pro_jpg.rf.3a8315d5a31180a8243c8916f3d76437.jpg 1 103 30 12 20
images\WIN_20230602_09_45_17_Pro_jpg.rf.3a8315d5a31180a8243c8916f3d76437.jpg 1 149 30 11 20
images\WIN_20230602_09_45_17_Pro_jpg.rf.3a8315d5a31180a8243c8916f3d76437.jpg 1 196 34 11 20
images\WIN_20230602_09_45_17_Pro_jpg.rf.3a8315d5a31180a8243c8916f3d76437.jpg 1 167 66 12 22
images\WIN_20230602_09_45_17_Pro_jpg.rf.3a8315d5a31180a8243c8916f3d76437.jpg 1 133 484 12 20
images\WIN_20230602_09_45_17_Pro_jpg.rf.3a8315d5a31180a8243c8916f3d76437.jpg 1 104 535 13 21
images\WIN_20230602_09_45_17_Pro_jpg.rf.3a8315d5a31180a8243c8916f3d76437.jpg 1 97 573 12 21
images\WIN_20230602_09_45_17_Pro_jpg.rf.3a8315d5a31180a8243c8916f3d76437.jpg 1 283 225 10 18
images\WIN_20230602_09_45_17_Pro_jpg.rf.3a8315d5a31180a8243c8916f3d76437.jpg 1 318 223 10 18
images\WIN_20230602_09_45_17_Pro_jpg.rf.3a8315d5a31180a8243c8916f3d76437.jpg 1 377 272 10 18
images\WIN_20230602_09_45_17_Pro_jpg.rf.3a8315d5a31180a8243c8916f3d76437.jpg 1 351 336 10 19
images\WIN_20230602_09_45_17_Pro_jpg.rf.3a8315d5a31180a8243c8916f3d76437.jpg 1 140 108 69 224
images\WIN_20230602_09_45_17_Pro_jpg.rf.3a8315d5a31180a8243c8916f3d76437.jpg 1 493 480 11 18
images\WIN_20230602_09_45_25_Pro_jpg.rf.ddf140e114306f7285a6d3a3c3be0574.jpg 1 493 480 11 18
images\WIN_20230602_09_45_25_Pro_jpg.rf.ddf140e114306f7285a6d3a3c3be0574.jpg 1 99 163 143 165
images\WIN_20230602_09_45_25_Pro_jpg.rf.ddf140e114306f7285a6d3a3c3be0574.jpg 1 104 30 11 20
images\WIN_20230602_09_45_25_Pro_jpg.rf.ddf140e114306f7285a6d3a3c3be0574.jpg 1 149 30 11 20
images\WIN_20230602_09_45_25_Pro_jpg.rf.ddf140e114306f7285a6d3a3c3be0574.jpg 1 167 67 11 20
images\WIN_20230602_09_45_25_Pro_jpg.rf.ddf140e114306f7285a6d3a3c3be0574.jpg 1 196 34 11 20
images\WIN_20230602_09_45_25_Pro_jpg.rf.ddf140e114306f7285a6d3a3c3be0574.jpg 1 283 225 10 18
images\WIN_20230602_09_45_25_Pro_jpg.rf.ddf140e114306f7285a6d3a3c3be0574.jpg 1 318 223 10 17
images\WIN_20230602_09_45_25_Pro_jpg.rf.ddf140e114306f7285a6d3a3c3be0574.jpg 1 133 484 12 20
images\WIN_20230602_09_45_25_Pro_jpg.rf.ddf140e114306f7285a6d3a3c3be0574.jpg 1 104 535 13 21
images\WIN_20230602_09_45_25_Pro_jpg.rf.ddf140e114306f7285a6d3a3c3be0574.jpg 1 97 573 12 21
images\WIN_20230602_09_45_25_Pro_jpg.rf.ddf140e114306f7285a6d3a3c3be0574.jpg 1 377 272 10 18
images\WIN_20230602_09_45_25_Pro_jpg.rf.ddf140e114306f7285a6d3a3c3be0574.jpg 1 351 336 10 19
images\WIN_20230602_09_45_30_Pro_jpg.rf.7d26ae3267a001c142a3f95d8f633a56.jpg 1 103 30 12 20
images\WIN_20230602_09_45_30_Pro_jpg.rf.7d26ae3267a001c142a3f95d8f633a56.jpg 1 149 30 11 20
images\WIN_20230602_09_45_30_Pro_jpg.rf.7d26ae3267a001c142a3f95d8f633a56.jpg 1 167 67 11 20
images\WIN_20230602_09_45_30_Pro_jpg.rf.7d26ae3267a001c142a3f95d8f633a56.jpg 1 196 34 11 20
images\WIN_20230602_09_45_30_Pro_jpg.rf.7d26ae3267a001c142a3f95d8f633a56.jpg 1 133 484 12 19
images\WIN_20230602_09_45_30_Pro_jpg.rf.7d26ae3267a001c142a3f95d8f633a56.jpg 1 104 535 13 21
images\WIN_20230602_09_45_30_Pro_jpg.rf.7d26ae3267a001c142a3f95d8f633a56.jpg 1 97 573 12 21
images\WIN_20230602_09_45_30_Pro_jpg.rf.7d26ae3267a001c142a3f95d8f633a56.jpg 1 283 225 10 18
images\WIN_20230602_09_45_30_Pro_jpg.rf.7d26ae3267a001c142a3f95d8f633a56.jpg 1 318 222 10 19
images\WIN_20230602_09_45_30_Pro_jpg.rf.7d26ae3267a001c142a3f95d8f633a56.jpg 1 377 272 10 18
images\WIN_20230602_09_45_30_Pro_jpg.rf.7d26ae3267a001c142a3f95d8f633a56.jpg 1 351 336 10 19
images\WIN_20230602_09_45_30_Pro_jpg.rf.7d26ae3267a001c142a3f95d8f633a56.jpg 1 99 163 143 166
images\WIN_20230602_09_45_30_Pro_jpg.rf.7d26ae3267a001c142a3f95d8f633a56.jpg 1 493 480 11 18
images\WIN_20230602_09_45_37_Pro_jpg.rf.ee57b1e4e7d03d5f7ef6ec88572eef52.jpg 1 97 573 12 21
images\WIN_20230602_09_45_37_Pro_jpg.rf.ee57b1e4e7d03d5f7ef6ec88572eef52.jpg 1 104 535 13 21
images\WIN_20230602_09_45_37_Pro_jpg.rf.ee57b1e4e7d03d5f7ef6ec88572eef52.jpg 1 133 484 12 20
images\WIN_20230602_09_45_37_Pro_jpg.rf.ee57b1e4e7d03d5f7ef6ec88572eef52.jpg 1 103 30 12 20
images\WIN_20230602_09_45_37_Pro_jpg.rf.ee57b1e4e7d03d5f7ef6ec88572eef52.jpg 1 148 30 12 20
images\WIN_20230602_09_45_37_Pro_jpg.rf.ee57b1e4e7d03d5f7ef6ec88572eef52.jpg 1 196 34 11 20
images\WIN_20230602_09_45_37_Pro_jpg.rf.ee57b1e4e7d03d5f7ef6ec88572eef52.jpg 1 167 67 11 20
images\WIN_20230602_09_45_37_Pro_jpg.rf.ee57b1e4e7d03d5f7ef6ec88572eef52.jpg 1 283 225 10 18
images\WIN_20230602_09_45_37_Pro_jpg.rf.ee57b1e4e7d03d5f7ef6ec88572eef52.jpg 1 318 223 10 17
images\WIN_20230602_09_45_37_Pro_jpg.rf.ee57b1e4e7d03d5f7ef6ec88572eef52.jpg 1 377 272 10 18
images\WIN_20230602_09_45_37_Pro_jpg.rf.ee57b1e4e7d03d5f7ef6ec88572eef52.jpg 1 351 336 10 19
images\WIN_20230602_09_45_37_Pro_jpg.rf.ee57b1e4e7d03d5f7ef6ec88572eef52.jpg 1 493 480 11 18
images\WIN_20230602_09_45_37_Pro_jpg.rf.ee57b1e4e7d03d5f7ef6ec88572eef52.jpg 1 111 127 121 231
images\WIN_20230602_09_45_44_Pro_jpg.rf.add6d9043a202e49b24d8abf70cc97a1.jpg 1 145 110 97 232
images\WIN_20230602_09_45_44_Pro_jpg.rf.add6d9043a202e49b24d8abf70cc97a1.jpg 1 105 32 11 20
images\WIN_20230602_09_45_44_Pro_jpg.rf.add6d9043a202e49b24d8abf70cc97a1.jpg 1 148 30 12 20
images\WIN_20230602_09_45_44_Pro_jpg.rf.add6d9043a202e49b24d8abf70cc97a1.jpg 1 167 67 11 20
images\WIN_20230602_09_45_44_Pro_jpg.rf.add6d9043a202e49b24d8abf70cc97a1.jpg 1 196 34 11 20
images\WIN_20230602_09_45_44_Pro_jpg.rf.add6d9043a202e49b24d8abf70cc97a1.jpg 1 133 484 12 19
images\WIN_20230602_09_45_44_Pro_jpg.rf.add6d9043a202e49b24d8abf70cc97a1.jpg 1 105 535 12 21
images\WIN_20230602_09_45_44_Pro_jpg.rf.add6d9043a202e49b24d8abf70cc97a1.jpg 1 97 573 12 21
images\WIN_20230602_09_45_44_Pro_jpg.rf.add6d9043a202e49b24d8abf70cc97a1.jpg 1 283 225 10 18
images\WIN_20230602_09_45_44_Pro_jpg.rf.add6d9043a202e49b24d8abf70cc97a1.jpg 1 318 223 10 17
images\WIN_20230602_09_45_44_Pro_jpg.rf.add6d9043a202e49b24d8abf70cc97a1.jpg 1 351 336 10 19
images\WIN_20230602_09_45_44_Pro_jpg.rf.add6d9043a202e49b24d8abf70cc97a1.jpg 1 377 272 10 18
images\WIN_20230602_09_45_44_Pro_jpg.rf.add6d9043a202e49b24d8abf70cc97a1.jpg 1 493 480 11 18
images\WIN_20230602_09_46_20_Pro_jpg.rf.8a334ea4ae6cbe4a120c75bec034e3d4.jpg 1 403 61 10 19
images\WIN_20230602_09_46_20_Pro_jpg.rf.8a334ea4ae6cbe4a120c75bec034e3d4.jpg 1 318 222 10 18
images\WIN_20230602_09_46_20_Pro_jpg.rf.8a334ea4ae6cbe4a120c75bec034e3d4.jpg 1 283 225 10 18
images\WIN_20230602_09_46_20_Pro_jpg.rf.8a334ea4ae6cbe4a120c75bec034e3d4.jpg 1 133 483 12 20
images\WIN_20230602_09_46_20_Pro_jpg.rf.8a334ea4ae6cbe4a120c75bec034e3d4.jpg 1 104 535 13 21
images\WIN_20230602_09_46_20_Pro_jpg.rf.8a334ea4ae6cbe4a120c75bec034e3d4.jpg 1 98 573 11 21
images\WIN_20230602_09_46_20_Pro_jpg.rf.8a334ea4ae6cbe4a120c75bec034e3d4.jpg 1 335 363 10 18
images\WIN_20230602_09_46_20_Pro_jpg.rf.8a334ea4ae6cbe4a120c75bec034e3d4.jpg 1 411 298 11 18
images\WIN_20230602_09_46_20_Pro_jpg.rf.8a334ea4ae6cbe4a120c75bec034e3d4.jpg 1 380 368 10 18
images\WIN_20230602_09_46_20_Pro_jpg.rf.8a334ea4ae6cbe4a120c75bec034e3d4.jpg 1 373 392 10 17
images\WIN_20230602_09_46_20_Pro_jpg.rf.8a334ea4ae6cbe4a120c75bec034e3d4.jpg 1 446 532 10 18
images\WIN_20230602_09_46_20_Pro_jpg.rf.8a334ea4ae6cbe4a120c75bec034e3d4.jpg 1 493 480 11 18
images\WIN_20230602_09_46_20_Pro_jpg.rf.8a334ea4ae6cbe4a120c75bec034e3d4.jpg 1 406 84 86 212
images\WIN_20230602_09_46_36_Pro_jpg.rf.57fefecb93693f336cc950b8000dd7e4.jpg 1 97 573 12 21
images\WIN_20230602_09_46_36_Pro_jpg.rf.57fefecb93693f336cc950b8000dd7e4.jpg 1 104 535 13 20
images\WIN_20230602_09_46_36_Pro_jpg.rf.57fefecb93693f336cc950b8000dd7e4.jpg 1 133 483 12 20
images\WIN_20230602_09_46_36_Pro_jpg.rf.57fefecb93693f336cc950b8000dd7e4.jpg 1 283 225 10 18
images\WIN_20230602_09_46_36_Pro_jpg.rf.57fefecb93693f336cc950b8000dd7e4.jpg 1 318 222 10 18
images\WIN_20230602_09_46_36_Pro_jpg.rf.57fefecb93693f336cc950b8000dd7e4.jpg 1 403 61 10 19
images\WIN_20230602_09_46_36_Pro_jpg.rf.57fefecb93693f336cc950b8000dd7e4.jpg 1 411 298 11 18
images\WIN_20230602_09_46_36_Pro_jpg.rf.57fefecb93693f336cc950b8000dd7e4.jpg 1 380 368 10 18
images\WIN_20230602_09_46_36_Pro_jpg.rf.57fefecb93693f336cc950b8000dd7e4.jpg 1 373 392 10 17
images\WIN_20230602_09_46_36_Pro_jpg.rf.57fefecb93693f336cc950b8000dd7e4.jpg 1 335 363 10 18
images\WIN_20230602_09_46_36_Pro_jpg.rf.57fefecb93693f336cc950b8000dd7e4.jpg 1 446 532 10 18
images\WIN_20230602_09_46_36_Pro_jpg.rf.57fefecb93693f336cc950b8000dd7e4.jpg 1 493 480 11 18
images\WIN_20230602_09_46_36_Pro_jpg.rf.57fefecb93693f336cc950b8000dd7e4.jpg 1 449 53 68 175
images\WIN_20230602_09_46_37_Pro_jpg.rf.aca028d02ab2f03ebfaee7fb14bff487.jpg 1 449 53 67 174
images\WIN_20230602_09_46_37_Pro_jpg.rf.aca028d02ab2f03ebfaee7fb14bff487.jpg 1 493 480 11 18
images\WIN_20230602_09_46_37_Pro_jpg.rf.aca028d02ab2f03ebfaee7fb14bff487.jpg 1 403 61 10 19
images\WIN_20230602_09_46_37_Pro_jpg.rf.aca028d02ab2f03ebfaee7fb14bff487.jpg 1 318 222 10 18
images\WIN_20230602_09_46_37_Pro_jpg.rf.aca028d02ab2f03ebfaee7fb14bff487.jpg 1 283 225 10 18
images\WIN_20230602_09_46_37_Pro_jpg.rf.aca028d02ab2f03ebfaee7fb14bff487.jpg 1 335 363 10 18
images\WIN_20230602_09_46_37_Pro_jpg.rf.aca028d02ab2f03ebfaee7fb14bff487.jpg 1 411 298 11 18
images\WIN_20230602_09_46_37_Pro_jpg.rf.aca028d02ab2f03ebfaee7fb14bff487.jpg 1 380 368 10 18
images\WIN_20230602_09_46_37_Pro_jpg.rf.aca028d02ab2f03ebfaee7fb14bff487.jpg 1 373 392 10 17
images\WIN_20230602_09_46_37_Pro_jpg.rf.aca028d02ab2f03ebfaee7fb14bff487.jpg 1 446 532 10 18
images\WIN_20230602_09_46_37_Pro_jpg.rf.aca028d02ab2f03ebfaee7fb14bff487.jpg 1 97 573 12 21
images\WIN_20230602_09_46_37_Pro_jpg.rf.aca028d02ab2f03ebfaee7fb14bff487.jpg 1 104 535 13 21
images\WIN_20230602_09_46_37_Pro_jpg.rf.aca028d02ab2f03ebfaee7fb14bff487.jpg 1 133 483 12 20
images\WIN_20230602_09_46_58_Pro_jpg.rf.7307da994cab4fa43c273ef944f243fd.jpg 1 94 440 124 152
images\WIN_20230602_09_46_58_Pro_jpg.rf.7307da994cab4fa43c273ef944f243fd.jpg 1 493 480 11 18
images\WIN_20230602_09_46_58_Pro_jpg.rf.7307da994cab4fa43c273ef944f243fd.jpg 1 403 61 10 19
images\WIN_20230602_09_46_58_Pro_jpg.rf.7307da994cab4fa43c273ef944f243fd.jpg 1 318 222 10 18
images\WIN_20230602_09_46_58_Pro_jpg.rf.7307da994cab4fa43c273ef944f243fd.jpg 1 283 225 10 18
images\WIN_20230602_09_46_58_Pro_jpg.rf.7307da994cab4fa43c273ef944f243fd.jpg 1 265 251 10 19
images\WIN_20230602_09_46_58_Pro_jpg.rf.7307da994cab4fa43c273ef944f243fd.jpg 1 371 283 10 19
images\WIN_20230602_09_46_58_Pro_jpg.rf.7307da994cab4fa43c273ef944f243fd.jpg 1 335 363 10 18
images\WIN_20230602_09_46_58_Pro_jpg.rf.7307da994cab4fa43c273ef944f243fd.jpg 1 373 392 10 17
images\WIN_20230602_09_46_58_Pro_jpg.rf.7307da994cab4fa43c273ef944f243fd.jpg 1 380 368 10 18
images\WIN_20230602_09_46_58_Pro_jpg.rf.7307da994cab4fa43c273ef944f243fd.jpg 1 408 307 11 18
images\WIN_20230602_09_46_58_Pro_jpg.rf.7307da994cab4fa43c273ef944f243fd.jpg 1 421 285 11 19
images\WIN_20230602_09_46_58_Pro_jpg.rf.7307da994cab4fa43c273ef944f243fd.jpg 1 445 531 11 19
images\WIN_20230602_09_46_59_Pro_jpg.rf.fa6c066e2d6728eeb309124907f8cf62.jpg 1 403 61 10 19
images\WIN_20230602_09_46_59_Pro_jpg.rf.fa6c066e2d6728eeb309124907f8cf62.jpg 1 318 223 10 17
images\WIN_20230602_09_46_59_Pro_jpg.rf.fa6c066e2d6728eeb309124907f8cf62.jpg 1 283 225 10 18
images\WIN_20230602_09_46_59_Pro_jpg.rf.fa6c066e2d6728eeb309124907f8cf62.jpg 1 263 250 11 18
images\WIN_20230602_09_46_59_Pro_jpg.rf.fa6c066e2d6728eeb309124907f8cf62.jpg 1 395 247 10 18
images\WIN_20230602_09_46_59_Pro_jpg.rf.fa6c066e2d6728eeb309124907f8cf62.jpg 1 425 258 10 17
images\WIN_20230602_09_46_59_Pro_jpg.rf.fa6c066e2d6728eeb309124907f8cf62.jpg 1 411 306 10 18
images\WIN_20230602_09_46_59_Pro_jpg.rf.fa6c066e2d6728eeb309124907f8cf62.jpg 1 335 363 10 18
images\WIN_20230602_09_46_59_Pro_jpg.rf.fa6c066e2d6728eeb309124907f8cf62.jpg 1 380 368 10 18
images\WIN_20230602_09_46_59_Pro_jpg.rf.fa6c066e2d6728eeb309124907f8cf62.jpg 1 373 392 10 17
images\WIN_20230602_09_46_59_Pro_jpg.rf.fa6c066e2d6728eeb309124907f8cf62.jpg 1 446 531 10 19
images\WIN_20230602_09_46_59_Pro_jpg.rf.fa6c066e2d6728eeb309124907f8cf62.jpg 1 94 440 122 151
images\WIN_20230602_09_46_59_Pro_jpg.rf.fa6c066e2d6728eeb309124907f8cf62.jpg 1 493 480 11 18
images\WIN_20230602_09_47_05_Pro_jpg.rf.26d5cb68a8cced0ec95bd0d1af1f8a85.jpg 1 493 480 11 18
images\WIN_20230602_09_47_05_Pro_jpg.rf.26d5cb68a8cced0ec95bd0d1af1f8a85.jpg 1 64 360 107 236
images\WIN_20230602_09_47_05_Pro_jpg.rf.26d5cb68a8cced0ec95bd0d1af1f8a85.jpg 1 403 61 10 19
images\WIN_20230602_09_47_05_Pro_jpg.rf.26d5cb68a8cced0ec95bd0d1af1f8a85.jpg 1 283 225 10 18
images\WIN_20230602_09_47_05_Pro_jpg.rf.26d5cb68a8cced0ec95bd0d1af1f8a85.jpg 1 263 250 11 18
images\WIN_20230602_09_47_05_Pro_jpg.rf.26d5cb68a8cced0ec95bd0d1af1f8a85.jpg 1 318 222 10 19
images\WIN_20230602_09_47_05_Pro_jpg.rf.26d5cb68a8cced0ec95bd0d1af1f8a85.jpg 1 398 257 9 18
images\WIN_20230602_09_47_05_Pro_jpg.rf.26d5cb68a8cced0ec95bd0d1af1f8a85.jpg 1 423 264 10 18
images\WIN_20230602_09_47_05_Pro_jpg.rf.26d5cb68a8cced0ec95bd0d1af1f8a85.jpg 1 410 307 10 18
images\WIN_20230602_09_47_05_Pro_jpg.rf.26d5cb68a8cced0ec95bd0d1af1f8a85.jpg 1 335 363 10 18
images\WIN_20230602_09_47_05_Pro_jpg.rf.26d5cb68a8cced0ec95bd0d1af1f8a85.jpg 1 380 368 10 18
images\WIN_20230602_09_47_05_Pro_jpg.rf.26d5cb68a8cced0ec95bd0d1af1f8a85.jpg 1 373 392 10 18
images\WIN_20230602_09_47_05_Pro_jpg.rf.26d5cb68a8cced0ec95bd0d1af1f8a85.jpg 1 446 532 10 18
images\WIN_20230602_09_47_07_Pro_jpg.rf.74fee597c8d6fb3ea9ae4d9ec38b658c.jpg 1 403 61 10 19
images\WIN_20230602_09_47_07_Pro_jpg.rf.74fee597c8d6fb3ea9ae4d9ec38b658c.jpg 1 318 223 10 17
images\WIN_20230602_09_47_07_Pro_jpg.rf.74fee597c8d6fb3ea9ae4d9ec38b658c.jpg 1 283 225 10 18
images\WIN_20230602_09_47_07_Pro_jpg.rf.74fee597c8d6fb3ea9ae4d9ec38b658c.jpg 1 263 250 11 18
images\WIN_20230602_09_47_07_Pro_jpg.rf.74fee597c8d6fb3ea9ae4d9ec38b658c.jpg 1 398 257 10 17
images\WIN_20230602_09_47_07_Pro_jpg.rf.74fee597c8d6fb3ea9ae4d9ec38b658c.jpg 1 423 264 10 18
images\WIN_20230602_09_47_07_Pro_jpg.rf.74fee597c8d6fb3ea9ae4d9ec38b658c.jpg 1 410 307 10 18
images\WIN_20230602_09_47_07_Pro_jpg.rf.74fee597c8d6fb3ea9ae4d9ec38b658c.jpg 1 380 368 10 18
images\WIN_20230602_09_47_07_Pro_jpg.rf.74fee597c8d6fb3ea9ae4d9ec38b658c.jpg 1 335 363 10 18
images\WIN_20230602_09_47_07_Pro_jpg.rf.74fee597c8d6fb3ea9ae4d9ec38b658c.jpg 1 373 392 10 18
images\WIN_20230602_09_47_07_Pro_jpg.rf.74fee597c8d6fb3ea9ae4d9ec38b658c.jpg 1 446 532 10 18
images\WIN_20230602_09_47_07_Pro_jpg.rf.74fee597c8d6fb3ea9ae4d9ec38b658c.jpg 1 493 480 11 18
images\WIN_20230602_09_47_07_Pro_jpg.rf.74fee597c8d6fb3ea9ae4d9ec38b658c.jpg 1 64 360 107 237
images\WIN_20230602_09_47_14_Pro_jpg.rf.91c44702e863f09aca1ca3c28bfed302.jpg 1 126 490 157 128
images\WIN_20230602_09_47_14_Pro_jpg.rf.91c44702e863f09aca1ca3c28bfed302.jpg 1 493 479 11 19
images\WIN_20230602_09_47_14_Pro_jpg.rf.91c44702e863f09aca1ca3c28bfed302.jpg 1 445 531 11 19
images\WIN_20230602_09_47_14_Pro_jpg.rf.91c44702e863f09aca1ca3c28bfed302.jpg 1 403 61 10 19
images\WIN_20230602_09_47_14_Pro_jpg.rf.91c44702e863f09aca1ca3c28bfed302.jpg 1 398 257 10 17
images\WIN_20230602_09_47_14_Pro_jpg.rf.91c44702e863f09aca1ca3c28bfed302.jpg 1 423 264 10 18
images\WIN_20230602_09_47_14_Pro_jpg.rf.91c44702e863f09aca1ca3c28bfed302.jpg 1 410 307 10 18
images\WIN_20230602_09_47_14_Pro_jpg.rf.91c44702e863f09aca1ca3c28bfed302.jpg 1 380 368 10 18
images\WIN_20230602_09_47_14_Pro_jpg.rf.91c44702e863f09aca1ca3c28bfed302.jpg 1 373 392 10 18
images\WIN_20230602_09_47_14_Pro_jpg.rf.91c44702e863f09aca1ca3c28bfed302.jpg 1 335 363 10 18
images\WIN_20230602_09_47_14_Pro_jpg.rf.91c44702e863f09aca1ca3c28bfed302.jpg 1 318 222 10 19
images\WIN_20230602_09_47_14_Pro_jpg.rf.91c44702e863f09aca1ca3c28bfed302.jpg 1 283 225 10 18
images\WIN_20230602_09_47_14_Pro_jpg.rf.91c44702e863f09aca1ca3c28bfed302.jpg 1 264 250 10 18
images\WIN_20230602_09_47_16_Pro_jpg.rf.ca08fe7add52994f6eb6299c17148923.jpg 1 403 61 10 19
images\WIN_20230602_09_47_16_Pro_jpg.rf.ca08fe7add52994f6eb6299c17148923.jpg 1 318 223 10 17
images\WIN_20230602_09_47_16_Pro_jpg.rf.ca08fe7add52994f6eb6299c17148923.jpg 1 283 225 10 18
images\WIN_20230602_09_47_16_Pro_jpg.rf.ca08fe7add52994f6eb6299c17148923.jpg 1 263 249 11 19
images\WIN_20230602_09_47_16_Pro_jpg.rf.ca08fe7add52994f6eb6299c17148923.jpg 1 335 363 10 18
images\WIN_20230602_09_47_16_Pro_jpg.rf.ca08fe7add52994f6eb6299c17148923.jpg 1 373 392 10 18
images\WIN_20230602_09_47_16_Pro_jpg.rf.ca08fe7add52994f6eb6299c17148923.jpg 1 380 368 10 18
images\WIN_20230602_09_47_16_Pro_jpg.rf.ca08fe7add52994f6eb6299c17148923.jpg 1 410 307 10 18
images\WIN_20230602_09_47_16_Pro_jpg.rf.ca08fe7add52994f6eb6299c17148923.jpg 1 423 264 10 18
images\WIN_20230602_09_47_16_Pro_jpg.rf.ca08fe7add52994f6eb6299c17148923.jpg 1 398 257 10 17
images\WIN_20230602_09_47_16_Pro_jpg.rf.ca08fe7add52994f6eb6299c17148923.jpg 1 446 531 10 19
images\WIN_20230602_09_47_16_Pro_jpg.rf.ca08fe7add52994f6eb6299c17148923.jpg 1 493 480 11 18
images\WIN_20230602_09_47_16_Pro_jpg.rf.ca08fe7add52994f6eb6299c17148923.jpg 1 126 490 157 128
images\WIN_20230602_09_47_31_Pro_jpg.rf.10b96ca466f8e6ba2dfa2b646761a5f4.jpg 1 176 75 11 20
images\WIN_20230602_09_47_31_Pro_jpg.rf.10b96ca466f8e6ba2dfa2b646761a5f4.jpg 1 288 85 11 19
images\WIN_20230602_09_47_31_Pro_jpg.rf.10b96ca466f8e6ba2dfa2b646761a5f4.jpg 1 403 61 10 19
images\WIN_20230602_09_47_31_Pro_jpg.rf.10b96ca466f8e6ba2dfa2b646761a5f4.jpg 1 408 251 11 18
images\WIN_20230602_09_47_31_Pro_jpg.rf.10b96ca466f8e6ba2dfa2b646761a5f4.jpg 1 283 225 10 18
images\WIN_20230602_09_47_31_Pro_jpg.rf.10b96ca466f8e6ba2dfa2b646761a5f4.jpg 1 264 250 10 18
images\WIN_20230602_09_47_31_Pro_jpg.rf.10b96ca466f8e6ba2dfa2b646761a5f4.jpg 1 168 336 12 19
images\WIN_20230602_09_47_31_Pro_jpg.rf.10b96ca466f8e6ba2dfa2b646761a5f4.jpg 1 153 554 12 20
images\WIN_20230602_09_47_31_Pro_jpg.rf.10b96ca466f8e6ba2dfa2b646761a5f4.jpg 1 344 290 11 18
images\WIN_20230602_09_47_31_Pro_jpg.rf.10b96ca466f8e6ba2dfa2b646761a5f4.jpg 1 396 391 81 222
images\WIN_20230602_09_47_33_Pro_jpg.rf.b20592d694d09cc17ad09b4a2fa9a130.jpg 1 153 554 11 20
images\WIN_20230602_09_47_33_Pro_jpg.rf.b20592d694d09cc17ad09b4a2fa9a130.jpg 1 168 336 12 19
images\WIN_20230602_09_47_33_Pro_jpg.rf.b20592d694d09cc17ad09b4a2fa9a130.jpg 1 179 61 12 21
images\WIN_20230602_09_47_33_Pro_jpg.rf.b20592d694d09cc17ad09b4a2fa9a130.jpg 1 283 225 10 18
images\WIN_20230602_09_47_33_Pro_jpg.rf.b20592d694d09cc17ad09b4a2fa9a130.jpg 1 264 250 10 18
images\WIN_20230602_09_47_33_Pro_jpg.rf.b20592d694d09cc17ad09b4a2fa9a130.jpg 1 347 243 10 18
images\WIN_20230602_09_47_33_Pro_jpg.rf.b20592d694d09cc17ad09b4a2fa9a130.jpg 1 404 62 9 18
images\WIN_20230602_09_47_33_Pro_jpg.rf.b20592d694d09cc17ad09b4a2fa9a130.jpg 1 289 87 10 19
images\WIN_20230602_09_47_33_Pro_jpg.rf.b20592d694d09cc17ad09b4a2fa9a130.jpg 1 344 150 10 19
images\WIN_20230602_09_47_33_Pro_jpg.rf.b20592d694d09cc17ad09b4a2fa9a130.jpg 1 396 391 81 222
images\WIN_20230602_09_47_45_Pro_jpg.rf.427a4ce06a3c7b4c1a6895d8dc7dc1e6.jpg 1 403 260 107 100
images\WIN_20230602_09_47_45_Pro_jpg.rf.427a4ce06a3c7b4c1a6895d8dc7dc1e6.jpg 1 362 117 10 19
images\WIN_20230602_09_47_45_Pro_jpg.rf.427a4ce06a3c7b4c1a6895d8dc7dc1e6.jpg 1 403 61 10 19
images\WIN_20230602_09_47_45_Pro_jpg.rf.427a4ce06a3c7b4c1a6895d8dc7dc1e6.jpg 1 289 84 10 20
images\WIN_20230602_09_47_45_Pro_jpg.rf.427a4ce06a3c7b4c1a6895d8dc7dc1e6.jpg 1 282 94 10 20
images\WIN_20230602_09_47_45_Pro_jpg.rf.427a4ce06a3c7b4c1a6895d8dc7dc1e6.jpg 1 182 68 11 20
images\WIN_20230602_09_47_45_Pro_jpg.rf.427a4ce06a3c7b4c1a6895d8dc7dc1e6.jpg 1 84 280 5 18
images\WIN_20230602_09_47_45_Pro_jpg.rf.427a4ce06a3c7b4c1a6895d8dc7dc1e6.jpg 1 168 336 12 19
images\WIN_20230602_09_47_45_Pro_jpg.rf.427a4ce06a3c7b4c1a6895d8dc7dc1e6.jpg 1 153 554 12 20
images\WIN_20230602_09_47_45_Pro_jpg.rf.427a4ce06a3c7b4c1a6895d8dc7dc1e6.jpg 1 264 250 10 18
images\WIN_20230602_09_47_45_Pro_jpg.rf.427a4ce06a3c7b4c1a6895d8dc7dc1e6.jpg 1 283 225 10 18
images\WIN_20230602_09_47_45_Pro_jpg.rf.427a4ce06a3c7b4c1a6895d8dc7dc1e6.jpg 1 406 552 10 19
images\WIN_20230602_09_47_45_Pro_jpg.rf.427a4ce06a3c7b4c1a6895d8dc7dc1e6.jpg 1 417 551 11 19
images\WIN_20230602_09_47_47_Pro_jpg.rf.48eabd44b2724ef857b4d754f315b3c4.jpg 1 182 68 11 20
images\WIN_20230602_09_47_47_Pro_jpg.rf.48eabd44b2724ef857b4d754f315b3c4.jpg 1 282 94 10 20
images\WIN_20230602_09_47_47_Pro_jpg.rf.48eabd44b2724ef857b4d754f315b3c4.jpg 1 289 84 11 20
images\WIN_20230602_09_47_47_Pro_jpg.rf.48eabd44b2724ef857b4d754f315b3c4.jpg 1 403 61 10 19
images\WIN_20230602_09_47_47_Pro_jpg.rf.48eabd44b2724ef857b4d754f315b3c4.jpg 1 283 225 10 18
images\WIN_20230602_09_47_47_Pro_jpg.rf.48eabd44b2724ef857b4d754f315b3c4.jpg 1 264 250 10 18
images\WIN_20230602_09_47_47_Pro_jpg.rf.48eabd44b2724ef857b4d754f315b3c4.jpg 1 168 336 12 19
images\WIN_20230602_09_47_47_Pro_jpg.rf.48eabd44b2724ef857b4d754f315b3c4.jpg 1 153 554 12 20
images\WIN_20230602_09_47_47_Pro_jpg.rf.48eabd44b2724ef857b4d754f315b3c4.jpg 1 406 551 10 20
images\WIN_20230602_09_47_47_Pro_jpg.rf.48eabd44b2724ef857b4d754f315b3c4.jpg 1 417 551 11 19
images\WIN_20230602_09_47_47_Pro_jpg.rf.48eabd44b2724ef857b4d754f315b3c4.jpg 1 403 260 107 100
images\WIN_20230602_09_47_47_Pro_jpg.rf.48eabd44b2724ef857b4d754f315b3c4.jpg 1 362 117 10 19
images\WIN_20230602_09_48_23_Pro_jpg.rf.2cf437a9cf3210d792edf2e59b30c73b.jpg 1 182 68 11 20
images\WIN_20230602_09_48_23_Pro_jpg.rf.2cf437a9cf3210d792edf2e59b30c73b.jpg 1 282 93 10 18
images\WIN_20230602_09_48_23_Pro_jpg.rf.2cf437a9cf3210d792edf2e59b30c73b.jpg 1 404 61 9 19
images\WIN_20230602_09_48_23_Pro_jpg.rf.2cf437a9cf3210d792edf2e59b30c73b.jpg 1 242 218 11 18
images\WIN_20230602_09_48_23_Pro_jpg.rf.2cf437a9cf3210d792edf2e59b30c73b.jpg 1 285 225 10 18
images\WIN_20230602_09_48_23_Pro_jpg.rf.2cf437a9cf3210d792edf2e59b30c73b.jpg 1 362 248 10 18
images\WIN_20230602_09_48_23_Pro_jpg.rf.2cf437a9cf3210d792edf2e59b30c73b.jpg 1 121 452 12 20
images\WIN_20230602_09_48_23_Pro_jpg.rf.2cf437a9cf3210d792edf2e59b30c73b.jpg 1 145 488 13 20
images\WIN_20230602_09_48_23_Pro_jpg.rf.2cf437a9cf3210d792edf2e59b30c73b.jpg 1 105 562 12 20
images\WIN_20230602_09_48_23_Pro_jpg.rf.2cf437a9cf3210d792edf2e59b30c73b.jpg 1 239 564 12 21
images\WIN_20230602_09_48_23_Pro_jpg.rf.2cf437a9cf3210d792edf2e59b30c73b.jpg 1 433 379 83 173
images\WIN_20230602_09_48_23_Pro_jpg.rf.2cf437a9cf3210d792edf2e59b30c73b.jpg 1 308 125 10 19
images\WIN_20230602_09_50_09_Pro_jpg.rf.e7ed2b9b3c191880ac7984e7d6138b34.jpg 1 433 379 83 173
images\WIN_20230602_09_50_09_Pro_jpg.rf.e7ed2b9b3c191880ac7984e7d6138b34.jpg 1 308 125 10 18
images\WIN_20230602_09_50_09_Pro_jpg.rf.e7ed2b9b3c191880ac7984e7d6138b34.jpg 1 522 101 8 18
images\WIN_20230602_09_50_09_Pro_jpg.rf.e7ed2b9b3c191880ac7984e7d6138b34.jpg 1 404 61 9 19
images\WIN_20230602_09_50_09_Pro_jpg.rf.e7ed2b9b3c191880ac7984e7d6138b34.jpg 1 282 92 10 19
images\WIN_20230602_09_50_09_Pro_jpg.rf.e7ed2b9b3c191880ac7984e7d6138b34.jpg 1 182 68 11 20
images\WIN_20230602_09_50_09_Pro_jpg.rf.e7ed2b9b3c191880ac7984e7d6138b34.jpg 1 285 226 10 18
images\WIN_20230602_09_50_09_Pro_jpg.rf.e7ed2b9b3c191880ac7984e7d6138b34.jpg 1 318 232 10 18
images\WIN_20230602_09_50_09_Pro_jpg.rf.e7ed2b9b3c191880ac7984e7d6138b34.jpg 1 362 247 10 18
images\WIN_20230602_09_50_09_Pro_jpg.rf.e7ed2b9b3c191880ac7984e7d6138b34.jpg 1 121 452 12 20
images\WIN_20230602_09_50_09_Pro_jpg.rf.e7ed2b9b3c191880ac7984e7d6138b34.jpg 1 102 562 12 21
images\WIN_20230602_09_50_09_Pro_jpg.rf.e7ed2b9b3c191880ac7984e7d6138b34.jpg 1 147 497 12 21
images\WIN_20230602_09_50_09_Pro_jpg.rf.e7ed2b9b3c191880ac7984e7d6138b34.jpg 1 238 565 11 20
images\WIN_20230602_09_51_16_Pro_jpg.rf.24adf78cac3771c382dd2c41be47ff3c.jpg 1 191 73 11 19
images\WIN_20230602_09_51_16_Pro_jpg.rf.24adf78cac3771c382dd2c41be47ff3c.jpg 1 179 69 13 23
images\WIN_20230602_09_51_16_Pro_jpg.rf.24adf78cac3771c382dd2c41be47ff3c.jpg 1 309 139 10 18
images\WIN_20230602_09_51_16_Pro_jpg.rf.24adf78cac3771c382dd2c41be47ff3c.jpg 1 99 573 13 21
images\WIN_20230602_09_51_16_Pro_jpg.rf.24adf78cac3771c382dd2c41be47ff3c.jpg 1 97 555 12 20
images\WIN_20230602_09_51_16_Pro_jpg.rf.24adf78cac3771c382dd2c41be47ff3c.jpg 1 108 545 13 20
images\WIN_20230602_09_51_16_Pro_jpg.rf.24adf78cac3771c382dd2c41be47ff3c.jpg 1 128 484 13 19
images\WIN_20230602_09_51_16_Pro_jpg.rf.24adf78cac3771c382dd2c41be47ff3c.jpg 1 146 499 12 20
images\WIN_20230602_09_51_16_Pro_jpg.rf.24adf78cac3771c382dd2c41be47ff3c.jpg 1 278 305 10 18
images\WIN_20230602_09_51_16_Pro_jpg.rf.24adf78cac3771c382dd2c41be47ff3c.jpg 1 238 564 11 21
images\WIN_20230602_09_51_16_Pro_jpg.rf.24adf78cac3771c382dd2c41be47ff3c.jpg 1 433 379 83 173
images\WIN_20230602_09_51_46_Pro_jpg.rf.a67ce92cc23936d9fbfc028463506ca8.jpg 1 180 69 10 20
images\WIN_20230602_09_51_46_Pro_jpg.rf.a67ce92cc23936d9fbfc028463506ca8.jpg 1 190 67 11 19
images\WIN_20230602_09_51_46_Pro_jpg.rf.a67ce92cc23936d9fbfc028463506ca8.jpg 1 204 90 10 18
images\WIN_20230602_09_51_46_Pro_jpg.rf.a67ce92cc23936d9fbfc028463506ca8.jpg 1 267 69 10 19
images\WIN_20230602_09_51_46_Pro_jpg.rf.a67ce92cc23936d9fbfc028463506ca8.jpg 1 301 52 10 20
images\WIN_20230602_09_51_46_Pro_jpg.rf.a67ce92cc23936d9fbfc028463506ca8.jpg 1 339 45 10 19
images\WIN_20230602_09_51_46_Pro_jpg.rf.a67ce92cc23936d9fbfc028463506ca8.jpg 1 278 305 11 18
images\WIN_20230602_09_51_46_Pro_jpg.rf.a67ce92cc23936d9fbfc028463506ca8.jpg 1 103 539 12 21
images\WIN_20230602_09_51_46_Pro_jpg.rf.a67ce92cc23936d9fbfc028463506ca8.jpg 1 103 567 13 21
images\WIN_20230602_09_51_46_Pro_jpg.rf.a67ce92cc23936d9fbfc028463506ca8.jpg 1 238 564 11 21
images\WIN_20230602_09_51_46_Pro_jpg.rf.a67ce92cc23936d9fbfc028463506ca8.jpg 1 433 346 11 17
images\WIN_20230602_09_51_46_Pro_jpg.rf.a67ce92cc23936d9fbfc028463506ca8.jpg 1 405 439 10 19
images\WIN_20230602_09_51_46_Pro_jpg.rf.a67ce92cc23936d9fbfc028463506ca8.jpg 1 328 88 141 139
images\WIN_20230602_09_52_26_Pro_jpg.rf.39a627a6135fb47c06d486d7f4db38fe.jpg 1 89 0 138 216
images\WIN_20230602_09_52_26_Pro_jpg.rf.39a627a6135fb47c06d486d7f4db38fe.jpg 1 300 48 10 21
images\WIN_20230602_09_52_26_Pro_jpg.rf.39a627a6135fb47c06d486d7f4db38fe.jpg 1 308 40 10 20
images\WIN_20230602_09_52_26_Pro_jpg.rf.39a627a6135fb47c06d486d7f4db38fe.jpg 1 343 186 10 18
images\WIN_20230602_09_52_26_Pro_jpg.rf.39a627a6135fb47c06d486d7f4db38fe.jpg 1 413 90 10 18
images\WIN_20230602_09_52_26_Pro_jpg.rf.39a627a6135fb47c06d486d7f4db38fe.jpg 1 462 146 10 19
images\WIN_20230602_09_52_26_Pro_jpg.rf.39a627a6135fb47c06d486d7f4db38fe.jpg 1 487 144 11 19
images\WIN_20230602_09_52_26_Pro_jpg.rf.39a627a6135fb47c06d486d7f4db38fe.jpg 1 428 325 11 17
images\WIN_20230602_09_52_26_Pro_jpg.rf.39a627a6135fb47c06d486d7f4db38fe.jpg 1 278 305 10 18
images\WIN_20230602_09_52_26_Pro_jpg.rf.39a627a6135fb47c06d486d7f4db38fe.jpg 1 439 359 10 18
images\WIN_20230602_09_52_26_Pro_jpg.rf.39a627a6135fb47c06d486d7f4db38fe.jpg 1 401 448 10 18
images\WIN_20230602_09_52_26_Pro_jpg.rf.39a627a6135fb47c06d486d7f4db38fe.jpg 1 238 564 11 21
images\WIN_20230602_09_52_26_Pro_jpg.rf.39a627a6135fb47c06d486d7f4db38fe.jpg 1 415 424 10 18
images\WIN_20230602_09_52_43_Pro_jpg.rf.e5c94fa7d28adeb9ecdcbba3d2a58429.jpg 1 415 424 10 18
images\WIN_20230602_09_52_43_Pro_jpg.rf.e5c94fa7d28adeb9ecdcbba3d2a58429.jpg 1 105 262 134 92
images\WIN_20230602_09_52_43_Pro_jpg.rf.e5c94fa7d28adeb9ecdcbba3d2a58429.jpg 1 300 48 10 20
images\WIN_20230602_09_52_43_Pro_jpg.rf.e5c94fa7d28adeb9ecdcbba3d2a58429.jpg 1 308 40 10 20
images\WIN_20230602_09_52_43_Pro_jpg.rf.e5c94fa7d28adeb9ecdcbba3d2a58429.jpg 1 336 182 10 18
images\WIN_20230602_09_52_43_Pro_jpg.rf.e5c94fa7d28adeb9ecdcbba3d2a58429.jpg 1 278 305 11 18
images\WIN_20230602_09_52_43_Pro_jpg.rf.e5c94fa7d28adeb9ecdcbba3d2a58429.jpg 1 416 85 10 19
images\WIN_20230602_09_52_43_Pro_jpg.rf.e5c94fa7d28adeb9ecdcbba3d2a58429.jpg 1 462 146 10 19
images\WIN_20230602_09_52_43_Pro_jpg.rf.e5c94fa7d28adeb9ecdcbba3d2a58429.jpg 1 487 144 11 19
images\WIN_20230602_09_52_43_Pro_jpg.rf.e5c94fa7d28adeb9ecdcbba3d2a58429.jpg 1 428 325 11 17
images\WIN_20230602_09_52_43_Pro_jpg.rf.e5c94fa7d28adeb9ecdcbba3d2a58429.jpg 1 439 359 10 18
images\WIN_20230602_09_52_43_Pro_jpg.rf.e5c94fa7d28adeb9ecdcbba3d2a58429.jpg 1 400 448 11 18
images\WIN_20230602_09_52_43_Pro_jpg.rf.e5c94fa7d28adeb9ecdcbba3d2a58429.jpg 1 238 564 11 21
images\WIN_20230602_09_52_45_Pro_jpg.rf.ea4a9bacab937b156d916390e6f83185.jpg 1 299 48 11 21
images\WIN_20230602_09_52_45_Pro_jpg.rf.ea4a9bacab937b156d916390e6f83185.jpg 1 308 40 10 20
images\WIN_20230602_09_52_45_Pro_jpg.rf.ea4a9bacab937b156d916390e6f83185.jpg 1 336 182 10 18
images\WIN_20230602_09_52_45_Pro_jpg.rf.ea4a9bacab937b156d916390e6f83185.jpg 1 278 305 11 18
images\WIN_20230602_09_52_45_Pro_jpg.rf.ea4a9bacab937b156d916390e6f83185.jpg 1 416 85 10 19
images\WIN_20230602_09_52_45_Pro_jpg.rf.ea4a9bacab937b156d916390e6f83185.jpg 1 462 146 10 19
images\WIN_20230602_09_52_45_Pro_jpg.rf.ea4a9bacab937b156d916390e6f83185.jpg 1 487 144 11 19
images\WIN_20230602_09_52_45_Pro_jpg.rf.ea4a9bacab937b156d916390e6f83185.jpg 1 428 325 11 17
images\WIN_20230602_09_52_45_Pro_jpg.rf.ea4a9bacab937b156d916390e6f83185.jpg 1 439 359 10 18
images\WIN_20230602_09_52_45_Pro_jpg.rf.ea4a9bacab937b156d916390e6f83185.jpg 1 400 448 11 18
images\WIN_20230602_09_52_45_Pro_jpg.rf.ea4a9bacab937b156d916390e6f83185.jpg 1 238 564 11 21
images\WIN_20230602_09_52_45_Pro_jpg.rf.ea4a9bacab937b156d916390e6f83185.jpg 1 104 257 136 107
images\WIN_20230602_09_52_45_Pro_jpg.rf.ea4a9bacab937b156d916390e6f83185.jpg 1 415 424 10 18
images\WIN_20230602_09_53_01_Pro_jpg.rf.0a3e4961c027e9d0230e15674ef660f7.jpg 1 202 548 11 21
images\WIN_20230602_09_53_01_Pro_jpg.rf.0a3e4961c027e9d0230e15674ef660f7.jpg 1 238 564 11 21
images\WIN_20230602_09_53_01_Pro_jpg.rf.0a3e4961c027e9d0230e15674ef660f7.jpg 1 302 560 10 19
images\WIN_20230602_09_53_01_Pro_jpg.rf.0a3e4961c027e9d0230e15674ef660f7.jpg 1 436 508 10 19
images\WIN_20230602_09_53_01_Pro_jpg.rf.0a3e4961c027e9d0230e15674ef660f7.jpg 1 347 344 10 18
images\WIN_20230602_09_53_01_Pro_jpg.rf.0a3e4961c027e9d0230e15674ef660f7.jpg 1 279 306 10 17
images\WIN_20230602_09_53_01_Pro_jpg.rf.0a3e4961c027e9d0230e15674ef660f7.jpg 1 390 328 10 18
images\WIN_20230602_09_53_01_Pro_jpg.rf.0a3e4961c027e9d0230e15674ef660f7.jpg 1 442 328 9 15
images\WIN_20230602_09_53_01_Pro_jpg.rf.0a3e4961c027e9d0230e15674ef660f7.jpg 1 487 144 11 18
images\WIN_20230602_09_53_01_Pro_jpg.rf.0a3e4961c027e9d0230e15674ef660f7.jpg 1 462 146 10 19
images\WIN_20230602_09_53_01_Pro_jpg.rf.0a3e4961c027e9d0230e15674ef660f7.jpg 1 416 85 10 19
images\WIN_20230602_09_53_01_Pro_jpg.rf.0a3e4961c027e9d0230e15674ef660f7.jpg 1 435 349 11 18
images\WIN_20230602_09_53_01_Pro_jpg.rf.0a3e4961c027e9d0230e15674ef660f7.jpg 1 390 244 109 95
images\WIN_20230602_09_53_22_Pro_jpg.rf.15a369fc19d14ffed4b9047b8c6015d9.jpg 1 443 328 11 14
images\WIN_20230602_09_53_22_Pro_jpg.rf.15a369fc19d14ffed4b9047b8c6015d9.jpg 1 433 236 10 17
images\WIN_20230602_09_53_22_Pro_jpg.rf.15a369fc19d14ffed4b9047b8c6015d9.jpg 1 453 244 9 17
images\WIN_20230602_09_53_22_Pro_jpg.rf.15a369fc19d14ffed4b9047b8c6015d9.jpg 1 470 251 10 17
images\WIN_20230602_09_53_22_Pro_jpg.rf.15a369fc19d14ffed4b9047b8c6015d9.jpg 1 480 308 10 15
images\WIN_20230602_09_53_22_Pro_jpg.rf.15a369fc19d14ffed4b9047b8c6015d9.jpg 1 452 333 10 16
images\WIN_20230602_09_53_22_Pro_jpg.rf.15a369fc19d14ffed4b9047b8c6015d9.jpg 1 436 336 11 18
images\WIN_20230602_09_53_22_Pro_jpg.rf.15a369fc19d14ffed4b9047b8c6015d9.jpg 1 424 351 10 17
images\WIN_20230602_09_53_22_Pro_jpg.rf.15a369fc19d14ffed4b9047b8c6015d9.jpg 1 410 329 11 19
images\WIN_20230602_09_53_22_Pro_jpg.rf.15a369fc19d14ffed4b9047b8c6015d9.jpg 1 390 254 108 89
images\WIN_20230602_09_53_57_Pro_jpg.rf.88c1cbbb17c6fed6f3d74fb33a1e8474.jpg 1 414 167 10 19
images\WIN_20230602_09_53_57_Pro_jpg.rf.88c1cbbb17c6fed6f3d74fb33a1e8474.jpg 1 415 187 9 18
images\WIN_20230602_09_53_57_Pro_jpg.rf.88c1cbbb17c6fed6f3d74fb33a1e8474.jpg 1 413 216 10 16
images\WIN_20230602_09_53_57_Pro_jpg.rf.88c1cbbb17c6fed6f3d74fb33a1e8474.jpg 1 417 234 12 19
images\WIN_20230602_09_53_57_Pro_jpg.rf.88c1cbbb17c6fed6f3d74fb33a1e8474.jpg 1 404 228 9 14
images\WIN_20230602_09_53_57_Pro_jpg.rf.88c1cbbb17c6fed6f3d74fb33a1e8474.jpg 1 404 250 10 17
images\WIN_20230602_09_53_57_Pro_jpg.rf.88c1cbbb17c6fed6f3d74fb33a1e8474.jpg 1 406 273 10 17
images\WIN_20230602_09_53_57_Pro_jpg.rf.88c1cbbb17c6fed6f3d74fb33a1e8474.jpg 1 392 286 9 18
images\WIN_20230602_09_53_57_Pro_jpg.rf.88c1cbbb17c6fed6f3d74fb33a1e8474.jpg 1 371 273 9 17
images\WIN_20230602_09_53_57_Pro_jpg.rf.88c1cbbb17c6fed6f3d74fb33a1e8474.jpg 1 367 245 10 17
images\WIN_20230602_09_53_57_Pro_jpg.rf.88c1cbbb17c6fed6f3d74fb33a1e8474.jpg 1 382 311 10 18
images\WIN_20230602_09_53_57_Pro_jpg.rf.88c1cbbb17c6fed6f3d74fb33a1e8474.jpg 1 366 58 71 253
images\WIN_20230602_10_06_30_Pro_jpg.rf.ad86f325b05a4bb4c836524003cbb6cf.jpg 1 108 203 79 258
images\WIN_20230602_10_06_30_Pro_jpg.rf.ad86f325b05a4bb4c836524003cbb6cf.jpg 1 321 62 11 19
images\WIN_20230602_10_06_30_Pro_jpg.rf.ad86f325b05a4bb4c836524003cbb6cf.jpg 1 365 159 11 19
images\WIN_20230602_10_06_30_Pro_jpg.rf.ad86f325b05a4bb4c836524003cbb6cf.jpg 1 410 153 11 19
images\WIN_20230602_10_06_30_Pro_jpg.rf.ad86f325b05a4bb4c836524003cbb6cf.jpg 1 383 297 10 18
images\WIN_20230602_10_06_30_Pro_jpg.rf.ad86f325b05a4bb4c836524003cbb6cf.jpg 1 327 288 8 17
images\WIN_20230602_10_06_30_Pro_jpg.rf.ad86f325b05a4bb4c836524003cbb6cf.jpg 1 330 305 6 15
images\WIN_20230602_10_06_30_Pro_jpg.rf.ad86f325b05a4bb4c836524003cbb6cf.jpg 1 308 410 7 9
images\WIN_20230602_10_06_30_Pro_jpg.rf.ad86f325b05a4bb4c836524003cbb6cf.jpg 1 352 576 10 19
images\WIN_20230602_10_06_30_Pro_jpg.rf.ad86f325b05a4bb4c836524003cbb6cf.jpg 1 380 102 10 20
images\WIN_20230602_10_06_38_Pro_jpg.rf.e0de097a9478b294e9f133fbc85e9b95.jpg 1 349 137 10 19
images\WIN_20230602_10_06_38_Pro_jpg.rf.e0de097a9478b294e9f133fbc85e9b95.jpg 1 145 322 153 103
images\WIN_20230602_10_06_38_Pro_jpg.rf.e0de097a9478b294e9f133fbc85e9b95.jpg 1 321 62 10 19
images\WIN_20230602_10_06_38_Pro_jpg.rf.e0de097a9478b294e9f133fbc85e9b95.jpg 1 372 81 10 19
images\WIN_20230602_10_06_38_Pro_jpg.rf.e0de097a9478b294e9f133fbc85e9b95.jpg 1 349 228 10 18
images\WIN_20230602_10_06_38_Pro_jpg.rf.e0de097a9478b294e9f133fbc85e9b95.jpg 1 384 297 10 19
images\WIN_20230602_10_06_38_Pro_jpg.rf.e0de097a9478b294e9f133fbc85e9b95.jpg 1 324 289 10 19
images\WIN_20230602_10_06_38_Pro_jpg.rf.e0de097a9478b294e9f133fbc85e9b95.jpg 1 329 305 10 18
images\WIN_20230602_10_06_38_Pro_jpg.rf.e0de097a9478b294e9f133fbc85e9b95.jpg 1 310 356 10 18
images\WIN_20230602_10_06_38_Pro_jpg.rf.e0de097a9478b294e9f133fbc85e9b95.jpg 1 309 401 10 18
images\WIN_20230602_10_06_38_Pro_jpg.rf.e0de097a9478b294e9f133fbc85e9b95.jpg 1 115 199 12 19
images\WIN_20230602_10_06_38_Pro_jpg.rf.e0de097a9478b294e9f133fbc85e9b95.jpg 1 469 394 11 18
images\WIN_20230602_10_06_38_Pro_jpg.rf.e0de097a9478b294e9f133fbc85e9b95.jpg 1 352 576 10 20
images\WIN_20230602_10_06_40_Pro_jpg.rf.0520a9bf45c8e1a6f8f15f2635eb2ab8.jpg 1 115 199 12 19
images\WIN_20230602_10_06_40_Pro_jpg.rf.0520a9bf45c8e1a6f8f15f2635eb2ab8.jpg 1 321 62 10 19
images\WIN_20230602_10_06_40_Pro_jpg.rf.0520a9bf45c8e1a6f8f15f2635eb2ab8.jpg 1 349 137 10 19
images\WIN_20230602_10_06_40_Pro_jpg.rf.0520a9bf45c8e1a6f8f15f2635eb2ab8.jpg 1 348 229 10 17
images\WIN_20230602_10_06_40_Pro_jpg.rf.0520a9bf45c8e1a6f8f15f2635eb2ab8.jpg 1 384 297 10 19
images\WIN_20230602_10_06_40_Pro_jpg.rf.0520a9bf45c8e1a6f8f15f2635eb2ab8.jpg 1 324 289 10 19
images\WIN_20230602_10_06_40_Pro_jpg.rf.0520a9bf45c8e1a6f8f15f2635eb2ab8.jpg 1 329 305 10 18
images\WIN_20230602_10_06_40_Pro_jpg.rf.0520a9bf45c8e1a6f8f15f2635eb2ab8.jpg 1 310 356 10 18
images\WIN_20230602_10_06_40_Pro_jpg.rf.0520a9bf45c8e1a6f8f15f2635eb2ab8.jpg 1 309 401 10 18
images\WIN_20230602_10_06_40_Pro_jpg.rf.0520a9bf45c8e1a6f8f15f2635eb2ab8.jpg 1 469 394 11 18
images\WIN_20230602_10_06_40_Pro_jpg.rf.0520a9bf45c8e1a6f8f15f2635eb2ab8.jpg 1 352 576 10 20
images\WIN_20230602_10_06_40_Pro_jpg.rf.0520a9bf45c8e1a6f8f15f2635eb2ab8.jpg 1 145 322 154 103
images\WIN_20230602_10_06_40_Pro_jpg.rf.0520a9bf45c8e1a6f8f15f2635eb2ab8.jpg 1 371 80 11 19
images\WIN_20230602_10_07_31_Pro-2-_jpg.rf.942a4342d3fe0c71f2c8bf9447e827b0.jpg 1 514 84 11 19
images\WIN_20230602_10_07_31_Pro-2-_jpg.rf.942a4342d3fe0c71f2c8bf9447e827b0.jpg 1 321 62 10 20
images\WIN_20230602_10_07_31_Pro-2-_jpg.rf.942a4342d3fe0c71f2c8bf9447e827b0.jpg 1 316 103 10 18
images\WIN_20230602_10_07_31_Pro-2-_jpg.rf.942a4342d3fe0c71f2c8bf9447e827b0.jpg 1 115 199 12 19
images\WIN_20230602_10_07_31_Pro-2-_jpg.rf.942a4342d3fe0c71f2c8bf9447e827b0.jpg 1 331 350 10 17
images\WIN_20230602_10_07_31_Pro-2-_jpg.rf.942a4342d3fe0c71f2c8bf9447e827b0.jpg 1 497 411 10 17
images\WIN_20230602_10_07_31_Pro-2-_jpg.rf.942a4342d3fe0c71f2c8bf9447e827b0.jpg 1 461 517 11 19
images\WIN_20230602_10_07_31_Pro-2-_jpg.rf.942a4342d3fe0c71f2c8bf9447e827b0.jpg 1 448 542 11 20
images\WIN_20230602_10_07_31_Pro-2-_jpg.rf.942a4342d3fe0c71f2c8bf9447e827b0.jpg 1 460 545 11 19
images\WIN_20230602_10_07_31_Pro-2-_jpg.rf.942a4342d3fe0c71f2c8bf9447e827b0.jpg 1 469 561 11 18
images\WIN_20230602_10_07_31_Pro-2-_jpg.rf.942a4342d3fe0c71f2c8bf9447e827b0.jpg 1 379 563 10 19
images\WIN_20230602_10_07_31_Pro-2-_jpg.rf.942a4342d3fe0c71f2c8bf9447e827b0.jpg 1 352 576 10 19
images\WIN_20230602_10_07_31_Pro-2-_jpg.rf.942a4342d3fe0c71f2c8bf9447e827b0.jpg 1 170 301 136 101
images\WIN_20230602_10_07_55_Pro_jpg.rf.ea612ed4b59f67cd8fb1eb3db80fb13f.jpg 1 514 84 11 19
images\WIN_20230602_10_07_55_Pro_jpg.rf.ea612ed4b59f67cd8fb1eb3db80fb13f.jpg 1 442 97 76 160
images\WIN_20230602_10_07_55_Pro_jpg.rf.ea612ed4b59f67cd8fb1eb3db80fb13f.jpg 1 321 62 10 19
images\WIN_20230602_10_07_55_Pro_jpg.rf.ea612ed4b59f67cd8fb1eb3db80fb13f.jpg 1 314 101 10 18
images\WIN_20230602_10_07_55_Pro_jpg.rf.ea612ed4b59f67cd8fb1eb3db80fb13f.jpg 1 331 350 10 17
images\WIN_20230602_10_07_55_Pro_jpg.rf.ea612ed4b59f67cd8fb1eb3db80fb13f.jpg 1 497 411 10 17
images\WIN_20230602_10_07_55_Pro_jpg.rf.ea612ed4b59f67cd8fb1eb3db80fb13f.jpg 1 115 199 12 19
images\WIN_20230602_10_07_55_Pro_jpg.rf.ea612ed4b59f67cd8fb1eb3db80fb13f.jpg 1 379 564 10 18
images\WIN_20230602_10_07_55_Pro_jpg.rf.ea612ed4b59f67cd8fb1eb3db80fb13f.jpg 1 352 576 10 19
images\WIN_20230602_10_07_55_Pro_jpg.rf.ea612ed4b59f67cd8fb1eb3db80fb13f.jpg 1 461 517 11 19
images\WIN_20230602_10_07_55_Pro_jpg.rf.ea612ed4b59f67cd8fb1eb3db80fb13f.jpg 1 448 543 11 19
images\WIN_20230602_10_07_55_Pro_jpg.rf.ea612ed4b59f67cd8fb1eb3db80fb13f.jpg 1 460 545 11 19
images\WIN_20230602_10_07_55_Pro_jpg.rf.ea612ed4b59f67cd8fb1eb3db80fb13f.jpg 1 469 561 11 18
images\WIN_20230602_10_08_14_Pro_jpg.rf.c825f1c4ac3fcc0f4d252966ca660581.jpg 1 321 62 10 19
images\WIN_20230602_10_08_14_Pro_jpg.rf.c825f1c4ac3fcc0f4d252966ca660581.jpg 1 314 100 10 20
images\WIN_20230602_10_08_14_Pro_jpg.rf.c825f1c4ac3fcc0f4d252966ca660581.jpg 1 121 203 12 20
images\WIN_20230602_10_08_14_Pro_jpg.rf.c825f1c4ac3fcc0f4d252966ca660581.jpg 1 113 216 12 18
images\WIN_20230602_10_08_14_Pro_jpg.rf.c825f1c4ac3fcc0f4d252966ca660581.jpg 1 143 473 12 20
images\WIN_20230602_10_08_14_Pro_jpg.rf.c825f1c4ac3fcc0f4d252966ca660581.jpg 1 220 490 11 19
images\WIN_20230602_10_08_14_Pro_jpg.rf.c825f1c4ac3fcc0f4d252966ca660581.jpg 1 379 563 10 19
images\WIN_20230602_10_08_14_Pro_jpg.rf.c825f1c4ac3fcc0f4d252966ca660581.jpg 1 352 576 10 19
images\WIN_20230602_10_08_14_Pro_jpg.rf.c825f1c4ac3fcc0f4d252966ca660581.jpg 1 470 561 10 18
images\WIN_20230602_10_08_14_Pro_jpg.rf.c825f1c4ac3fcc0f4d252966ca660581.jpg 1 407 453 10 19
images\WIN_20230602_10_08_14_Pro_jpg.rf.c825f1c4ac3fcc0f4d252966ca660581.jpg 1 321 306 10 19
images\WIN_20230602_10_08_14_Pro_jpg.rf.c825f1c4ac3fcc0f4d252966ca660581.jpg 1 512 85 11 18
images\WIN_20230602_10_08_14_Pro_jpg.rf.c825f1c4ac3fcc0f4d252966ca660581.jpg 1 442 98 76 158
images\WIN_20230602_10_08_15_Pro_jpg.rf.13e82d3a129a4ec289140afc45503951.jpg 1 512 85 11 18
images\WIN_20230602_10_08_15_Pro_jpg.rf.13e82d3a129a4ec289140afc45503951.jpg 1 441 100 77 156
images\WIN_20230602_10_08_15_Pro_jpg.rf.13e82d3a129a4ec289140afc45503951.jpg 1 321 62 10 19
images\WIN_20230602_10_08_15_Pro_jpg.rf.13e82d3a129a4ec289140afc45503951.jpg 1 314 100 10 20
images\WIN_20230602_10_08_15_Pro_jpg.rf.13e82d3a129a4ec289140afc45503951.jpg 1 121 203 12 20
images\WIN_20230602_10_08_15_Pro_jpg.rf.13e82d3a129a4ec289140afc45503951.jpg 1 113 216 12 18
images\WIN_20230602_10_08_15_Pro_jpg.rf.13e82d3a129a4ec289140afc45503951.jpg 1 143 473 12 20
images\WIN_20230602_10_08_15_Pro_jpg.rf.13e82d3a129a4ec289140afc45503951.jpg 1 219 492 12 19
images\WIN_20230602_10_08_15_Pro_jpg.rf.13e82d3a129a4ec289140afc45503951.jpg 1 352 576 10 20
images\WIN_20230602_10_08_15_Pro_jpg.rf.13e82d3a129a4ec289140afc45503951.jpg 1 379 563 10 19
images\WIN_20230602_10_08_15_Pro_jpg.rf.13e82d3a129a4ec289140afc45503951.jpg 1 469 561 11 18
images\WIN_20230602_10_08_15_Pro_jpg.rf.13e82d3a129a4ec289140afc45503951.jpg 1 321 307 10 18
images\WIN_20230602_10_08_15_Pro_jpg.rf.13e82d3a129a4ec289140afc45503951.jpg 1 407 453 10 19
images\WIN_20230602_10_08_44_Pro_jpg.rf.4bb36be27d7bf3b3d6e8a747d690e108.jpg 1 328 338 10 18
images\WIN_20230602_10_08_44_Pro_jpg.rf.4bb36be27d7bf3b3d6e8a747d690e108.jpg 1 446 146 75 200
images\WIN_20230602_10_08_44_Pro_jpg.rf.4bb36be27d7bf3b3d6e8a747d690e108.jpg 1 321 62 10 19
images\WIN_20230602_10_08_44_Pro_jpg.rf.4bb36be27d7bf3b3d6e8a747d690e108.jpg 1 314 100 10 19
images\WIN_20230602_10_08_44_Pro_jpg.rf.4bb36be27d7bf3b3d6e8a747d690e108.jpg 1 512 84 11 18
images\WIN_20230602_10_08_44_Pro_jpg.rf.4bb36be27d7bf3b3d6e8a747d690e108.jpg 1 121 203 12 20
images\WIN_20230602_10_08_44_Pro_jpg.rf.4bb36be27d7bf3b3d6e8a747d690e108.jpg 1 113 216 12 18
images\WIN_20230602_10_08_44_Pro_jpg.rf.4bb36be27d7bf3b3d6e8a747d690e108.jpg 1 143 473 12 20
images\WIN_20230602_10_08_44_Pro_jpg.rf.4bb36be27d7bf3b3d6e8a747d690e108.jpg 1 219 493 11 20
images\WIN_20230602_10_08_44_Pro_jpg.rf.4bb36be27d7bf3b3d6e8a747d690e108.jpg 1 336 344 11 18
images\WIN_20230602_10_08_44_Pro_jpg.rf.4bb36be27d7bf3b3d6e8a747d690e108.jpg 1 331 308 9 17
images\WIN_20230602_10_08_44_Pro_jpg.rf.4bb36be27d7bf3b3d6e8a747d690e108.jpg 1 379 564 10 18
images\WIN_20230602_10_08_44_Pro_jpg.rf.4bb36be27d7bf3b3d6e8a747d690e108.jpg 1 470 561 10 18
images\WIN_20230602_10_09_57_Pro_jpg.rf.2790e9b566072cc2aa6182a9f30d5a66.jpg 1 392 356 142 143
images\WIN_20230602_10_09_57_Pro_jpg.rf.2790e9b566072cc2aa6182a9f30d5a66.jpg 1 333 384 10 18
images\WIN_20230602_10_09_57_Pro_jpg.rf.2790e9b566072cc2aa6182a9f30d5a66.jpg 1 316 458 10 19
images\WIN_20230602_10_09_57_Pro_jpg.rf.2790e9b566072cc2aa6182a9f30d5a66.jpg 1 315 487 10 19
images\WIN_20230602_10_09_57_Pro_jpg.rf.2790e9b566072cc2aa6182a9f30d5a66.jpg 1 316 504 11 20
images\WIN_20230602_10_09_57_Pro_jpg.rf.2790e9b566072cc2aa6182a9f30d5a66.jpg 1 335 561 10 20
images\WIN_20230602_10_09_57_Pro_jpg.rf.2790e9b566072cc2aa6182a9f30d5a66.jpg 1 321 570 11 20
images\WIN_20230602_10_09_57_Pro_jpg.rf.2790e9b566072cc2aa6182a9f30d5a66.jpg 1 354 490 10 19
images\WIN_20230602_10_09_57_Pro_jpg.rf.2790e9b566072cc2aa6182a9f30d5a66.jpg 1 369 501 10 19
images\WIN_20230602_10_09_57_Pro_jpg.rf.2790e9b566072cc2aa6182a9f30d5a66.jpg 1 379 562 10 20
images\WIN_20230602_10_09_57_Pro_jpg.rf.2790e9b566072cc2aa6182a9f30d5a66.jpg 1 457 267 11 18
images\WIN_20230602_10_09_57_Pro_jpg.rf.2790e9b566072cc2aa6182a9f30d5a66.jpg 1 512 84 11 18
images\WIN_20230602_10_09_57_Pro_jpg.rf.2790e9b566072cc2aa6182a9f30d5a66.jpg 1 369 554 11 21
images\WIN_20230602_10_09_59_Pro_jpg.rf.32d26ae3d7d24c513fbb76bf6356f7d4.jpg 1 457 267 11 18
images\WIN_20230602_10_09_59_Pro_jpg.rf.32d26ae3d7d24c513fbb76bf6356f7d4.jpg 1 512 84 11 18
images\WIN_20230602_10_09_59_Pro_jpg.rf.32d26ae3d7d24c513fbb76bf6356f7d4.jpg 1 333 384 9 18
images\WIN_20230602_10_09_59_Pro_jpg.rf.32d26ae3d7d24c513fbb76bf6356f7d4.jpg 1 316 458 11 19
images\WIN_20230602_10_09_59_Pro_jpg.rf.32d26ae3d7d24c513fbb76bf6356f7d4.jpg 1 315 486 10 20
images\WIN_20230602_10_09_59_Pro_jpg.rf.32d26ae3d7d24c513fbb76bf6356f7d4.jpg 1 316 504 11 20
images\WIN_20230602_10_09_59_Pro_jpg.rf.32d26ae3d7d24c513fbb76bf6356f7d4.jpg 1 354 490 10 19
images\WIN_20230602_10_09_59_Pro_jpg.rf.32d26ae3d7d24c513fbb76bf6356f7d4.jpg 1 369 501 10 19
images\WIN_20230602_10_09_59_Pro_jpg.rf.32d26ae3d7d24c513fbb76bf6356f7d4.jpg 1 334 563 10 19
images\WIN_20230602_10_09_59_Pro_jpg.rf.32d26ae3d7d24c513fbb76bf6356f7d4.jpg 1 321 569 11 21
images\WIN_20230602_10_09_59_Pro_jpg.rf.32d26ae3d7d24c513fbb76bf6356f7d4.jpg 1 379 562 10 20
images\WIN_20230602_10_09_59_Pro_jpg.rf.32d26ae3d7d24c513fbb76bf6356f7d4.jpg 1 369 554 11 21
images\WIN_20230602_10_09_59_Pro_jpg.rf.32d26ae3d7d24c513fbb76bf6356f7d4.jpg 1 392 357 142 142
images\WIN_20230602_10_11_05_Pro_jpg.rf.ad69ecf911949f21e37bbdbb8c082506.jpg 1 313 62 10 20
images\WIN_20230602_10_11_05_Pro_jpg.rf.ad69ecf911949f21e37bbdbb8c082506.jpg 1 419 87 10 19
images\WIN_20230602_10_11_05_Pro_jpg.rf.ad69ecf911949f21e37bbdbb8c082506.jpg 1 513 84 10 18
images\WIN_20230602_10_11_05_Pro_jpg.rf.ad69ecf911949f21e37bbdbb8c082506.jpg 1 500 103 10 18
images\WIN_20230602_10_11_05_Pro_jpg.rf.ad69ecf911949f21e37bbdbb8c082506.jpg 1 507 141 11 17
images\WIN_20230602_10_11_05_Pro_jpg.rf.ad69ecf911949f21e37bbdbb8c082506.jpg 1 515 241 11 17
images\WIN_20230602_10_11_05_Pro_jpg.rf.ad69ecf911949f21e37bbdbb8c082506.jpg 1 454 276 11 17
images\WIN_20230602_10_11_05_Pro_jpg.rf.ad69ecf911949f21e37bbdbb8c082506.jpg 1 333 384 9 17
images\WIN_20230602_10_11_05_Pro_jpg.rf.ad69ecf911949f21e37bbdbb8c082506.jpg 1 317 572 11 20
images\WIN_20230602_10_11_05_Pro_jpg.rf.ad69ecf911949f21e37bbdbb8c082506.jpg 1 499 478 11 18
images\WIN_20230602_10_11_05_Pro_jpg.rf.ad69ecf911949f21e37bbdbb8c082506.jpg 1 512 509 10 18
images\WIN_20230602_10_11_05_Pro_jpg.rf.ad69ecf911949f21e37bbdbb8c082506.jpg 1 514 573 11 19
images\WIN_20230602_10_11_05_Pro_jpg.rf.ad69ecf911949f21e37bbdbb8c082506.jpg 1 431 366 73 188
images\WIN_20230602_10_11_33_Pro_jpg.rf.b3c4fca9432efae8ab2f71fc5dfe031b.jpg 1 312 62 10 20
images\WIN_20230602_10_11_33_Pro_jpg.rf.b3c4fca9432efae8ab2f71fc5dfe031b.jpg 1 415 80 10 20
images\WIN_20230602_10_11_33_Pro_jpg.rf.b3c4fca9432efae8ab2f71fc5dfe031b.jpg 1 501 102 10 18
images\WIN_20230602_10_11_33_Pro_jpg.rf.b3c4fca9432efae8ab2f71fc5dfe031b.jpg 1 513 84 10 18
images\WIN_20230602_10_11_33_Pro_jpg.rf.b3c4fca9432efae8ab2f71fc5dfe031b.jpg 1 511 153 11 18
images\WIN_20230602_10_11_33_Pro_jpg.rf.b3c4fca9432efae8ab2f71fc5dfe031b.jpg 1 515 240 11 18
images\WIN_20230602_10_11_33_Pro_jpg.rf.b3c4fca9432efae8ab2f71fc5dfe031b.jpg 1 452 273 10 18
images\WIN_20230602_10_11_33_Pro_jpg.rf.b3c4fca9432efae8ab2f71fc5dfe031b.jpg 1 333 384 10 18
images\WIN_20230602_10_11_33_Pro_jpg.rf.b3c4fca9432efae8ab2f71fc5dfe031b.jpg 1 317 572 11 20
images\WIN_20230602_10_11_33_Pro_jpg.rf.b3c4fca9432efae8ab2f71fc5dfe031b.jpg 1 499 478 11 18
images\WIN_20230602_10_11_33_Pro_jpg.rf.b3c4fca9432efae8ab2f71fc5dfe031b.jpg 1 512 509 10 19
images\WIN_20230602_10_11_33_Pro_jpg.rf.b3c4fca9432efae8ab2f71fc5dfe031b.jpg 1 114 581 13 21
images\WIN_20230602_10_11_33_Pro_jpg.rf.b3c4fca9432efae8ab2f71fc5dfe031b.jpg 1 333 501 147 112
images\WIN_20230602_10_12_45_Pro_jpg.rf.97a67ac7af44e16d3e9a87de6ce60f77.jpg 1 111 467 12 19
images\WIN_20230602_10_12_45_Pro_jpg.rf.97a67ac7af44e16d3e9a87de6ce60f77.jpg 1 107 545 12 20
images\WIN_20230602_10_12_45_Pro_jpg.rf.97a67ac7af44e16d3e9a87de6ce60f77.jpg 1 107 584 12 21
images\WIN_20230602_10_12_45_Pro_jpg.rf.97a67ac7af44e16d3e9a87de6ce60f77.jpg 1 317 571 11 20
images\WIN_20230602_10_12_45_Pro_jpg.rf.97a67ac7af44e16d3e9a87de6ce60f77.jpg 1 499 476 11 18
images\WIN_20230602_10_12_45_Pro_jpg.rf.97a67ac7af44e16d3e9a87de6ce60f77.jpg 1 512 507 11 18
images\WIN_20230602_10_12_45_Pro_jpg.rf.97a67ac7af44e16d3e9a87de6ce60f77.jpg 1 333 382 9 18
images\WIN_20230602_10_12_45_Pro_jpg.rf.97a67ac7af44e16d3e9a87de6ce60f77.jpg 1 484 114 11 19
images\WIN_20230602_10_12_45_Pro_jpg.rf.97a67ac7af44e16d3e9a87de6ce60f77.jpg 1 432 80 11 19
images\WIN_20230602_10_12_45_Pro_jpg.rf.97a67ac7af44e16d3e9a87de6ce60f77.jpg 1 312 61 10 19
images\WIN_20230602_10_12_45_Pro_jpg.rf.97a67ac7af44e16d3e9a87de6ce60f77.jpg 1 118 38 12 20
images\WIN_20230602_10_12_45_Pro_jpg.rf.97a67ac7af44e16d3e9a87de6ce60f77.jpg 1 221 110 125 144
images\WIN_20230602_10_15_37_Pro_jpg.rf.d196ba7fc8316a8ae2b8daae0ea22730.jpg 1 332 482 10 20
images\WIN_20230602_10_15_37_Pro_jpg.rf.d196ba7fc8316a8ae2b8daae0ea22730.jpg 1 399 535 10 19
images\WIN_20230602_10_15_37_Pro_jpg.rf.d196ba7fc8316a8ae2b8daae0ea22730.jpg 1 383 562 11 20
images\WIN_20230602_10_15_37_Pro_jpg.rf.d196ba7fc8316a8ae2b8daae0ea22730.jpg 1 391 573 12 21
images\WIN_20230602_10_15_37_Pro_jpg.rf.d196ba7fc8316a8ae2b8daae0ea22730.jpg 1 334 373 10 19
images\WIN_20230602_10_15_37_Pro_jpg.rf.d196ba7fc8316a8ae2b8daae0ea22730.jpg 1 393 76 11 20
images\WIN_20230602_10_15_37_Pro_jpg.rf.d196ba7fc8316a8ae2b8daae0ea22730.jpg 1 384 69 11 21
images\WIN_20230602_10_15_37_Pro_jpg.rf.d196ba7fc8316a8ae2b8daae0ea22730.jpg 1 440 110 11 18
images\WIN_20230602_10_15_37_Pro_jpg.rf.d196ba7fc8316a8ae2b8daae0ea22730.jpg 1 515 81 11 18
images\WIN_20230602_10_15_37_Pro_jpg.rf.d196ba7fc8316a8ae2b8daae0ea22730.jpg 1 330 302 9 18
images\WIN_20230602_10_15_37_Pro_jpg.rf.d196ba7fc8316a8ae2b8daae0ea22730.jpg 1 356 138 139 151
images\WIN_20230602_10_17_35_Pro_jpg.rf.df7f0b92c1c539e2e4906657a6632896.jpg 1 120 128 12 20
images\WIN_20230602_10_17_35_Pro_jpg.rf.df7f0b92c1c539e2e4906657a6632896.jpg 1 254 112 11 19
images\WIN_20230602_10_17_35_Pro_jpg.rf.df7f0b92c1c539e2e4906657a6632896.jpg 1 211 262 11 20
images\WIN_20230602_10_17_35_Pro_jpg.rf.df7f0b92c1c539e2e4906657a6632896.jpg 1 334 373 10 19
images\WIN_20230602_10_17_35_Pro_jpg.rf.df7f0b92c1c539e2e4906657a6632896.jpg 1 303 577 11 20
images\WIN_20230602_10_17_35_Pro_jpg.rf.df7f0b92c1c539e2e4906657a6632896.jpg 1 368 567 11 21
images\WIN_20230602_10_17_35_Pro_jpg.rf.df7f0b92c1c539e2e4906657a6632896.jpg 1 392 530 11 20
images\WIN_20230602_10_17_35_Pro_jpg.rf.df7f0b92c1c539e2e4906657a6632896.jpg 1 456 565 11 20
images\WIN_20230602_10_17_35_Pro_jpg.rf.df7f0b92c1c539e2e4906657a6632896.jpg 1 500 370 11 19
images\WIN_20230602_10_17_35_Pro_jpg.rf.df7f0b92c1c539e2e4906657a6632896.jpg 1 355 138 133 152
images\WIN_20230602_10_17_40_Pro_jpg.rf.115e232de76cb5103e72d7be7e959962.jpg 1 254 112 11 19
images\WIN_20230602_10_17_40_Pro_jpg.rf.115e232de76cb5103e72d7be7e959962.jpg 1 120 128 12 20
images\WIN_20230602_10_17_40_Pro_jpg.rf.115e232de76cb5103e72d7be7e959962.jpg 1 211 262 11 20
images\WIN_20230602_10_17_40_Pro_jpg.rf.115e232de76cb5103e72d7be7e959962.jpg 1 334 373 10 19
images\WIN_20230602_10_17_40_Pro_jpg.rf.115e232de76cb5103e72d7be7e959962.jpg 1 499 371 11 18
images\WIN_20230602_10_17_40_Pro_jpg.rf.115e232de76cb5103e72d7be7e959962.jpg 1 455 565 11 20
images\WIN_20230602_10_17_40_Pro_jpg.rf.115e232de76cb5103e72d7be7e959962.jpg 1 400 523 10 20
images\WIN_20230602_10_17_40_Pro_jpg.rf.115e232de76cb5103e72d7be7e959962.jpg 1 366 561 10 20
images\WIN_20230602_10_17_40_Pro_jpg.rf.115e232de76cb5103e72d7be7e959962.jpg 1 303 578 11 19
images\WIN_20230602_10_17_40_Pro_jpg.rf.115e232de76cb5103e72d7be7e959962.jpg 1 118 33 12 21
images\WIN_20230602_10_17_40_Pro_jpg.rf.115e232de76cb5103e72d7be7e959962.jpg 1 355 137 140 155
images\WIN_20230602_10_19_31_Pro_jpg.rf.6681fc5627a853d39cbf01f1ee25c707.jpg 1 118 129 12 20
images\WIN_20230602_10_19_31_Pro_jpg.rf.6681fc5627a853d39cbf01f1ee25c707.jpg 1 252 110 11 21
images\WIN_20230602_10_19_31_Pro_jpg.rf.6681fc5627a853d39cbf01f1ee25c707.jpg 1 398 81 10 20
images\WIN_20230602_10_19_31_Pro_jpg.rf.6681fc5627a853d39cbf01f1ee25c707.jpg 1 442 196 11 18
images\WIN_20230602_10_19_31_Pro_jpg.rf.6681fc5627a853d39cbf01f1ee25c707.jpg 1 473 250 10 18
images\WIN_20230602_10_19_31_Pro_jpg.rf.6681fc5627a853d39cbf01f1ee25c707.jpg 1 333 372 10 18
images\WIN_20230602_10_19_31_Pro_jpg.rf.6681fc5627a853d39cbf01f1ee25c707.jpg 1 311 577 10 20
images\WIN_20230602_10_19_31_Pro_jpg.rf.6681fc5627a853d39cbf01f1ee25c707.jpg 1 289 577 11 21
images\WIN_20230602_10_19_31_Pro_jpg.rf.6681fc5627a853d39cbf01f1ee25c707.jpg 1 114 569 13 22
images\WIN_20230602_10_19_31_Pro_jpg.rf.6681fc5627a853d39cbf01f1ee25c707.jpg 1 121 583 13 20
images\WIN_20230602_10_19_31_Pro_jpg.rf.6681fc5627a853d39cbf01f1ee25c707.jpg 1 202 126 79 254
images\WIN_20230602_10_19_31_Pro_jpg.rf.6681fc5627a853d39cbf01f1ee25c707.jpg 1 513 82 11 19
