0 0.135937 0.883631 0.128125 0.897917 0.139063 0.902083 0.150000 0.887500 0.146875 0.870833 0.135937 0.866667 0.126562 0.875000 0.125000 0.885417
1 0.378437 0.093750 0.378125 0.110417 0.390625 0.093750 0.381250 0.081250 0.371875 0.085417 0.370312 0.097917
2 0.188906 0.102500 0.185938 0.129167 0.206250 0.118750 0.215625 0.102083 0.214062 0.087500 0.200000 0.077083 0.184375 0.077083 0.168750 0.085417 0.164062 0.102083 0.170313 0.120833 0.179688 0.125000
3 0.373698 0.139236 0.373437 0.162500 0.400000 0.197917 0.417187 0.181250 0.387500 0.139583 0.421875 0.104167 0.403125 0.083333 0.370312 0.122917 0.348438 0.085417 0.331250 0.100000 0.356250 0.133333 0.328125 0.168750 0.346875 0.191667
8 0.525391 0.491667 0.546875 0.470833 0.546875 0.510417 0.503125 0.510417 0.504687 0.475000
9 0.468750 0.494792 0.487500 0.510417 0.490625 0.475000 0.448437 0.475000 0.448437 0.518750
4 0.498026 0.500439 0.500000 0.433333 0.500000 0.425000 0.535937 0.427083 0.539062 0.456250 0.525000 0.458333 0.528125 0.545833 0.540625 0.545833 0.539062 0.575000 0.503125 0.570833 0.503125 0.552083 0.487500 0.550000 0.487500 0.533333 0.467187 0.545833 0.450000 0.537500 0.443750 0.520833 0.446875 0.485417 0.484375 0.470833 0.484375 0.439583 0.496875 0.435417
5 0.066406 0.466667 0.076563 0.443750 0.062500 0.439583 0.056250 0.489583 0.070312 0.493750
6 0.933984 0.506771 0.929688 0.562500 0.942187 0.562500 0.939063 0.447917 0.925000 0.454167
7 0.422500 0.426667 0.103125 0.091667 0.048438 0.885417 0.935937 0.954167 0.917188 0.106250 0.107813 0.095833
