0 0.073750 0.560000 0.064062 0.550000 0.060937 0.554167 0.060937 0.566667 0.065625 0.575000 0.076563 0.577083 0.084375 0.572917 0.087500 0.562500 0.084375 0.552083 0.079687 0.545833 0.073438 0.543750
1 0.718750 0.257917 0.710938 0.245833 0.707812 0.254167 0.707812 0.266667 0.710938 0.272917 0.720313 0.277083 0.728125 0.270833 0.729688 0.260417 0.729688 0.247917 0.723437 0.241667 0.718750 0.241667
2 0.244085 0.661310 0.218750 0.662500 0.223438 0.654167 0.231250 0.641667 0.240625 0.635417 0.253125 0.629167 0.262500 0.635417 0.268750 0.650000 0.268750 0.660417 0.262500 0.670833 0.256250 0.679167 0.248438 0.685417 0.237500 0.687500 0.225000 0.687500 0.220312 0.679167
3 0.223766 0.683772 0.214062 0.689583 0.207813 0.631250 0.229687 0.627083 0.228125 0.633333 0.225000 0.641667 0.220312 0.645833 0.218750 0.652083 0.215625 0.656250 0.217188 0.668750 0.218750 0.681250 0.225000 0.691667 0.279687 0.677083 0.282813 0.697917 0.237500 0.712500 0.245312 0.768750 0.223438 0.775000 0.217188 0.716667 0.173437 0.722917 0.171875 0.702083
5 0.064062 0.474479 0.068750 0.502083 0.056250 0.497917 0.059375 0.447917 0.071875 0.450000
6 0.930469 0.500521 0.926562 0.556250 0.935937 0.556250 0.934375 0.443750 0.925000 0.445833
8 0.701172 0.506250 0.675000 0.500000 0.696875 0.477083 0.726562 0.510417 0.706250 0.537500
9 0.660156 0.452083 0.664062 0.483333 0.684375 0.456250 0.656250 0.420833 0.635938 0.447917
4 0.663086 0.491580 0.617188 0.450000 0.614062 0.462500 0.615625 0.475000 0.620313 0.485417 0.631250 0.491667 0.634375 0.502083 0.640625 0.516667 0.639062 0.527083 0.628125 0.541667 0.650000 0.579167 0.668750 0.568750 0.665625 0.550000 0.687500 0.520833 0.707812 0.545833 0.731250 0.514583 0.723437 0.500000 0.739062 0.479167 0.710938 0.445833 0.700000 0.441667 0.690625 0.441667 0.682813 0.445833 0.656250 0.418750 0.632812 0.445833 0.626563 0.447917
7 0.497656 0.509375 0.104688 0.097917 0.912500 0.106250 0.929688 0.947917 0.043750 0.885417
