0 0.701562 0.925694 0.712500 0.922917 0.706250 0.912500 0.700000 0.906250 0.690625 0.910417 0.689063 0.925000 0.690625 0.937500 0.700000 0.943750 0.710938 0.941667 0.714063 0.931250
1 0.377431 0.559954 0.387500 0.556250 0.384375 0.547917 0.376563 0.543750 0.368750 0.547917 0.365625 0.556250 0.367188 0.568750 0.375000 0.575000 0.384375 0.575000 0.387500 0.568750
2 0.899777 0.892560 0.870313 0.881250 0.871875 0.900000 0.878125 0.910417 0.892188 0.918750 0.907813 0.925000 0.918750 0.922917 0.929688 0.916667 0.929688 0.904167 0.925000 0.887500 0.917188 0.875000 0.907813 0.862500 0.892188 0.860417 0.881250 0.862500 0.875000 0.868750
3 0.598177 0.621181 0.612500 0.618750 0.643750 0.579167 0.628125 0.562500 0.596875 0.604167 0.565625 0.562500 0.554688 0.575000 0.584375 0.618750 0.554688 0.666667 0.565625 0.685417 0.596875 0.637500 0.631250 0.681250 0.643750 0.662500
5 0.067187 0.466146 0.071875 0.493750 0.059375 0.491667 0.062500 0.437500 0.075000 0.441667
6 0.931641 0.504687 0.928125 0.560417 0.939063 0.560417 0.934375 0.447917 0.925000 0.450000
8 0.674609 0.288021 0.653125 0.310417 0.684375 0.318750 0.693750 0.266667 0.667188 0.256250
9 0.658984 0.363021 0.651563 0.335417 0.675000 0.341667 0.668750 0.393750 0.640625 0.381250
4 0.660069 0.342593 0.610938 0.285417 0.604688 0.329167 0.621875 0.335417 0.628125 0.350000 0.631250 0.372917 0.635938 0.387500 0.635938 0.406250 0.651563 0.425000 0.667188 0.422917 0.675000 0.406250 0.684375 0.356250 0.712500 0.360417 0.720313 0.316667 0.693750 0.306250 0.690625 0.300000 0.698438 0.262500 0.665625 0.250000 0.653125 0.293750
7 0.500000 0.506771 0.103125 0.089583 0.914062 0.104167 0.937500 0.952083 0.045312 0.881250
