0 0.188281 0.584583 0.203125 0.587500 0.201563 0.575000 0.195312 0.570833 0.189062 0.568750 0.179688 0.572917 0.173437 0.581250 0.176563 0.589583 0.179688 0.597917 0.187500 0.602083 0.196875 0.600000
1 0.216477 0.545076 0.210938 0.531250 0.203125 0.537500 0.203125 0.545833 0.204687 0.556250 0.210938 0.560417 0.218750 0.560417 0.225000 0.556250 0.229687 0.547917 0.229687 0.539583 0.225000 0.533333 0.220312 0.527083
2 0.423828 0.448090 0.406250 0.437500 0.404687 0.450000 0.407813 0.462500 0.414062 0.475000 0.426563 0.477083 0.437500 0.468750 0.445312 0.456250 0.442188 0.441667 0.437500 0.431250 0.429688 0.425000 0.421875 0.425000 0.412500 0.427083
3 0.416276 0.619097 0.417187 0.600000 0.453125 0.566667 0.464062 0.583333 0.431250 0.620833 0.456250 0.666667 0.442188 0.685417 0.414062 0.637500 0.379688 0.672917 0.367188 0.652083 0.400000 0.616667 0.378125 0.570833 0.392188 0.556250
5 0.064844 0.474479 0.068750 0.500000 0.057813 0.500000 0.059375 0.447917 0.073438 0.450000
6 0.930469 0.500521 0.925000 0.556250 0.937500 0.556250 0.934375 0.443750 0.925000 0.445833
8 0.563672 0.558333 0.548438 0.533333 0.579688 0.533333 0.578125 0.583333 0.548438 0.583333
9 0.567187 0.484375 0.551562 0.506250 0.581250 0.512500 0.582812 0.460417 0.553125 0.458333
4 0.563802 0.535590 0.507812 0.527083 0.517188 0.527083 0.521875 0.506250 0.535937 0.504167 0.535937 0.491667 0.539062 0.464583 0.546875 0.454167 0.582812 0.456250 0.585938 0.502083 0.598437 0.504167 0.604688 0.525000 0.609375 0.533333 0.615625 0.535417 0.617188 0.556250 0.617188 0.583333 0.593750 0.589583 0.592187 0.572917 0.585938 0.575000 0.582812 0.585417 0.545312 0.587500 0.545312 0.562500 0.521875 0.562500 0.525000 0.575000 0.503125 0.572917
7 0.496094 0.508854 0.103125 0.097917 0.910937 0.102083 0.929688 0.945833 0.040625 0.889583
