8 0.874609 0.282292 0.851562 0.264583 0.851562 0.300000 0.896875 0.302083 0.898438 0.262500
9 0.813281 0.281250 0.835938 0.264583 0.835938 0.302083 0.790625 0.297917 0.790625 0.260417
4 0.807670 0.307576 0.820312 0.231250 0.862500 0.231250 0.857812 0.385417 0.812500 0.383333 0.818750 0.347917 0.778125 0.350000 0.754687 0.318750 0.765625 0.314583 0.775000 0.297917 0.818750 0.293750 0.820312 0.229167
6 0.931641 0.504167 0.923438 0.452083 0.934375 0.443750 0.942187 0.560417 0.926562 0.560417
0 0.790625 0.643750 0.804688 0.641667 0.801562 0.658333 0.787500 0.660417 0.776563 0.647917 0.779687 0.629167 0.793750 0.625000
1 0.089453 0.354167 0.093750 0.341667 0.087500 0.341667 0.079687 0.345833 0.076563 0.358333 0.082812 0.368750 0.093750 0.368750 0.101562 0.362500 0.100000 0.345833
2 0.075195 0.794271 0.095312 0.772917 0.101562 0.791667 0.093750 0.810417 0.068750 0.822917 0.048438 0.814583 0.046875 0.800000 0.067187 0.772917 0.079687 0.768750
3 0.108464 0.629514 0.095312 0.643750 0.109375 0.702083 0.140625 0.691667 0.123438 0.637500 0.165625 0.614583 0.159375 0.591667 0.117188 0.608333 0.101562 0.564583 0.079687 0.568750 0.096875 0.625000 0.051562 0.643750 0.060937 0.662500
5 0.067187 0.466146 0.075000 0.439583 0.060937 0.439583 0.059375 0.489583 0.073438 0.495833
7 0.420625 0.425417 0.100000 0.093750 0.915625 0.102083 0.935937 0.947917 0.046875 0.887500 0.104688 0.095833
