0 0.178795 0.666369 0.187500 0.652083 0.192188 0.668750 0.185938 0.685417 0.171875 0.681250 0.164062 0.670833 0.171875 0.654167 0.178125 0.652083
2 0.195182 0.553472 0.192188 0.591667 0.207813 0.583333 0.214062 0.566667 0.217188 0.550000 0.214062 0.533333 0.204687 0.520833 0.193750 0.518750 0.184375 0.527083 0.178125 0.533333 0.175000 0.556250 0.178125 0.575000 0.182812 0.585417
1 0.102930 0.125260 0.104688 0.139583 0.114062 0.135417 0.117188 0.122917 0.107813 0.110417 0.098437 0.108333 0.090625 0.118750 0.092188 0.129167 0.098437 0.137500
3 0.391707 0.309455 0.401562 0.325000 0.443750 0.325000 0.442188 0.300000 0.398438 0.293750 0.400000 0.241667 0.385937 0.239583 0.381250 0.295833 0.340625 0.293750 0.340625 0.318750 0.381250 0.316667 0.379688 0.372917 0.398438 0.375000 0.398438 0.325000
8 0.611328 0.147917 0.589063 0.166667 0.615625 0.179167 0.634375 0.131250 0.606250 0.114583
9 0.585547 0.215104 0.607812 0.200000 0.581250 0.181250 0.562500 0.231250 0.590625 0.247917
4 0.592578 0.238889 0.576562 0.293750 0.590625 0.293750 0.601562 0.279167 0.601562 0.245833 0.615625 0.247917 0.642188 0.235417 0.657813 0.202083 0.560937 0.135417 0.545312 0.185417 0.578125 0.212500 0.565625 0.256250 0.575000 0.279167
5 0.068359 0.465104 0.076563 0.441667 0.064062 0.433333 0.059375 0.489583 0.073438 0.495833
6 0.932422 0.504687 0.925000 0.560417 0.942187 0.564583 0.939063 0.445833 0.923438 0.447917
7 0.275174 0.298148 0.098437 0.150000 0.050000 0.887500 0.935937 0.950000 0.917188 0.104167 0.104688 0.095833 0.100000 0.102083 0.085938 0.114583 0.087500 0.133333 0.096875 0.145833
