0 0.072526 0.559028 0.064062 0.552083 0.060937 0.554167 0.060937 0.562500 0.062500 0.568750 0.068750 0.575000 0.076563 0.575000 0.084375 0.568750 0.085938 0.564583 0.085938 0.552083 0.081250 0.545833 0.071875 0.543750 0.067187 0.545833
1 0.236719 0.425625 0.225000 0.416667 0.223438 0.427083 0.226562 0.435417 0.232813 0.441667 0.242188 0.443750 0.251563 0.435417 0.250000 0.422917 0.245312 0.414583 0.239063 0.410417 0.231250 0.408333
2 0.245871 0.659821 0.226562 0.647917 0.235937 0.639583 0.245312 0.631250 0.259375 0.631250 0.265625 0.637500 0.268750 0.650000 0.268750 0.660417 0.265625 0.670833 0.259375 0.679167 0.250000 0.683333 0.234375 0.689583 0.223438 0.685417 0.218750 0.672917 0.220312 0.658333
3 0.223602 0.686184 0.212500 0.691667 0.207813 0.633333 0.229687 0.627083 0.228125 0.637500 0.223438 0.641667 0.218750 0.647917 0.218750 0.656250 0.217188 0.666667 0.218750 0.679167 0.221875 0.689583 0.226562 0.691667 0.278125 0.675000 0.281250 0.700000 0.237500 0.712500 0.245312 0.768750 0.223438 0.777083 0.215625 0.716667 0.173437 0.722917 0.170313 0.702083
5 0.063672 0.475521 0.067187 0.500000 0.056250 0.500000 0.059375 0.450000 0.071875 0.452083
6 0.930859 0.501042 0.926562 0.556250 0.937500 0.558333 0.935937 0.443750 0.923438 0.445833
8 0.700781 0.504687 0.675000 0.497917 0.698438 0.475000 0.725000 0.506250 0.704688 0.539583
9 0.659375 0.452083 0.662500 0.481250 0.684375 0.456250 0.656250 0.422917 0.634375 0.447917
4 0.666325 0.498491 0.654687 0.418750 0.643750 0.429167 0.629687 0.443750 0.618750 0.445833 0.612500 0.464583 0.615625 0.485417 0.632812 0.493750 0.634375 0.508333 0.640625 0.520833 0.640625 0.527083 0.628125 0.541667 0.631250 0.554167 0.637500 0.564583 0.643750 0.572917 0.650000 0.579167 0.659375 0.577083 0.670312 0.564583 0.662500 0.545833 0.685937 0.518750 0.703125 0.547917 0.731250 0.504167 0.726562 0.493750 0.740625 0.477083 0.731250 0.464583 0.723437 0.452083 0.715625 0.443750 0.698438 0.437500 0.684375 0.437500 0.676562 0.441667
7 0.496484 0.507292 0.104688 0.095833 0.914062 0.104167 0.925000 0.939583 0.042188 0.889583
