0 0.516964 0.432440 0.517188 0.447917 0.526563 0.445833 0.529687 0.431250 0.521875 0.416667 0.512500 0.416667 0.504687 0.427083 0.506250 0.441667
1 0.264509 0.307738 0.262500 0.325000 0.271875 0.320833 0.278125 0.304167 0.271875 0.289583 0.260937 0.291667 0.251563 0.304167 0.254688 0.318750
2 0.164062 0.538021 0.162500 0.577083 0.178125 0.562500 0.184375 0.529167 0.179688 0.510417 0.164062 0.502083 0.151562 0.514583 0.143750 0.545833 0.148438 0.562500
3 0.485337 0.571795 0.489063 0.587500 0.526563 0.616667 0.535937 0.595833 0.496875 0.562500 0.517188 0.516667 0.504687 0.500000 0.481250 0.545833 0.443750 0.525000 0.435937 0.550000 0.473438 0.575000 0.451562 0.627083 0.465625 0.639583 0.487500 0.591667
8 0.610156 0.143750 0.589063 0.162500 0.614062 0.177083 0.632812 0.127083 0.604688 0.108333
9 0.584766 0.213542 0.606250 0.195833 0.581250 0.181250 0.562500 0.231250 0.589063 0.245833
4 0.584517 0.222538 0.559375 0.135417 0.656250 0.191667 0.642188 0.250000 0.603125 0.250000 0.598437 0.281250 0.578125 0.295833 0.560937 0.268750 0.568750 0.241667 0.562500 0.197917 0.543750 0.189583 0.556250 0.145833
5 0.063672 0.465625 0.071875 0.441667 0.059375 0.435417 0.054688 0.491667 0.068750 0.493750
6 0.932422 0.503125 0.921875 0.450000 0.939063 0.439583 0.942187 0.558333 0.926562 0.564583
7 0.420312 0.426667 0.098437 0.089583 0.917188 0.104167 0.937500 0.956250 0.046875 0.887500 0.101562 0.095833
