9 0.814453 0.281250 0.837500 0.262500 0.835938 0.300000 0.792188 0.300000 0.792188 0.262500
8 0.876172 0.281250 0.853125 0.262500 0.854688 0.304167 0.901563 0.300000 0.895312 0.258333
4 0.809801 0.309280 0.821875 0.235417 0.857812 0.233333 0.860938 0.381250 0.821875 0.381250 0.820312 0.337500 0.779687 0.347917 0.762500 0.337500 0.757812 0.318750 0.779687 0.291667 0.825000 0.300000 0.820312 0.237500
6 0.932813 0.502083 0.921875 0.450000 0.939063 0.441667 0.940625 0.556250 0.929688 0.560417
1 0.336161 0.446429 0.326562 0.458333 0.334375 0.462500 0.343750 0.460417 0.348438 0.443750 0.343750 0.431250 0.332813 0.429167 0.323437 0.439583
2 0.608854 0.634028 0.585938 0.616667 0.579688 0.625000 0.589063 0.643750 0.607812 0.666667 0.625000 0.666667 0.635938 0.643750 0.632812 0.627083 0.620313 0.612500 0.603125 0.604167
3 0.529557 0.581771 0.539062 0.566667 0.539062 0.510417 0.525000 0.510417 0.521875 0.564583 0.479687 0.564583 0.475000 0.595833 0.520312 0.595833 0.514062 0.658333 0.534375 0.656250 0.540625 0.591667 0.584375 0.595833 0.581250 0.570833
0 0.463839 0.860119 0.464062 0.839583 0.473438 0.845833 0.476562 0.864583 0.468750 0.877083 0.459375 0.877083 0.451562 0.866667 0.453125 0.850000
5 0.064062 0.463542 0.071875 0.441667 0.060937 0.435417 0.057813 0.487500 0.065625 0.489583
7 0.420937 0.424583 0.101562 0.089583 0.918750 0.100000 0.935937 0.954167 0.045312 0.885417 0.103125 0.093750
