0 0.690278 0.496065 0.679688 0.491667 0.678125 0.500000 0.681250 0.508333 0.690625 0.512500 0.700000 0.508333 0.703125 0.497917 0.700000 0.487500 0.693750 0.479167 0.685937 0.479167
2 0.141406 0.174851 0.120313 0.166667 0.117188 0.179167 0.118750 0.191667 0.126562 0.202083 0.134375 0.206250 0.146875 0.204167 0.156250 0.195833 0.160938 0.183333 0.164062 0.170833 0.162500 0.158333 0.157812 0.150000 0.151562 0.141667 0.135937 0.143750 0.126562 0.154167
3 0.281120 0.534375 0.293750 0.522917 0.300000 0.468750 0.279687 0.462500 0.271875 0.516667 0.228125 0.510417 0.226562 0.535417 0.267188 0.545833 0.260937 0.602083 0.284375 0.604167 0.290625 0.552083 0.335938 0.556250 0.334375 0.535417
1 0.835085 0.201894 0.839063 0.216667 0.839063 0.208333 0.840625 0.200000 0.846875 0.200000 0.845313 0.189583 0.839063 0.185417 0.831250 0.185417 0.823438 0.195833 0.823438 0.206250 0.825000 0.214583 0.832812 0.218750
6 0.930078 0.498958 0.925000 0.554167 0.935937 0.554167 0.934375 0.441667 0.925000 0.445833
5 0.065234 0.468229 0.070312 0.493750 0.057813 0.493750 0.060937 0.439583 0.071875 0.445833
8 0.873828 0.282813 0.853125 0.302083 0.853125 0.264583 0.893750 0.262500 0.895312 0.302083
9 0.811719 0.283333 0.790625 0.300000 0.792188 0.264583 0.832812 0.266667 0.831250 0.302083
4 0.823884 0.306994 0.756250 0.320833 0.757812 0.339583 0.767188 0.343750 0.781250 0.347917 0.798438 0.343750 0.812500 0.345833 0.814063 0.362500 0.820312 0.383333 0.835938 0.387500 0.856250 0.383333 0.862500 0.372917 0.859375 0.356250 0.857812 0.335417 0.862500 0.306250 0.903125 0.308333 0.898438 0.260417 0.859375 0.260417 0.862500 0.235417 0.854688 0.231250 0.842187 0.231250 0.829688 0.233333 0.818750 0.241667 0.818750 0.256250 0.818750 0.262500 0.790625 0.258333 0.785937 0.291667 0.776563 0.295833 0.767188 0.300000
7 0.497656 0.504167 0.103125 0.093750 0.912500 0.100000 0.931250 0.939583 0.043750 0.883333
