9 0.812500 0.281250 0.834375 0.262500 0.831250 0.300000 0.793750 0.300000 0.790625 0.262500
8 0.874219 0.284375 0.853125 0.268750 0.850000 0.306250 0.896875 0.300000 0.896875 0.262500
4 0.804948 0.314931 0.821875 0.235417 0.859375 0.237500 0.853125 0.387500 0.821875 0.385417 0.818750 0.347917 0.792188 0.343750 0.778125 0.354167 0.760938 0.337500 0.753125 0.318750 0.775000 0.300000 0.809375 0.300000 0.815625 0.231250
1 0.651042 0.199653 0.657813 0.185417 0.665625 0.197917 0.653125 0.216667 0.642188 0.212500 0.640625 0.197917 0.646875 0.187500
0 0.171875 0.359635 0.160938 0.350000 0.159375 0.362500 0.165625 0.375000 0.181250 0.375000 0.184375 0.366667 0.181250 0.356250 0.176563 0.343750 0.165625 0.347917
2 0.107500 0.149792 0.085938 0.162500 0.092188 0.175000 0.104688 0.175000 0.121875 0.168750 0.129688 0.156250 0.131250 0.141667 0.121875 0.122917 0.106250 0.118750 0.093750 0.129167 0.087500 0.147917
5 0.064453 0.468750 0.073438 0.443750 0.059375 0.443750 0.056250 0.493750 0.068750 0.493750
6 0.932422 0.496354 0.925000 0.443750 0.937500 0.437500 0.939063 0.550000 0.928125 0.554167
3 0.385807 0.444618 0.398438 0.456250 0.437500 0.447917 0.437500 0.425000 0.393750 0.431250 0.387500 0.375000 0.371875 0.375000 0.375000 0.435417 0.334375 0.441667 0.335938 0.462500 0.376563 0.456250 0.381250 0.518750 0.400000 0.510417
7 0.266146 0.386111 0.068750 0.493750 0.092188 0.179167 0.078125 0.162500 0.096875 0.118750 0.093750 0.091667 0.915625 0.100000 0.934375 0.943750 0.043750 0.887500 0.071875 0.497917
