0 0.429427 0.900000 0.434375 0.918750 0.418750 0.912500 0.414062 0.891667 0.426563 0.881250 0.442188 0.887500 0.440625 0.908333
1 0.524107 0.217262 0.523438 0.233333 0.532813 0.231250 0.535937 0.214583 0.529687 0.200000 0.518750 0.202083 0.512500 0.214583 0.515625 0.225000
2 0.857812 0.235677 0.848437 0.268750 0.832812 0.254167 0.837500 0.225000 0.854688 0.208333 0.870313 0.210417 0.879687 0.218750 0.875000 0.239583 0.864062 0.260417
3 0.332452 0.475481 0.329688 0.495833 0.354687 0.539583 0.370312 0.525000 0.346875 0.479167 0.384375 0.447917 0.370312 0.425000 0.334375 0.454167 0.312500 0.412500 0.298438 0.420833 0.318750 0.466667 0.281250 0.497917 0.293750 0.520833 0.326562 0.495833
8 0.410938 0.140625 0.437500 0.143750 0.418750 0.170833 0.385937 0.139583 0.401562 0.108333
9 0.456641 0.183854 0.448437 0.158333 0.432812 0.183333 0.464062 0.214583 0.481250 0.179167
4 0.452083 0.205556 0.440625 0.114583 0.381250 0.227083 0.409375 0.254167 0.426563 0.222917 0.437500 0.233333 0.431250 0.260417 0.440625 0.279167 0.454688 0.283333 0.459375 0.270833 0.440625 0.258333 0.445312 0.237500 0.454688 0.235417 0.473438 0.191667 0.471875 0.179167 0.475000 0.168750 0.484375 0.166667 0.492188 0.172917 0.495312 0.158333 0.468750 0.152083 0.468750 0.137500 0.442188 0.112500
5 0.066797 0.466146 0.078125 0.441667 0.059375 0.439583 0.056250 0.489583 0.073438 0.493750
6 0.934375 0.505208 0.925000 0.454167 0.939063 0.443750 0.945312 0.560417 0.928125 0.562500
7 0.420625 0.426667 0.101562 0.093750 0.050000 0.883333 0.935937 0.952083 0.914062 0.108333 0.101562 0.095833
