0 0.372768 0.197321 0.375000 0.212500 0.382812 0.206250 0.384375 0.189583 0.376563 0.181250 0.365625 0.183333 0.357812 0.197917 0.367188 0.210417
1 0.267188 0.310069 0.271875 0.325000 0.279687 0.314583 0.275000 0.297917 0.262500 0.293750 0.254688 0.308333 0.259375 0.320833
2 0.191406 0.551302 0.176563 0.583333 0.195312 0.585417 0.212500 0.556250 0.212500 0.535417 0.201563 0.522917 0.187500 0.522917 0.173437 0.539583 0.171875 0.564583
8 0.611328 0.149479 0.589063 0.168750 0.614062 0.181250 0.634375 0.131250 0.607812 0.116667
9 0.585547 0.216667 0.606250 0.202083 0.581250 0.185417 0.562500 0.231250 0.592187 0.247917
4 0.587612 0.231399 0.559375 0.137500 0.543750 0.181250 0.567187 0.208333 0.571875 0.241667 0.567187 0.262500 0.571875 0.283333 0.573438 0.297917 0.590625 0.293750 0.603125 0.281250 0.603125 0.250000 0.614062 0.222917 0.639062 0.245833 0.659375 0.197917 0.562500 0.135417
5 0.067187 0.466146 0.075000 0.443750 0.062500 0.435417 0.059375 0.491667 0.071875 0.493750
6 0.932813 0.505208 0.923438 0.450000 0.935937 0.445833 0.940625 0.562500 0.931250 0.562500
3 0.485938 0.571007 0.473438 0.575000 0.451562 0.627083 0.467187 0.639583 0.487500 0.585417 0.528125 0.616667 0.537500 0.595833 0.500000 0.566667 0.520312 0.516667 0.503125 0.504167 0.482812 0.556250 0.445312 0.522917 0.434375 0.545833
7 0.422187 0.427917 0.103125 0.095833 0.917188 0.108333 0.935937 0.950000 0.048438 0.885417 0.106250 0.100000
