0 0.684201 0.903704 0.696875 0.912500 0.696875 0.902083 0.693750 0.891667 0.684375 0.885417 0.673438 0.887500 0.670312 0.900000 0.673438 0.912500 0.679688 0.918750 0.689063 0.922917
1 0.268056 0.299769 0.273438 0.316667 0.278125 0.308333 0.278125 0.297917 0.276562 0.289583 0.268750 0.283333 0.260937 0.287500 0.256250 0.293750 0.256250 0.306250 0.264062 0.314583
2 0.615960 0.692857 0.606250 0.662500 0.615625 0.664583 0.626563 0.672917 0.637500 0.685417 0.643750 0.700000 0.642188 0.712500 0.635938 0.722917 0.625000 0.722917 0.610938 0.720833 0.600000 0.710417 0.593750 0.700000 0.592187 0.685417 0.595313 0.672917 0.598437 0.666667
3 0.598568 0.621701 0.600000 0.639583 0.632812 0.679167 0.643750 0.664583 0.612500 0.622917 0.642188 0.581250 0.628125 0.562500 0.598437 0.602083 0.567187 0.562500 0.551562 0.579167 0.584375 0.620833 0.553125 0.662500 0.568750 0.683333
5 0.067578 0.466667 0.073438 0.493750 0.059375 0.491667 0.062500 0.437500 0.075000 0.443750
6 0.932031 0.504167 0.928125 0.560417 0.937500 0.560417 0.935937 0.443750 0.926562 0.452083
8 0.611719 0.148438 0.589063 0.166667 0.615625 0.179167 0.632812 0.131250 0.609375 0.116667
9 0.584766 0.216146 0.562500 0.231250 0.589063 0.247917 0.606250 0.200000 0.581250 0.185417
4 0.592513 0.212587 0.559375 0.137500 0.553125 0.150000 0.543750 0.172917 0.546875 0.189583 0.564063 0.197917 0.565625 0.212500 0.557813 0.229167 0.567187 0.239583 0.567187 0.256250 0.570312 0.270833 0.575000 0.289583 0.587500 0.293750 0.600000 0.283333 0.603125 0.260417 0.607812 0.250000 0.617188 0.231250 0.629687 0.239583 0.643750 0.243750 0.657813 0.197917 0.640625 0.187500 0.621875 0.172917 0.635938 0.129167 0.612500 0.112500 0.592187 0.154167
7 0.501563 0.506250 0.104688 0.091667 0.915625 0.106250 0.937500 0.945833 0.048438 0.881250
