0 0.147266 0.669531 0.135937 0.662500 0.134375 0.681250 0.143750 0.685417 0.154688 0.681250 0.159375 0.675000 0.159375 0.660417 0.150000 0.654167 0.140625 0.656250
1 0.128125 0.466369 0.132812 0.452083 0.139063 0.460417 0.140625 0.477083 0.129688 0.483333 0.118750 0.479167 0.115625 0.460417 0.120313 0.452083
2 0.257670 0.290909 0.243750 0.318750 0.235937 0.308333 0.234375 0.287500 0.243750 0.264583 0.259375 0.256250 0.270313 0.260417 0.278125 0.275000 0.279687 0.291667 0.273438 0.300000 0.262500 0.316667 0.253125 0.320833
3 0.412891 0.382118 0.420312 0.366667 0.465625 0.372917 0.465625 0.395833 0.418750 0.393750 0.421875 0.450000 0.403125 0.452083 0.401562 0.391667 0.362500 0.395833 0.364063 0.366667 0.403125 0.370833 0.404687 0.314583 0.423438 0.314583
8 0.874609 0.284375 0.851562 0.266667 0.853125 0.304167 0.898438 0.304167 0.895312 0.262500
9 0.814063 0.282292 0.835938 0.264583 0.835938 0.300000 0.792188 0.300000 0.792188 0.264583
4 0.809766 0.326910 0.853125 0.387500 0.818750 0.387500 0.815625 0.343750 0.795312 0.347917 0.779687 0.350000 0.760938 0.339583 0.757812 0.320833 0.776563 0.291667 0.818750 0.293750 0.815625 0.239583 0.865625 0.233333 0.859375 0.387500
5 0.067187 0.466667 0.075000 0.443750 0.062500 0.437500 0.059375 0.491667 0.071875 0.493750
6 0.932813 0.507292 0.928125 0.566667 0.937500 0.560417 0.939063 0.450000 0.926562 0.452083
7 0.421563 0.426667 0.103125 0.091667 0.048438 0.883333 0.937500 0.956250 0.915625 0.106250 0.103125 0.095833
