8 0.610156 0.147396 0.589063 0.164583 0.614062 0.181250 0.631250 0.129167 0.606250 0.114583
9 0.583984 0.216146 0.604688 0.200000 0.579688 0.185417 0.562500 0.231250 0.589063 0.247917
4 0.589955 0.238244 0.559375 0.137500 0.656250 0.197917 0.639062 0.243750 0.615625 0.233333 0.609375 0.252083 0.598437 0.254167 0.600000 0.275000 0.587500 0.291667 0.573438 0.291667 0.571875 0.279167 0.564063 0.260417 0.571875 0.235417 0.567187 0.202083 0.545312 0.181250
1 0.152455 0.624405 0.148438 0.641667 0.162500 0.637500 0.164062 0.622917 0.160938 0.610417 0.148438 0.606250 0.140625 0.618750 0.142187 0.633333
0 0.141406 0.884028 0.134375 0.900000 0.146875 0.900000 0.154688 0.881250 0.148438 0.868750 0.134375 0.868750 0.129688 0.885417
2 0.112216 0.853030 0.132812 0.877083 0.120313 0.883333 0.103125 0.879167 0.090625 0.870833 0.082812 0.850000 0.090625 0.831250 0.101562 0.820833 0.115625 0.822917 0.126562 0.833333 0.134375 0.850000 0.135937 0.864583
3 0.392788 0.312500 0.401562 0.327083 0.443750 0.327083 0.443750 0.300000 0.401562 0.295833 0.403125 0.243750 0.384375 0.239583 0.384375 0.295833 0.340625 0.293750 0.340625 0.322917 0.381250 0.322917 0.381250 0.379167 0.400000 0.381250 0.400000 0.333333
5 0.066797 0.466667 0.075000 0.441667 0.062500 0.437500 0.057813 0.491667 0.071875 0.495833
6 0.932813 0.504167 0.926562 0.562500 0.942187 0.560417 0.939063 0.443750 0.923438 0.450000
7 0.421250 0.427083 0.103125 0.095833 0.914062 0.110417 0.934375 0.947917 0.050000 0.883333 0.104688 0.097917
