0 0.871652 0.105357 0.862500 0.122917 0.878125 0.122917 0.884375 0.106250 0.882812 0.093750 0.870313 0.089583 0.862500 0.095833 0.860938 0.106250
1 0.153711 0.873958 0.148438 0.891667 0.160938 0.889583 0.165625 0.870833 0.164062 0.860417 0.154688 0.852083 0.145313 0.860417 0.142187 0.877083 0.148438 0.889583
2 0.230625 0.723750 0.203125 0.737500 0.204687 0.718750 0.218750 0.702083 0.237500 0.693750 0.250000 0.697917 0.257812 0.714583 0.254688 0.731250 0.243750 0.743750 0.225000 0.750000 0.210938 0.747917
3 0.332212 0.474840 0.331250 0.493750 0.353125 0.539583 0.370312 0.525000 0.346875 0.477083 0.381250 0.445833 0.371875 0.422917 0.332813 0.454167 0.310937 0.408333 0.295312 0.418750 0.318750 0.468750 0.282813 0.500000 0.295312 0.525000 0.328125 0.493750
8 0.412500 0.142187 0.421875 0.172917 0.437500 0.143750 0.403125 0.110417 0.387500 0.141667
9 0.455469 0.184375 0.448437 0.158333 0.429688 0.183333 0.464062 0.214583 0.479687 0.181250
4 0.446953 0.208542 0.442188 0.110417 0.468750 0.133333 0.468750 0.162500 0.484375 0.152083 0.496875 0.164583 0.493750 0.177083 0.475000 0.170833 0.448437 0.218750 0.443750 0.258333 0.448437 0.268750 0.457813 0.268750 0.457813 0.281250 0.443750 0.281250 0.431250 0.260417 0.435937 0.229167 0.420312 0.233333 0.409375 0.256250 0.379688 0.231250 0.390625 0.202083 0.442188 0.110417
5 0.066797 0.466146 0.075000 0.441667 0.062500 0.437500 0.057813 0.491667 0.071875 0.493750
6 0.932813 0.504687 0.928125 0.564583 0.942187 0.558333 0.935937 0.445833 0.925000 0.450000
7 0.583750 0.427500 0.915625 0.104167 0.937500 0.952083 0.046875 0.885417 0.104688 0.093750 0.914062 0.102083
