0 0.419688 0.741250 0.429688 0.754167 0.432812 0.743750 0.429688 0.731250 0.425000 0.725000 0.415625 0.722917 0.407813 0.733333 0.407813 0.741667 0.410938 0.747917 0.415625 0.756250 0.421875 0.756250
2 0.618040 0.692614 0.610938 0.662500 0.620313 0.666667 0.631250 0.677083 0.639062 0.691667 0.643750 0.708333 0.637500 0.720833 0.625000 0.720833 0.604688 0.718750 0.595313 0.702083 0.592187 0.683333 0.598437 0.666667
3 0.599479 0.621354 0.600000 0.639583 0.634375 0.679167 0.645312 0.664583 0.614062 0.622917 0.642188 0.579167 0.631250 0.560417 0.598437 0.604167 0.567187 0.564583 0.554688 0.577083 0.585938 0.620833 0.553125 0.662500 0.567187 0.681250
1 0.213086 0.279948 0.203125 0.266667 0.200000 0.277083 0.203125 0.289583 0.215625 0.297917 0.223438 0.291667 0.225000 0.281250 0.221875 0.272917 0.212500 0.262500
5 0.067187 0.466146 0.071875 0.491667 0.060937 0.489583 0.062500 0.439583 0.073438 0.443750
6 0.931641 0.505208 0.928125 0.562500 0.937500 0.558333 0.935937 0.447917 0.925000 0.452083
8 0.612500 0.146354 0.590625 0.162500 0.615625 0.179167 0.634375 0.129167 0.609375 0.114583
9 0.585938 0.215625 0.581250 0.187500 0.607812 0.200000 0.590625 0.245833 0.564063 0.229167
4 0.592187 0.216406 0.560937 0.137500 0.553125 0.152083 0.546875 0.175000 0.548438 0.187500 0.560937 0.197917 0.567187 0.214583 0.560937 0.229167 0.570312 0.241667 0.567187 0.260417 0.570312 0.275000 0.573438 0.285417 0.584375 0.293750 0.595313 0.289583 0.598437 0.279167 0.603125 0.252083 0.617188 0.237500 0.626563 0.239583 0.639062 0.241667 0.650000 0.231250 0.657813 0.202083 0.623437 0.175000 0.635938 0.129167 0.612500 0.112500 0.589063 0.154167
7 0.499609 0.504687 0.103125 0.089583 0.915625 0.102083 0.934375 0.945833 0.045312 0.881250
