0 0.402009 0.896131 0.398438 0.875000 0.410938 0.881250 0.415625 0.900000 0.407813 0.912500 0.400000 0.912500 0.390625 0.906250 0.390625 0.885417
1 0.289062 0.594531 0.285938 0.610417 0.296875 0.610417 0.301563 0.600000 0.298438 0.585417 0.290625 0.581250 0.282813 0.581250 0.278125 0.587500 0.278125 0.600000
2 0.195486 0.253935 0.181250 0.281250 0.193750 0.281250 0.210938 0.272917 0.218750 0.254167 0.217188 0.237500 0.207813 0.229167 0.187500 0.229167 0.171875 0.237500 0.170313 0.262500
5 0.067969 0.465104 0.076563 0.443750 0.062500 0.435417 0.059375 0.487500 0.073438 0.493750
6 0.931250 0.503125 0.925000 0.447917 0.937500 0.443750 0.937500 0.560417 0.925000 0.560417
9 0.814453 0.283333 0.835938 0.266667 0.835938 0.300000 0.793750 0.300000 0.792188 0.266667
8 0.871875 0.285417 0.850000 0.262500 0.850000 0.306250 0.893750 0.304167 0.893750 0.268750
4 0.805859 0.314063 0.823438 0.235417 0.862500 0.231250 0.854688 0.387500 0.821875 0.381250 0.818750 0.343750 0.790625 0.343750 0.778125 0.350000 0.759375 0.337500 0.750000 0.318750 0.776563 0.297917 0.815625 0.304167 0.818750 0.237500
3 0.387760 0.444444 0.375000 0.375000 0.387500 0.375000 0.395313 0.431250 0.434375 0.422917 0.440625 0.450000 0.400000 0.456250 0.400000 0.510417 0.387500 0.510417 0.378125 0.456250 0.340625 0.466667 0.337500 0.443750 0.376563 0.435417
7 0.420625 0.423333 0.103125 0.093750 0.912500 0.100000 0.932813 0.947917 0.048438 0.881250 0.106250 0.093750
