8 0.410938 0.140625 0.435937 0.141667 0.420312 0.170833 0.385937 0.139583 0.401562 0.110417
9 0.455859 0.183333 0.448437 0.154167 0.431250 0.181250 0.462500 0.214583 0.481250 0.183333
4 0.452187 0.204583 0.440625 0.112500 0.379688 0.225000 0.407813 0.254167 0.428125 0.231250 0.440625 0.237500 0.432812 0.260417 0.442188 0.279167 0.451562 0.285417 0.456250 0.272917 0.445312 0.266667 0.440625 0.256250 0.473438 0.189583 0.471875 0.170833 0.481250 0.168750 0.492188 0.170833 0.496875 0.160417 0.482812 0.150000 0.468750 0.152083 0.468750 0.135417 0.442188 0.112500
0 0.300670 0.735119 0.293750 0.752083 0.310937 0.747917 0.314063 0.735417 0.309375 0.722917 0.300000 0.720833 0.289062 0.727083 0.287500 0.739583
1 0.737500 0.617361 0.743750 0.631250 0.731250 0.633333 0.725000 0.620833 0.729688 0.602083 0.745313 0.600000 0.750000 0.616667
3 0.491276 0.671181 0.493750 0.687500 0.539062 0.716667 0.543750 0.691667 0.504687 0.664583 0.521875 0.610417 0.501563 0.600000 0.489063 0.650000 0.448437 0.629167 0.437500 0.654167 0.476562 0.675000 0.459375 0.733333 0.479687 0.741667
2 0.422070 0.896354 0.446875 0.900000 0.448437 0.883333 0.437500 0.872917 0.414062 0.872917 0.398438 0.889583 0.395313 0.906250 0.407813 0.920833 0.428125 0.925000
5 0.066797 0.465625 0.075000 0.443750 0.064062 0.435417 0.056250 0.489583 0.071875 0.493750
6 0.931250 0.505208 0.926562 0.562500 0.940625 0.562500 0.935937 0.445833 0.921875 0.450000
7 0.421250 0.424583 0.104688 0.091667 0.048438 0.881250 0.935937 0.950000 0.912500 0.106250 0.104688 0.093750
