0 0.814648 0.248958 0.800000 0.241667 0.803125 0.260417 0.809375 0.264583 0.821875 0.266667 0.828125 0.252083 0.826562 0.239583 0.818750 0.233333 0.809375 0.233333
1 0.864453 0.125260 0.854688 0.116667 0.851562 0.127083 0.854688 0.137500 0.865625 0.141667 0.875000 0.137500 0.876563 0.122917 0.873437 0.110417 0.864062 0.108333
2 0.615625 0.696780 0.615625 0.666667 0.626563 0.672917 0.637500 0.693750 0.642188 0.716667 0.632812 0.725000 0.626563 0.725000 0.604688 0.720833 0.596875 0.710417 0.587500 0.693750 0.593750 0.675000 0.607812 0.664583
3 0.598307 0.620833 0.598437 0.639583 0.632812 0.681250 0.643750 0.662500 0.612500 0.620833 0.640625 0.577083 0.629687 0.562500 0.598437 0.604167 0.565625 0.562500 0.551562 0.579167 0.584375 0.618750 0.554688 0.662500 0.567187 0.679167
5 0.067187 0.466146 0.071875 0.491667 0.059375 0.491667 0.062500 0.437500 0.075000 0.443750
6 0.932422 0.504687 0.928125 0.560417 0.939063 0.560417 0.935937 0.445833 0.926562 0.452083
8 0.675000 0.288542 0.656250 0.310417 0.682813 0.318750 0.693750 0.266667 0.667188 0.258333
9 0.660547 0.364063 0.651563 0.333333 0.678125 0.343750 0.671875 0.393750 0.640625 0.385417
4 0.658160 0.351042 0.612500 0.283333 0.603125 0.331250 0.620313 0.337500 0.628125 0.356250 0.634375 0.377083 0.637500 0.393750 0.639062 0.410417 0.648438 0.422917 0.657813 0.427083 0.670312 0.420833 0.675000 0.402083 0.685937 0.356250 0.706250 0.360417 0.720313 0.320833 0.689063 0.306250 0.696875 0.262500 0.665625 0.254167 0.656250 0.295833
7 0.500391 0.505729 0.106250 0.093750 0.912500 0.104167 0.934375 0.947917 0.048438 0.877083
