9 0.584766 0.216667 0.606250 0.202083 0.579688 0.185417 0.562500 0.231250 0.590625 0.247917
8 0.611719 0.149479 0.590625 0.168750 0.615625 0.181250 0.632812 0.131250 0.607812 0.116667
4 0.590848 0.235565 0.560937 0.137500 0.659375 0.197917 0.639062 0.245833 0.614062 0.237500 0.607812 0.256250 0.600000 0.256250 0.601562 0.283333 0.585938 0.297917 0.573438 0.295833 0.575000 0.281250 0.567187 0.262500 0.579688 0.222917 0.545312 0.187500 0.562500 0.135417
3 0.392057 0.311632 0.401562 0.329167 0.443750 0.327083 0.445312 0.304167 0.400000 0.295833 0.400000 0.243750 0.385937 0.245833 0.384375 0.300000 0.339062 0.295833 0.342187 0.322917 0.381250 0.322917 0.381250 0.377083 0.400000 0.375000
0 0.242188 0.850521 0.245312 0.866667 0.253125 0.856250 0.256250 0.841667 0.246875 0.831250 0.237500 0.835417 0.231250 0.845833 0.231250 0.860417 0.235937 0.866667
1 0.830990 0.770139 0.829688 0.789583 0.843750 0.783333 0.845313 0.762500 0.831250 0.752083 0.817187 0.760417 0.818750 0.772917
2 0.115625 0.841042 0.129688 0.868750 0.140625 0.858333 0.142187 0.839583 0.131250 0.818750 0.117188 0.806250 0.100000 0.814583 0.089063 0.827083 0.089063 0.847917 0.100000 0.860417 0.117188 0.868750
5 0.067578 0.466667 0.076563 0.443750 0.064062 0.437500 0.057813 0.491667 0.071875 0.493750
6 0.933984 0.506250 0.931250 0.566667 0.943750 0.560417 0.934375 0.447917 0.926562 0.450000
7 0.420937 0.427083 0.100000 0.091667 0.915625 0.106250 0.935937 0.954167 0.050000 0.885417 0.103125 0.097917
