0 0.073011 0.560417 0.062500 0.552083 0.060937 0.558333 0.059375 0.568750 0.065625 0.575000 0.073438 0.577083 0.081250 0.572917 0.087500 0.566667 0.087500 0.556250 0.082812 0.547917 0.075000 0.543750 0.067187 0.545833
1 0.585313 0.097917 0.576562 0.089583 0.573438 0.095833 0.575000 0.106250 0.579688 0.112500 0.589063 0.118750 0.595313 0.108333 0.598437 0.097917 0.595313 0.087500 0.589063 0.081250 0.581250 0.081250
2 0.243630 0.660096 0.220312 0.662500 0.225000 0.650000 0.234375 0.639583 0.243750 0.631250 0.256250 0.631250 0.265625 0.637500 0.270313 0.652083 0.267188 0.666667 0.260937 0.675000 0.248438 0.685417 0.234375 0.689583 0.221875 0.685417 0.218750 0.675000
3 0.229625 0.686833 0.171875 0.700000 0.173437 0.725000 0.215625 0.718750 0.221875 0.779167 0.245312 0.768750 0.239063 0.710417 0.281250 0.700000 0.278125 0.675000 0.265625 0.679167 0.257812 0.683333 0.251563 0.689583 0.245312 0.691667 0.239063 0.691667 0.229687 0.691667 0.223438 0.691667 0.220312 0.687500 0.217188 0.681250 0.215625 0.670833 0.218750 0.664583 0.220312 0.650000 0.228125 0.641667 0.231250 0.633333 0.229687 0.627083 0.207813 0.629167 0.212500 0.689583
5 0.064844 0.468229 0.068750 0.493750 0.057813 0.493750 0.059375 0.441667 0.073438 0.443750
6 0.929297 0.497917 0.925000 0.552083 0.935937 0.554167 0.932813 0.441667 0.923438 0.443750
8 0.817969 0.301563 0.792188 0.306250 0.812500 0.335417 0.845313 0.295833 0.821875 0.268750
9 0.772656 0.357292 0.776563 0.325000 0.796875 0.352083 0.770312 0.389583 0.746875 0.362500
4 0.781375 0.363417 0.740625 0.304167 0.760938 0.327083 0.754687 0.339583 0.748437 0.350000 0.743750 0.358333 0.743750 0.372917 0.737500 0.383333 0.735938 0.400000 0.737500 0.416667 0.742188 0.425000 0.753125 0.427083 0.768750 0.420833 0.775000 0.406250 0.781250 0.397917 0.800000 0.377083 0.809375 0.391667 0.817187 0.402083 0.832812 0.393750 0.848437 0.375000 0.851562 0.366667 0.821875 0.331250 0.846875 0.293750 0.821875 0.262500 0.792188 0.295833 0.768750 0.266667
7 0.497656 0.503125 0.101562 0.093750 0.915625 0.100000 0.929688 0.937500 0.043750 0.881250
