0 0.200670 0.876786 0.204687 0.860417 0.214062 0.872917 0.210938 0.887500 0.201563 0.893750 0.190625 0.889583 0.187500 0.872917 0.195312 0.860417
1 0.166406 0.640972 0.178125 0.633333 0.173437 0.658333 0.160938 0.658333 0.154688 0.643750 0.159375 0.627083 0.171875 0.625000
2 0.709722 0.396528 0.729688 0.418750 0.721875 0.429167 0.709375 0.427083 0.700000 0.416667 0.685937 0.389583 0.690625 0.372917 0.701562 0.360417 0.720313 0.366667 0.728125 0.387500
3 0.556641 0.558507 0.556250 0.575000 0.587500 0.616667 0.601562 0.600000 0.570312 0.560417 0.601562 0.516667 0.589063 0.504167 0.556250 0.541667 0.525000 0.502083 0.514062 0.516667 0.542188 0.556250 0.512500 0.597917 0.523438 0.614583
8 0.873828 0.284896 0.850000 0.268750 0.850000 0.306250 0.898438 0.302083 0.896875 0.262500
9 0.812891 0.281771 0.834375 0.264583 0.834375 0.302083 0.792188 0.300000 0.790625 0.260417
4 0.801683 0.317628 0.812500 0.295833 0.773438 0.293750 0.762500 0.310417 0.754687 0.318750 0.757812 0.339583 0.773438 0.345833 0.795312 0.341667 0.815625 0.343750 0.821875 0.387500 0.859375 0.383333 0.860938 0.237500 0.821875 0.235417 0.812500 0.295833
5 0.067187 0.466146 0.076563 0.441667 0.060937 0.437500 0.059375 0.491667 0.071875 0.493750
6 0.932422 0.504167 0.923438 0.452083 0.939063 0.443750 0.942187 0.560417 0.925000 0.560417
7 0.421250 0.425417 0.104688 0.095833 0.048438 0.879167 0.937500 0.950000 0.910937 0.108333 0.104688 0.093750
