0 0.382812 0.201042 0.382812 0.218750 0.393750 0.206250 0.393750 0.189583 0.381250 0.183333 0.371875 0.195833 0.373437 0.212500
1 0.443304 0.200595 0.437500 0.212500 0.446875 0.218750 0.453125 0.206250 0.453125 0.195833 0.446875 0.185417 0.435937 0.185417 0.429688 0.200000
2 0.428125 0.232176 0.406250 0.220833 0.404687 0.239583 0.418750 0.256250 0.437500 0.262500 0.450000 0.247917 0.451562 0.227083 0.439063 0.214583 0.429688 0.210417 0.415625 0.210417
3 0.392428 0.312179 0.401562 0.327083 0.443750 0.325000 0.443750 0.300000 0.400000 0.293750 0.401562 0.243750 0.384375 0.239583 0.381250 0.293750 0.340625 0.293750 0.342187 0.322917 0.381250 0.325000 0.381250 0.381250 0.398438 0.379167 0.401562 0.333333
8 0.612500 0.148438 0.592187 0.166667 0.617188 0.181250 0.632812 0.129167 0.607812 0.116667
9 0.584375 0.217188 0.606250 0.200000 0.579688 0.185417 0.562500 0.233333 0.589063 0.250000
4 0.591295 0.245238 0.573438 0.293750 0.590625 0.295833 0.603125 0.283333 0.600000 0.250000 0.609375 0.256250 0.617188 0.235417 0.635938 0.247917 0.654687 0.197917 0.560937 0.139583 0.542188 0.185417 0.578125 0.212500 0.565625 0.260417 0.573438 0.281250 0.573438 0.293750
5 0.067187 0.466146 0.076563 0.441667 0.060937 0.435417 0.059375 0.491667 0.071875 0.495833
6 0.934766 0.507292 0.928125 0.454167 0.939063 0.450000 0.942187 0.562500 0.929688 0.562500
7 0.421563 0.427083 0.103125 0.095833 0.914062 0.104167 0.937500 0.947917 0.048438 0.885417 0.104688 0.102083
