0 0.302083 0.864236 0.315625 0.858333 0.312500 0.868750 0.301563 0.883333 0.290625 0.872917 0.290625 0.856250 0.301563 0.845833
2 0.420833 0.895602 0.445312 0.910417 0.446875 0.885417 0.435937 0.870833 0.421875 0.866667 0.406250 0.877083 0.396875 0.891667 0.395313 0.914583 0.409375 0.918750 0.429688 0.925000
1 0.385937 0.158929 0.392188 0.145833 0.396875 0.160417 0.393750 0.170833 0.385937 0.175000 0.375000 0.166667 0.375000 0.152083 0.382812 0.141667
8 0.410938 0.140625 0.387500 0.139583 0.420312 0.172917 0.434375 0.141667 0.401562 0.108333
9 0.455859 0.184375 0.448437 0.156250 0.431250 0.183333 0.464062 0.214583 0.479687 0.183333
4 0.452912 0.204640 0.440625 0.114583 0.379688 0.229167 0.409375 0.258333 0.426563 0.227083 0.437500 0.233333 0.431250 0.258333 0.440625 0.277083 0.453125 0.285417 0.456250 0.272917 0.445312 0.268750 0.442188 0.258333 0.456250 0.218750 0.468750 0.191667 0.468750 0.177083 0.475000 0.170833 0.484375 0.168750 0.493750 0.172917 0.495312 0.160417 0.482812 0.152083 0.468750 0.154167 0.467187 0.139583 0.440625 0.112500
3 0.334255 0.698077 0.331250 0.716667 0.359375 0.758333 0.376563 0.741667 0.350000 0.697917 0.381250 0.658333 0.370312 0.639583 0.335938 0.677083 0.310937 0.631250 0.295312 0.650000 0.320312 0.695833 0.284375 0.735417 0.298438 0.756250 0.331250 0.716667
5 0.066406 0.465104 0.075000 0.441667 0.062500 0.437500 0.057813 0.487500 0.070312 0.493750
6 0.933594 0.505208 0.925000 0.452083 0.939063 0.447917 0.942187 0.556250 0.928125 0.564583
7 0.420937 0.426250 0.103125 0.091667 0.045312 0.885417 0.935937 0.954167 0.915625 0.106250 0.104688 0.093750
