1 0.098295 0.162311 0.089063 0.154167 0.087500 0.160417 0.087500 0.166667 0.090625 0.170833 0.096875 0.172917 0.104688 0.177083 0.110937 0.170833 0.110937 0.160417 0.107813 0.152083 0.101562 0.150000 0.093750 0.150000
2 0.099507 0.206908 0.085938 0.179167 0.089063 0.175000 0.098437 0.172917 0.106250 0.177083 0.109375 0.183333 0.115625 0.193750 0.118750 0.204167 0.120313 0.214583 0.120313 0.222917 0.115625 0.231250 0.110937 0.235417 0.104688 0.235417 0.096875 0.233333 0.089063 0.231250 0.085938 0.227083 0.082812 0.220833 0.081250 0.210417 0.079687 0.197917 0.079687 0.185417
0 0.801875 0.895625 0.790625 0.883333 0.787500 0.893750 0.789062 0.908333 0.798438 0.914583 0.807813 0.916667 0.814063 0.906250 0.815625 0.895833 0.812500 0.885417 0.806250 0.877083 0.796875 0.875000
3 0.281510 0.535069 0.295312 0.525000 0.300000 0.468750 0.279687 0.464583 0.271875 0.518750 0.232813 0.512500 0.226562 0.533333 0.268750 0.545833 0.262500 0.602083 0.282813 0.606250 0.290625 0.552083 0.332813 0.556250 0.334375 0.535417
5 0.065234 0.469271 0.070312 0.495833 0.057813 0.493750 0.059375 0.441667 0.073438 0.445833
6 0.928906 0.497396 0.925000 0.552083 0.935937 0.554167 0.932813 0.439583 0.921875 0.443750
8 0.818750 0.301563 0.792188 0.306250 0.815625 0.333333 0.843750 0.295833 0.823438 0.270833
9 0.772656 0.357812 0.746875 0.362500 0.770312 0.391667 0.796875 0.352083 0.776563 0.325000
4 0.776953 0.359375 0.737500 0.302083 0.743750 0.312500 0.756250 0.325000 0.754687 0.335417 0.750000 0.350000 0.745313 0.356250 0.743750 0.370833 0.737500 0.385417 0.737500 0.400000 0.739062 0.420833 0.746875 0.427083 0.760938 0.427083 0.771875 0.414583 0.779687 0.397917 0.796875 0.389583 0.806250 0.379167 0.812500 0.397917 0.823438 0.406250 0.850000 0.370833 0.821875 0.331250 0.848437 0.293750 0.823438 0.264583 0.790625 0.300000 0.768750 0.266667
7 0.498047 0.505729 0.101562 0.093750 0.912500 0.104167 0.932813 0.943750 0.045312 0.881250
