8 0.525391 0.489583 0.504687 0.470833 0.506250 0.510417 0.545312 0.508333 0.545312 0.468750
9 0.468359 0.493750 0.487500 0.512500 0.448437 0.514583 0.448437 0.475000 0.489063 0.472917
4 0.498351 0.502894 0.443750 0.514583 0.456250 0.543750 0.487500 0.533333 0.489063 0.556250 0.504687 0.554167 0.504687 0.575000 0.543750 0.575000 0.542188 0.543750 0.529687 0.541667 0.526563 0.456250 0.539062 0.456250 0.537500 0.425000 0.501563 0.422917 0.501563 0.435417 0.484375 0.437500 0.484375 0.483333 0.450000 0.485417 0.443750 0.512500
0 0.084152 0.621429 0.085938 0.635417 0.098437 0.627083 0.095312 0.616667 0.085938 0.604167 0.075000 0.608333 0.071875 0.625000 0.076563 0.633333
1 0.166797 0.660937 0.160938 0.677083 0.173437 0.677083 0.181250 0.660417 0.178125 0.652083 0.168750 0.643750 0.160938 0.647917 0.154688 0.658333 0.156250 0.670833
2 0.263636 0.669129 0.239063 0.658333 0.237500 0.677083 0.245312 0.695833 0.264062 0.697917 0.282813 0.691667 0.290625 0.681250 0.290625 0.666667 0.281250 0.656250 0.267188 0.645833 0.256250 0.641667 0.245312 0.647917
3 0.332813 0.474679 0.331250 0.491667 0.353125 0.539583 0.370312 0.525000 0.346875 0.472917 0.382812 0.450000 0.370312 0.422917 0.334375 0.454167 0.312500 0.410417 0.295312 0.420833 0.318750 0.466667 0.282813 0.497917 0.296875 0.522917 0.331250 0.495833
5 0.067578 0.467708 0.075000 0.443750 0.062500 0.437500 0.059375 0.493750 0.073438 0.495833
6 0.933984 0.505208 0.931250 0.562500 0.942187 0.560417 0.937500 0.447917 0.925000 0.450000
7 0.423438 0.423333 0.106250 0.087500 0.915625 0.102083 0.937500 0.954167 0.050000 0.883333 0.107813 0.089583
