9 0.812891 0.283333 0.834375 0.264583 0.834375 0.302083 0.790625 0.302083 0.792188 0.264583
8 0.873047 0.283854 0.851562 0.264583 0.851562 0.304167 0.895312 0.304167 0.893750 0.262500
4 0.803125 0.313782 0.823438 0.237500 0.860938 0.235417 0.860938 0.383333 0.818750 0.385417 0.817187 0.343750 0.792188 0.343750 0.773438 0.347917 0.760938 0.339583 0.754687 0.320833 0.765625 0.310417 0.775000 0.293750 0.815625 0.302083 0.821875 0.235417
6 0.930859 0.497917 0.923438 0.441667 0.935937 0.441667 0.939063 0.556250 0.925000 0.552083
5 0.066406 0.468750 0.073438 0.445833 0.064062 0.441667 0.056250 0.491667 0.071875 0.495833
0 0.252232 0.125298 0.253125 0.108333 0.259375 0.116667 0.262500 0.133333 0.257812 0.141667 0.246875 0.141667 0.242188 0.125000 0.243750 0.110417
2 0.140039 0.153906 0.132812 0.179167 0.150000 0.185417 0.157812 0.168750 0.157812 0.152083 0.145313 0.122917 0.129688 0.118750 0.121875 0.139583 0.125000 0.164583
1 0.099805 0.725000 0.089063 0.735417 0.098437 0.743750 0.109375 0.737500 0.112500 0.725000 0.109375 0.714583 0.101562 0.708333 0.092188 0.710417 0.085938 0.725000
3 0.387240 0.444097 0.378125 0.452083 0.384375 0.516667 0.400000 0.514583 0.396875 0.456250 0.440625 0.450000 0.437500 0.422917 0.395313 0.429167 0.390625 0.372917 0.373437 0.375000 0.378125 0.433333 0.334375 0.441667 0.337500 0.464583
7 0.419063 0.425833 0.101562 0.100000 0.914062 0.100000 0.932813 0.943750 0.042188 0.887500 0.104688 0.097917
