0 0.707031 0.921094 0.695312 0.910417 0.693750 0.922917 0.698438 0.933333 0.707812 0.937500 0.717187 0.933333 0.720313 0.920833 0.717187 0.908333 0.706250 0.902083
1 0.836875 0.200208 0.828125 0.216667 0.825000 0.210417 0.825000 0.197917 0.831250 0.187500 0.839063 0.185417 0.846875 0.189583 0.850000 0.197917 0.843750 0.200000 0.840625 0.204167 0.839063 0.212500
2 0.140960 0.171577 0.125000 0.160417 0.120313 0.168750 0.117188 0.181250 0.121875 0.195833 0.132812 0.204167 0.145313 0.206250 0.154688 0.193750 0.162500 0.181250 0.162500 0.168750 0.160938 0.154167 0.154688 0.145833 0.146875 0.143750 0.137500 0.145833 0.131250 0.152083
3 0.280859 0.534028 0.295312 0.522917 0.300000 0.468750 0.279687 0.462500 0.270313 0.518750 0.231250 0.510417 0.223438 0.535417 0.267188 0.543750 0.259375 0.600000 0.284375 0.606250 0.290625 0.550000 0.332813 0.556250 0.335938 0.533333
5 0.064844 0.467708 0.068750 0.493750 0.057813 0.493750 0.060937 0.439583 0.071875 0.443750
6 0.929297 0.497917 0.925000 0.552083 0.935937 0.554167 0.932813 0.441667 0.923438 0.443750
8 0.874219 0.283854 0.851562 0.302083 0.851562 0.266667 0.896875 0.264583 0.896875 0.302083
9 0.812891 0.280729 0.832812 0.300000 0.832812 0.264583 0.793750 0.260417 0.792188 0.297917
4 0.826187 0.305250 0.756250 0.320833 0.759375 0.339583 0.775000 0.350000 0.793750 0.345833 0.814063 0.347917 0.820312 0.362500 0.821875 0.383333 0.842187 0.387500 0.859375 0.383333 0.862500 0.360417 0.856250 0.343750 0.862500 0.308333 0.903125 0.306250 0.903125 0.262500 0.862500 0.260417 0.864062 0.239583 0.854688 0.233333 0.842187 0.233333 0.825000 0.235417 0.821875 0.243750 0.820312 0.254167 0.790625 0.254167 0.789062 0.289583 0.779687 0.291667 0.775000 0.293750
7 0.496875 0.504167 0.100000 0.093750 0.912500 0.100000 0.931250 0.939583 0.043750 0.883333
