0 0.245312 0.236574 0.243750 0.250000 0.253125 0.250000 0.256250 0.241667 0.256250 0.229167 0.250000 0.218750 0.242188 0.218750 0.234375 0.229167 0.234375 0.241667 0.237500 0.250000
2 0.184062 0.552292 0.196875 0.585417 0.206250 0.568750 0.203125 0.535417 0.193750 0.516667 0.178125 0.516667 0.165625 0.522917 0.160938 0.547917 0.168750 0.566667 0.179688 0.581250 0.187500 0.581250
1 0.268164 0.307292 0.271875 0.322917 0.278125 0.316667 0.278125 0.306250 0.275000 0.293750 0.267188 0.287500 0.256250 0.300000 0.256250 0.312500 0.262500 0.318750
3 0.485337 0.569071 0.489063 0.585417 0.528125 0.612500 0.537500 0.593750 0.496875 0.562500 0.518750 0.510417 0.503125 0.500000 0.481250 0.550000 0.443750 0.522917 0.434375 0.543750 0.471875 0.572917 0.450000 0.618750 0.465625 0.637500 0.489063 0.587500
8 0.609766 0.147396 0.589063 0.166667 0.612500 0.181250 0.631250 0.125000 0.606250 0.116667
9 0.585156 0.215625 0.581250 0.185417 0.606250 0.200000 0.590625 0.247917 0.562500 0.229167
4 0.588958 0.238056 0.568750 0.237500 0.564063 0.260417 0.573438 0.281250 0.573438 0.293750 0.587500 0.293750 0.600000 0.279167 0.600000 0.243750 0.610938 0.254167 0.617188 0.225000 0.642188 0.243750 0.657813 0.200000 0.559375 0.137500 0.542188 0.181250 0.568750 0.204167 0.568750 0.235417
5 0.065625 0.464583 0.073438 0.441667 0.059375 0.435417 0.057813 0.487500 0.071875 0.493750
6 0.933203 0.501563 0.921875 0.450000 0.939063 0.443750 0.943750 0.556250 0.928125 0.556250
7 0.422500 0.422083 0.103125 0.091667 0.050000 0.875000 0.937500 0.947917 0.917188 0.104167 0.104688 0.091667
