1 0.545759 0.136310 0.551562 0.150000 0.543750 0.152083 0.535937 0.145833 0.535937 0.129167 0.543750 0.120833 0.551562 0.120833 0.557813 0.135417
0 0.641295 0.175893 0.634375 0.189583 0.646875 0.191667 0.653125 0.181250 0.651563 0.166667 0.640625 0.158333 0.632812 0.164583 0.629687 0.179167
8 0.411328 0.140625 0.435937 0.141667 0.420312 0.170833 0.385937 0.139583 0.403125 0.110417
9 0.457813 0.183333 0.450000 0.156250 0.434375 0.185417 0.465625 0.212500 0.481250 0.179167
4 0.449724 0.210172 0.439063 0.116667 0.381250 0.229167 0.409375 0.258333 0.423438 0.235417 0.440625 0.239583 0.431250 0.258333 0.442188 0.279167 0.457813 0.283333 0.460938 0.268750 0.442188 0.258333 0.460938 0.218750 0.476562 0.168750 0.495312 0.177083 0.500000 0.164583 0.467187 0.156250 0.473438 0.141667 0.443750 0.118750
3 0.821875 0.202546 0.807813 0.231250 0.826562 0.231250 0.842187 0.216667 0.845313 0.187500 0.839063 0.172917 0.820312 0.170833 0.809375 0.183333 0.801562 0.204167 0.804688 0.225000
3 0.332161 0.472917 0.331250 0.454167 0.368750 0.422917 0.381250 0.445833 0.346875 0.477083 0.370312 0.525000 0.354687 0.541667 0.326562 0.491667 0.296875 0.525000 0.281250 0.497917 0.317188 0.466667 0.296875 0.422917 0.314063 0.404167
5 0.066406 0.468750 0.076563 0.445833 0.059375 0.439583 0.057813 0.491667 0.071875 0.497917
6 0.933203 0.505208 0.925000 0.454167 0.939063 0.445833 0.942187 0.560417 0.926562 0.560417
7 0.422187 0.429583 0.103125 0.095833 0.917188 0.108333 0.935937 0.952083 0.050000 0.891667 0.104688 0.100000
