9 0.813672 0.282292 0.835938 0.264583 0.834375 0.302083 0.792188 0.302083 0.792188 0.260417
8 0.873828 0.283333 0.851562 0.264583 0.851562 0.300000 0.896875 0.302083 0.895312 0.266667
4 0.805729 0.313194 0.818750 0.237500 0.860938 0.235417 0.857812 0.381250 0.817187 0.379167 0.815625 0.347917 0.792188 0.343750 0.776563 0.347917 0.759375 0.337500 0.756250 0.314583 0.775000 0.295833 0.818750 0.300000 0.820312 0.237500
1 0.144531 0.692361 0.146875 0.675000 0.156250 0.687500 0.154688 0.706250 0.143750 0.710417 0.129688 0.695833 0.135937 0.679167
3 0.109375 0.632372 0.121875 0.637500 0.164062 0.618750 0.154688 0.593750 0.117188 0.612500 0.103125 0.560417 0.081250 0.570833 0.096875 0.627083 0.057813 0.641667 0.064062 0.670833 0.098437 0.654167 0.110937 0.702083 0.131250 0.689583 0.120313 0.641667
2 0.076563 0.792593 0.096875 0.775000 0.101562 0.791667 0.096875 0.812500 0.068750 0.825000 0.054688 0.818750 0.048438 0.800000 0.059375 0.779167 0.075000 0.766667 0.087500 0.764583
0 0.060677 0.871528 0.067187 0.858333 0.073438 0.868750 0.070312 0.883333 0.054688 0.889583 0.045312 0.872917 0.053125 0.856250
5 0.067578 0.466146 0.070312 0.491667 0.060937 0.489583 0.062500 0.439583 0.076563 0.443750
6 0.932813 0.506771 0.925000 0.454167 0.935937 0.452083 0.940625 0.558333 0.929688 0.562500
7 0.421250 0.428750 0.104688 0.095833 0.915625 0.110417 0.935937 0.954167 0.046875 0.885417 0.103125 0.097917
