0 0.160491 0.530952 0.153125 0.545833 0.168750 0.545833 0.175000 0.533333 0.170313 0.518750 0.159375 0.514583 0.150000 0.522917 0.146875 0.535417
1 0.443750 0.618452 0.443750 0.633333 0.453125 0.629167 0.456250 0.610417 0.446875 0.602083 0.435937 0.606250 0.434375 0.618750 0.435937 0.629167
2 0.192898 0.553598 0.179688 0.583333 0.192188 0.587500 0.207813 0.577083 0.218750 0.556250 0.217188 0.535417 0.206250 0.525000 0.192188 0.522917 0.182812 0.531250 0.176563 0.543750 0.175000 0.556250 0.173437 0.570833
3 0.484976 0.570192 0.473438 0.575000 0.453125 0.622917 0.464062 0.637500 0.489063 0.585417 0.528125 0.616667 0.537500 0.597917 0.498437 0.566667 0.520312 0.514583 0.504687 0.504167 0.484375 0.552083 0.443750 0.522917 0.435937 0.543750 0.471875 0.572917
8 0.610938 0.146875 0.587500 0.164583 0.615625 0.179167 0.634375 0.129167 0.606250 0.114583
9 0.586328 0.215104 0.607812 0.197917 0.582812 0.183333 0.564063 0.231250 0.590625 0.247917
4 0.592917 0.234722 0.543750 0.183333 0.570312 0.204167 0.570312 0.239583 0.565625 0.262500 0.575000 0.283333 0.573438 0.291667 0.589063 0.293750 0.600000 0.279167 0.601562 0.250000 0.614062 0.258333 0.614062 0.225000 0.639062 0.241667 0.656250 0.200000 0.620313 0.170833 0.560937 0.137500
5 0.066797 0.465625 0.076563 0.441667 0.062500 0.435417 0.057813 0.491667 0.070312 0.493750
6 0.933203 0.503125 0.925000 0.447917 0.939063 0.443750 0.940625 0.560417 0.928125 0.560417
7 0.423125 0.427500 0.104688 0.093750 0.915625 0.106250 0.939063 0.950000 0.051562 0.887500 0.104688 0.100000
