0 0.117614 0.141856 0.115625 0.154167 0.118750 0.150000 0.123438 0.147917 0.128125 0.143750 0.129688 0.135417 0.125000 0.131250 0.118750 0.129167 0.110937 0.129167 0.107813 0.139583 0.106250 0.145833 0.109375 0.154167
2 0.132721 0.169730 0.110937 0.160417 0.117188 0.154167 0.123438 0.150000 0.131250 0.143750 0.140625 0.143750 0.146875 0.145833 0.154688 0.152083 0.157812 0.162500 0.159375 0.177083 0.154688 0.187500 0.145313 0.191667 0.135937 0.195833 0.128125 0.193750 0.118750 0.191667 0.114062 0.185417 0.109375 0.179167 0.107813 0.170833
1 0.204972 0.884470 0.195312 0.875000 0.193750 0.881250 0.193750 0.891667 0.196875 0.900000 0.204687 0.904167 0.214062 0.900000 0.217188 0.889583 0.218750 0.879167 0.214062 0.868750 0.206250 0.868750 0.200000 0.870833
3 0.261198 0.708160 0.250000 0.783333 0.267188 0.731250 0.309375 0.750000 0.315625 0.718750 0.278125 0.700000 0.290625 0.643750 0.273438 0.633333 0.254688 0.687500 0.215625 0.668750 0.206250 0.693750 0.246875 0.714583 0.226562 0.772917
5 0.067187 0.467187 0.071875 0.493750 0.059375 0.491667 0.062500 0.439583 0.075000 0.443750
6 0.932422 0.505208 0.928125 0.560417 0.939063 0.560417 0.935937 0.447917 0.926562 0.452083
9 0.222266 0.321354 0.212500 0.291667 0.240625 0.302083 0.231250 0.350000 0.204687 0.341667
8 0.235547 0.248958 0.218750 0.268750 0.245312 0.279167 0.251563 0.227083 0.226562 0.220833
4 0.249707 0.311654 0.207813 0.245833 0.203125 0.256250 0.196875 0.270833 0.196875 0.283333 0.196875 0.297917 0.206250 0.306250 0.203125 0.325000 0.201563 0.339583 0.203125 0.350000 0.218750 0.350000 0.225000 0.354167 0.225000 0.362500 0.231250 0.381250 0.239063 0.383333 0.270313 0.389583 0.281250 0.385417 0.285938 0.372917 0.284375 0.352083 0.279687 0.329167 0.282813 0.314583 0.290625 0.325000 0.303125 0.325000 0.309375 0.316667 0.312500 0.293750 0.309375 0.277083 0.298438 0.275000 0.289062 0.275000 0.284375 0.285417 0.253125 0.266667 0.254688 0.222917 0.226562 0.214583 0.220312 0.245833
7 0.499609 0.507812 0.104688 0.093750 0.912500 0.108333 0.934375 0.947917 0.046875 0.881250
