8 0.610938 0.148438 0.589063 0.166667 0.614062 0.181250 0.634375 0.131250 0.606250 0.114583
9 0.585156 0.216667 0.607812 0.202083 0.579688 0.185417 0.564063 0.231250 0.589063 0.247917
4 0.591183 0.240476 0.559375 0.137500 0.657813 0.200000 0.640625 0.245833 0.617188 0.237500 0.612500 0.256250 0.600000 0.258333 0.600000 0.281250 0.589063 0.293750 0.575000 0.293750 0.571875 0.277083 0.564063 0.258333 0.571875 0.237500 0.571875 0.204167 0.545312 0.185417
1 0.372812 0.100833 0.373437 0.116667 0.385937 0.102083 0.375000 0.087500 0.365625 0.093750 0.364063 0.104167
3 0.373958 0.137326 0.343750 0.081250 0.373437 0.118750 0.403125 0.081250 0.418750 0.104167 0.389062 0.139583 0.415625 0.181250 0.403125 0.195833 0.373437 0.158333 0.345313 0.193750 0.329688 0.166667 0.359375 0.131250 0.332813 0.095833
0 0.179464 0.609524 0.184375 0.625000 0.192188 0.610417 0.190625 0.597917 0.179688 0.591667 0.170313 0.600000 0.165625 0.616667 0.173437 0.625000
2 0.304531 0.299375 0.303125 0.329167 0.315625 0.322917 0.325000 0.306250 0.325000 0.283333 0.317188 0.270833 0.303125 0.268750 0.292187 0.279167 0.284375 0.295833 0.285938 0.312500 0.293750 0.325000
5 0.067578 0.468229 0.078125 0.443750 0.060937 0.439583 0.059375 0.493750 0.071875 0.495833
6 0.934766 0.506250 0.931250 0.564583 0.943750 0.562500 0.939063 0.445833 0.925000 0.452083
7 0.452232 0.330655 0.362500 0.091667 0.101562 0.093750 0.048438 0.883333 0.935937 0.954167 0.915625 0.106250 0.418750 0.091667 0.382812 0.093750
