0 0.919531 0.926042 0.931250 0.925000 0.928125 0.943750 0.915625 0.943750 0.904687 0.927083 0.912500 0.906250 0.925000 0.910417
1 0.846615 0.931250 0.851562 0.914583 0.859375 0.927083 0.856250 0.943750 0.843750 0.945833 0.834375 0.937500 0.834375 0.918750
2 0.771181 0.499306 0.745313 0.483333 0.742188 0.500000 0.750000 0.514583 0.771875 0.525000 0.785937 0.527083 0.800000 0.510417 0.801562 0.485417 0.785937 0.475000 0.757812 0.472917
3 0.528776 0.581597 0.540625 0.510417 0.539062 0.568750 0.578125 0.572917 0.578125 0.595833 0.535937 0.593750 0.537500 0.652083 0.515625 0.650000 0.518750 0.595833 0.478125 0.593750 0.479687 0.564583 0.521875 0.568750 0.521875 0.512500
9 0.812500 0.281771 0.834375 0.262500 0.834375 0.300000 0.790625 0.302083 0.790625 0.262500
8 0.873047 0.284896 0.850000 0.266667 0.850000 0.308333 0.895312 0.300000 0.896875 0.264583
4 0.802404 0.314904 0.820312 0.239583 0.854688 0.237500 0.857812 0.381250 0.820312 0.387500 0.820312 0.341667 0.795312 0.343750 0.775000 0.347917 0.759375 0.341667 0.753125 0.322917 0.762500 0.314583 0.776563 0.293750 0.815625 0.302083 0.820312 0.239583
5 0.067187 0.465625 0.075000 0.439583 0.065625 0.437500 0.059375 0.491667 0.068750 0.493750
6 0.932813 0.501563 0.925000 0.450000 0.939063 0.443750 0.940625 0.556250 0.926562 0.556250
7 0.420625 0.426250 0.103125 0.095833 0.917188 0.104167 0.932813 0.947917 0.045312 0.885417 0.104688 0.097917
