0 0.219866 0.305357 0.226562 0.289583 0.234375 0.304167 0.229687 0.320833 0.217188 0.325000 0.206250 0.312500 0.207813 0.295833 0.217188 0.289583
2 0.241016 0.252604 0.218750 0.264583 0.223438 0.277083 0.234375 0.287500 0.246875 0.287500 0.256250 0.279167 0.260937 0.264583 0.260937 0.239583 0.257812 0.222917 0.250000 0.216667 0.235937 0.218750 0.228125 0.227083 0.218750 0.245833
1 0.368527 0.182738 0.382812 0.177083 0.378125 0.189583 0.368750 0.200000 0.359375 0.195833 0.354687 0.181250 0.362500 0.168750 0.373437 0.166667
8 0.875391 0.279167 0.851562 0.260417 0.851562 0.297917 0.900000 0.300000 0.898438 0.258333
9 0.815625 0.280208 0.837500 0.260417 0.835938 0.300000 0.795312 0.300000 0.793750 0.260417
4 0.810937 0.312500 0.820312 0.287500 0.779687 0.291667 0.759375 0.312500 0.759375 0.335417 0.779687 0.347917 0.823438 0.347917 0.823438 0.385417 0.864062 0.387500 0.867188 0.229167 0.821875 0.225000 0.821875 0.287500
3 0.416667 0.394965 0.414062 0.410417 0.439063 0.456250 0.456250 0.445833 0.429688 0.397917 0.460938 0.366667 0.451562 0.350000 0.418750 0.379167 0.392188 0.333333 0.382812 0.343750 0.404687 0.391667 0.370312 0.420833 0.379688 0.443750
5 0.061328 0.460417 0.070312 0.433333 0.057813 0.431250 0.051562 0.487500 0.065625 0.489583
6 0.935547 0.504167 0.928125 0.452083 0.942187 0.445833 0.945312 0.558333 0.926562 0.560417
7 0.422187 0.425000 0.101562 0.085417 0.045312 0.885417 0.942187 0.960417 0.917188 0.104167 0.104688 0.089583
