0 0.377865 0.272917 0.384375 0.260417 0.387500 0.268750 0.385937 0.283333 0.373437 0.287500 0.367188 0.277083 0.368750 0.260417
1 0.110742 0.288021 0.103125 0.277083 0.109375 0.272917 0.115625 0.277083 0.121875 0.283333 0.123438 0.300000 0.112500 0.306250 0.101562 0.302083 0.098437 0.285417
2 0.077031 0.605833 0.067187 0.575000 0.079687 0.572917 0.089063 0.581250 0.096875 0.604167 0.096875 0.629167 0.085938 0.639583 0.073438 0.639583 0.062500 0.629167 0.057813 0.604167 0.060937 0.583333
5 0.064844 0.465625 0.071875 0.443750 0.062500 0.437500 0.056250 0.489583 0.068750 0.491667
3 0.528125 0.582986 0.520312 0.570833 0.521875 0.512500 0.535937 0.512500 0.539062 0.568750 0.579688 0.575000 0.581250 0.595833 0.537500 0.593750 0.535937 0.658333 0.517188 0.654167 0.518750 0.591667 0.473438 0.591667 0.476562 0.570833
6 0.932422 0.503125 0.923438 0.452083 0.937500 0.443750 0.940625 0.558333 0.928125 0.558333
9 0.813672 0.282813 0.835938 0.264583 0.831250 0.300000 0.793750 0.300000 0.793750 0.266667
8 0.873437 0.284375 0.853125 0.266667 0.848437 0.308333 0.895312 0.304167 0.896875 0.258333
4 0.803460 0.312500 0.820312 0.241667 0.818750 0.297917 0.795312 0.293750 0.776563 0.293750 0.764062 0.312500 0.756250 0.318750 0.759375 0.337500 0.773438 0.345833 0.800000 0.337500 0.817187 0.347917 0.823438 0.385417 0.857812 0.387500 0.865625 0.237500 0.820312 0.237500
7 0.420937 0.424583 0.104688 0.095833 0.915625 0.102083 0.934375 0.947917 0.043750 0.883333 0.106250 0.093750
