0 0.650446 0.153274 0.642188 0.162500 0.648438 0.170833 0.659375 0.166667 0.662500 0.147917 0.656250 0.137500 0.645312 0.137500 0.639062 0.150000
1 0.529911 0.608036 0.534375 0.625000 0.520312 0.620833 0.514062 0.604167 0.523438 0.589583 0.537500 0.593750 0.540625 0.606250 0.539062 0.616667
3 0.334115 0.475868 0.296875 0.525000 0.331250 0.493750 0.353125 0.547917 0.371875 0.529167 0.345313 0.477083 0.385937 0.452083 0.371875 0.427083 0.334375 0.454167 0.312500 0.414583 0.300000 0.422917 0.320312 0.468750 0.285938 0.497917
2 0.768229 0.129630 0.796875 0.127083 0.787500 0.112500 0.775000 0.106250 0.760938 0.106250 0.748437 0.116667 0.740625 0.137500 0.750000 0.156250 0.767188 0.158333 0.787500 0.145833
8 0.412109 0.141146 0.437500 0.143750 0.420312 0.168750 0.385937 0.143750 0.404687 0.108333
9 0.455078 0.184375 0.448437 0.156250 0.428125 0.183333 0.464062 0.216667 0.479687 0.181250
4 0.453720 0.212302 0.445312 0.241667 0.456250 0.229167 0.475000 0.179167 0.473438 0.172917 0.485938 0.170833 0.493750 0.175000 0.500000 0.166667 0.485938 0.152083 0.468750 0.156250 0.471875 0.139583 0.439063 0.114583 0.381250 0.227083 0.407813 0.258333 0.423438 0.237500 0.439063 0.237500 0.429688 0.258333 0.442188 0.277083 0.459375 0.285417 0.459375 0.270833 0.445312 0.264583 0.445312 0.243750
5 0.067187 0.466667 0.076563 0.441667 0.064062 0.439583 0.056250 0.491667 0.071875 0.493750
6 0.934375 0.505729 0.925000 0.450000 0.939063 0.445833 0.943750 0.562500 0.929688 0.564583
7 0.421563 0.426250 0.103125 0.093750 0.048438 0.889583 0.937500 0.947917 0.915625 0.106250 0.103125 0.093750
