0 0.258125 0.846667 0.264062 0.864583 0.275000 0.839583 0.256250 0.829167 0.246875 0.839583 0.248438 0.860417
1 0.104427 0.126042 0.104688 0.141667 0.115625 0.135417 0.115625 0.122917 0.104688 0.110417 0.095312 0.116667 0.090625 0.129167
2 0.125156 0.761042 0.135937 0.793750 0.145313 0.779167 0.146875 0.754167 0.139063 0.731250 0.125000 0.720833 0.110937 0.729167 0.101562 0.747917 0.103125 0.772917 0.115625 0.787500 0.128125 0.793750
3 0.393389 0.311859 0.403125 0.329167 0.446875 0.327083 0.445312 0.300000 0.396875 0.293750 0.403125 0.239583 0.385937 0.237500 0.381250 0.295833 0.342187 0.295833 0.342187 0.320833 0.382812 0.327083 0.381250 0.375000 0.401562 0.377083 0.401562 0.335417
8 0.610938 0.147396 0.589063 0.164583 0.614062 0.181250 0.632812 0.129167 0.607812 0.114583
9 0.585547 0.215104 0.607812 0.200000 0.581250 0.183333 0.564063 0.231250 0.589063 0.245833
4 0.588854 0.232222 0.560937 0.137500 0.657813 0.197917 0.642188 0.243750 0.614062 0.231250 0.607812 0.252083 0.598437 0.254167 0.600000 0.281250 0.589063 0.295833 0.576562 0.293750 0.575000 0.279167 0.565625 0.262500 0.573438 0.231250 0.567187 0.197917 0.543750 0.185417 0.560937 0.139583
5 0.066797 0.466667 0.076563 0.441667 0.062500 0.437500 0.056250 0.491667 0.071875 0.495833
6 0.932422 0.504167 0.923438 0.452083 0.937500 0.443750 0.942187 0.558333 0.926562 0.562500
7 0.276389 0.296296 0.096875 0.141667 0.087500 0.131250 0.093750 0.110417 0.101562 0.106250 0.101562 0.089583 0.918750 0.104167 0.935937 0.952083 0.051562 0.881250 0.100000 0.150000
