0 0.763778 0.124621 0.756250 0.110417 0.753125 0.118750 0.750000 0.129167 0.753125 0.139583 0.759375 0.143750 0.771875 0.141667 0.775000 0.131250 0.776563 0.122917 0.773438 0.114583 0.768750 0.110417 0.764062 0.108333
1 0.837813 0.685208 0.825000 0.679167 0.823438 0.685417 0.826562 0.693750 0.832812 0.700000 0.842187 0.704167 0.851562 0.697917 0.853125 0.683333 0.848437 0.672917 0.840625 0.666667 0.834375 0.668750
2 0.244792 0.660243 0.220312 0.662500 0.225000 0.652083 0.234375 0.639583 0.245312 0.631250 0.259375 0.629167 0.268750 0.641667 0.271875 0.658333 0.265625 0.670833 0.256250 0.681250 0.243750 0.685417 0.228125 0.689583 0.218750 0.681250
3 0.230313 0.691042 0.278125 0.675000 0.267188 0.677083 0.260937 0.683333 0.253125 0.689583 0.242188 0.691667 0.229687 0.695833 0.220312 0.691667 0.215625 0.675000 0.217188 0.660417 0.231250 0.633333 0.229687 0.627083 0.209375 0.631250 0.209375 0.689583 0.168750 0.700000 0.168750 0.727083 0.215625 0.714583 0.220312 0.777083 0.245312 0.768750 0.239063 0.712500 0.284375 0.700000
5 0.064844 0.473958 0.068750 0.500000 0.057813 0.497917 0.059375 0.447917 0.073438 0.450000
6 0.930859 0.501042 0.925000 0.556250 0.937500 0.556250 0.935937 0.443750 0.925000 0.447917
8 0.564844 0.559896 0.551562 0.533333 0.579688 0.533333 0.579688 0.587500 0.548438 0.585417
9 0.567969 0.483854 0.553125 0.506250 0.581250 0.510417 0.582812 0.460417 0.554688 0.458333
4 0.563375 0.530083 0.518750 0.527083 0.507812 0.525000 0.503125 0.572917 0.521875 0.579167 0.526563 0.564583 0.543750 0.562500 0.543750 0.587500 0.584375 0.593750 0.585938 0.570833 0.593750 0.570833 0.595313 0.583333 0.620313 0.583333 0.617188 0.535417 0.609375 0.533333 0.609375 0.525000 0.604688 0.510417 0.596875 0.502083 0.587500 0.500000 0.585938 0.458333 0.554688 0.452083 0.545312 0.456250 0.535937 0.466667 0.534375 0.483333 0.539062 0.502083 0.518750 0.506250
7 0.496484 0.506771 0.103125 0.095833 0.910937 0.100000 0.928125 0.943750 0.043750 0.887500
