0 0.738281 0.889792 0.726562 0.885417 0.726562 0.891667 0.728125 0.902083 0.737500 0.908333 0.748437 0.906250 0.753125 0.897917 0.753125 0.885417 0.745313 0.875000 0.734375 0.870833 0.729688 0.875000
2 0.902083 0.892014 0.873437 0.885417 0.873437 0.891667 0.876563 0.904167 0.884375 0.912500 0.893750 0.918750 0.904687 0.920833 0.914062 0.922917 0.925000 0.920833 0.929688 0.912500 0.931250 0.900000 0.929688 0.891667 0.926562 0.883333 0.918750 0.872917 0.907813 0.864583 0.900000 0.860417 0.890625 0.858333 0.882812 0.864583 0.875000 0.870833
1 0.516761 0.469697 0.506250 0.464583 0.506250 0.472917 0.507812 0.481250 0.514062 0.485417 0.523438 0.485417 0.526563 0.481250 0.528125 0.470833 0.526563 0.460417 0.521875 0.454167 0.514062 0.454167 0.509375 0.456250
3 0.598568 0.621354 0.565625 0.562500 0.598437 0.604167 0.629687 0.560417 0.640625 0.577083 0.612500 0.620833 0.643750 0.666667 0.631250 0.683333 0.598437 0.639583 0.567187 0.683333 0.554688 0.662500 0.585938 0.620833 0.554688 0.575000
5 0.067187 0.467187 0.071875 0.493750 0.060937 0.491667 0.062500 0.439583 0.073438 0.443750
6 0.933203 0.504167 0.929688 0.558333 0.939063 0.558333 0.935937 0.447917 0.928125 0.452083
8 0.675391 0.289062 0.656250 0.310417 0.684375 0.320833 0.693750 0.266667 0.667188 0.258333
9 0.660937 0.364583 0.651563 0.335417 0.679688 0.343750 0.670312 0.393750 0.642188 0.385417
4 0.658854 0.345718 0.612500 0.283333 0.603125 0.331250 0.618750 0.335417 0.625000 0.341667 0.628125 0.350000 0.637500 0.381250 0.635938 0.400000 0.650000 0.427083 0.665625 0.427083 0.675000 0.408333 0.678125 0.379167 0.689063 0.356250 0.707812 0.362500 0.720313 0.316667 0.690625 0.306250 0.698438 0.264583 0.667188 0.256250 0.656250 0.295833
7 0.501172 0.505729 0.104688 0.089583 0.914062 0.102083 0.939063 0.947917 0.046875 0.883333
