0 0.170597 0.505492 0.157812 0.502083 0.157812 0.510417 0.160938 0.516667 0.167187 0.520833 0.175000 0.518750 0.184375 0.514583 0.185938 0.506250 0.181250 0.495833 0.175000 0.489583 0.168750 0.489583 0.162500 0.495833
1 0.190199 0.880303 0.178125 0.875000 0.178125 0.883333 0.179688 0.891667 0.182812 0.895833 0.190625 0.895833 0.200000 0.893750 0.203125 0.885417 0.204687 0.870833 0.198437 0.864583 0.190625 0.862500 0.185938 0.864583
2 0.136266 0.170395 0.110937 0.170833 0.109375 0.177083 0.112500 0.185417 0.120313 0.191667 0.126562 0.191667 0.135937 0.195833 0.148438 0.195833 0.154688 0.191667 0.159375 0.185417 0.162500 0.177083 0.160938 0.166667 0.159375 0.156250 0.154688 0.152083 0.148438 0.145833 0.140625 0.145833 0.131250 0.145833 0.123438 0.147917 0.117188 0.154167 0.112500 0.160417
3 0.261198 0.707986 0.275000 0.697917 0.292187 0.645833 0.275000 0.633333 0.254688 0.685417 0.218750 0.668750 0.206250 0.693750 0.245312 0.716667 0.226562 0.772917 0.251563 0.783333 0.264062 0.727083 0.309375 0.747917 0.315625 0.722917
5 0.067578 0.467708 0.071875 0.495833 0.059375 0.491667 0.064062 0.439583 0.075000 0.443750
6 0.932813 0.504687 0.928125 0.560417 0.940625 0.558333 0.935937 0.447917 0.926562 0.452083
8 0.235547 0.247917 0.218750 0.268750 0.245312 0.277083 0.251563 0.227083 0.226562 0.218750
9 0.222656 0.321875 0.214062 0.291667 0.239063 0.302083 0.231250 0.350000 0.206250 0.343750
4 0.248553 0.307948 0.203125 0.350000 0.225000 0.354167 0.226562 0.368750 0.231250 0.377083 0.240625 0.383333 0.268750 0.389583 0.282813 0.381250 0.285938 0.362500 0.281250 0.339583 0.285938 0.318750 0.304688 0.327083 0.312500 0.308333 0.312500 0.289583 0.310937 0.277083 0.293750 0.272917 0.282813 0.279167 0.251563 0.268750 0.254688 0.222917 0.226562 0.218750 0.220312 0.243750 0.210938 0.245833 0.200000 0.256250 0.195312 0.272917 0.192188 0.287500 0.198437 0.300000 0.204687 0.308333 0.207813 0.310417
7 0.500391 0.507812 0.104688 0.091667 0.915625 0.108333 0.935937 0.945833 0.045312 0.885417
