0 0.170486 0.534722 0.165625 0.520833 0.160938 0.525000 0.157812 0.537500 0.159375 0.545833 0.165625 0.550000 0.178125 0.547917 0.184375 0.539583 0.184375 0.527083 0.178125 0.518750
1 0.193750 0.573864 0.185938 0.562500 0.190625 0.558333 0.196875 0.558333 0.201563 0.560417 0.204687 0.566667 0.206250 0.577083 0.203125 0.589583 0.195312 0.591667 0.185938 0.591667 0.181250 0.583333 0.179688 0.572917
2 0.243029 0.660577 0.220312 0.660417 0.223438 0.650000 0.232813 0.639583 0.246875 0.631250 0.259375 0.631250 0.265625 0.639583 0.268750 0.654167 0.267188 0.670833 0.259375 0.679167 0.245312 0.685417 0.231250 0.689583 0.221875 0.683333 0.217188 0.672917
3 0.223672 0.681875 0.171875 0.725000 0.168750 0.700000 0.212500 0.689583 0.209375 0.629167 0.229687 0.625000 0.229687 0.631250 0.226562 0.633333 0.223438 0.637500 0.220312 0.643750 0.217188 0.652083 0.217188 0.664583 0.217188 0.677083 0.220312 0.687500 0.228125 0.691667 0.278125 0.677083 0.282813 0.700000 0.237500 0.712500 0.245312 0.766667 0.221875 0.775000 0.215625 0.718750
5 0.065234 0.473438 0.070312 0.497917 0.057813 0.497917 0.060937 0.445833 0.071875 0.452083
6 0.932031 0.501563 0.928125 0.558333 0.939063 0.556250 0.935937 0.445833 0.925000 0.445833
8 0.564063 0.560417 0.548438 0.533333 0.579688 0.533333 0.579688 0.589583 0.548438 0.585417
9 0.568359 0.484896 0.553125 0.508333 0.554688 0.460417 0.582812 0.460417 0.582812 0.510417
4 0.559312 0.535583 0.503125 0.575000 0.503125 0.564583 0.506250 0.529167 0.515625 0.527083 0.520312 0.512500 0.529687 0.506250 0.539062 0.502083 0.535937 0.481250 0.542188 0.458333 0.553125 0.454167 0.584375 0.456250 0.587500 0.506250 0.601562 0.506250 0.604688 0.520833 0.610938 0.537500 0.617188 0.543750 0.617188 0.583333 0.601562 0.587500 0.595313 0.575000 0.584375 0.570833 0.584375 0.597917 0.546875 0.591667 0.545312 0.560417 0.528125 0.562500 0.525000 0.579167
7 0.407813 0.584167 0.103125 0.095833 0.912500 0.097917 0.931250 0.947917 0.048438 0.887500 0.043750 0.891667
