0 0.700868 0.921065 0.690625 0.908333 0.687500 0.916667 0.689063 0.931250 0.696875 0.939583 0.706250 0.937500 0.714063 0.929167 0.714063 0.918750 0.709375 0.906250 0.700000 0.902083
1 0.302778 0.256250 0.293750 0.245833 0.292187 0.254167 0.292187 0.262500 0.298438 0.268750 0.306250 0.270833 0.314063 0.266667 0.314063 0.254167 0.310937 0.243750 0.303125 0.239583
2 0.423864 0.460038 0.409375 0.439583 0.403125 0.454167 0.404687 0.466667 0.409375 0.481250 0.423438 0.487500 0.432812 0.483333 0.440625 0.477083 0.443750 0.458333 0.440625 0.445833 0.432812 0.433333 0.421875 0.433333
3 0.423047 0.663715 0.434375 0.652083 0.440625 0.591667 0.420312 0.589583 0.414062 0.647917 0.368750 0.643750 0.370312 0.668750 0.409375 0.675000 0.407813 0.739583 0.426563 0.739583 0.429688 0.677083 0.476562 0.683333 0.478125 0.656250
5 0.064062 0.468229 0.067187 0.493750 0.056250 0.491667 0.060937 0.441667 0.071875 0.445833
6 0.929688 0.498437 0.925000 0.554167 0.937500 0.554167 0.932813 0.441667 0.923438 0.443750
8 0.818359 0.301563 0.793750 0.308333 0.814063 0.335417 0.842187 0.293750 0.823438 0.268750
9 0.773438 0.356771 0.776563 0.325000 0.798438 0.350000 0.770312 0.389583 0.748437 0.362500
4 0.782452 0.357933 0.743750 0.360417 0.748437 0.366667 0.737500 0.383333 0.737500 0.397917 0.739062 0.414583 0.746875 0.425000 0.760938 0.427083 0.773438 0.410417 0.782813 0.400000 0.798438 0.385417 0.807813 0.375000 0.810937 0.391667 0.818750 0.400000 0.835938 0.389583 0.846875 0.377083 0.850000 0.366667 0.821875 0.333333 0.846875 0.291667 0.823438 0.262500 0.792188 0.300000 0.765625 0.266667 0.739062 0.297917 0.743750 0.308333 0.751563 0.316667 0.757812 0.325000 0.762500 0.333333
7 0.497266 0.506771 0.101562 0.100000 0.912500 0.104167 0.931250 0.941667 0.043750 0.881250
