0 0.082969 0.549167 0.071875 0.539583 0.068750 0.550000 0.070312 0.556250 0.076563 0.562500 0.087500 0.566667 0.095312 0.556250 0.095312 0.550000 0.095312 0.539583 0.087500 0.535417 0.081250 0.535417
1 0.399479 0.314236 0.389062 0.306250 0.387500 0.316667 0.389062 0.320833 0.393750 0.329167 0.400000 0.329167 0.407813 0.329167 0.409375 0.322917 0.410938 0.312500 0.409375 0.306250 0.404687 0.300000 0.398438 0.297917 0.393750 0.300000
2 0.436719 0.526042 0.421875 0.500000 0.420312 0.514583 0.421875 0.531250 0.421875 0.545833 0.429688 0.556250 0.439063 0.560417 0.451562 0.556250 0.459375 0.541667 0.457813 0.518750 0.448437 0.502083 0.439063 0.493750 0.429688 0.491667
3 0.225521 0.699479 0.239063 0.710417 0.282813 0.697917 0.279687 0.675000 0.235937 0.683333 0.228125 0.625000 0.206250 0.629167 0.210938 0.689583 0.170313 0.700000 0.171875 0.725000 0.214062 0.714583 0.221875 0.775000 0.245312 0.768750
5 0.064062 0.468229 0.068750 0.493750 0.056250 0.493750 0.059375 0.441667 0.071875 0.443750
6 0.929688 0.498958 0.925000 0.554167 0.935937 0.554167 0.932813 0.443750 0.925000 0.443750
8 0.817578 0.300000 0.792188 0.306250 0.812500 0.331250 0.842187 0.291667 0.823438 0.270833
9 0.773047 0.356250 0.776563 0.325000 0.796875 0.350000 0.770312 0.387500 0.748437 0.362500
4 0.783807 0.362784 0.743750 0.362500 0.748437 0.368750 0.737500 0.381250 0.735938 0.393750 0.735938 0.414583 0.748437 0.427083 0.762500 0.425000 0.773438 0.410417 0.779687 0.400000 0.793750 0.393750 0.803125 0.383333 0.815625 0.397917 0.829688 0.395833 0.843750 0.377083 0.850000 0.366667 0.820312 0.331250 0.843750 0.291667 0.825000 0.266667 0.792188 0.297917 0.767188 0.264583 0.737500 0.300000 0.756250 0.331250
7 0.497656 0.504687 0.103125 0.093750 0.912500 0.100000 0.932813 0.941667 0.042188 0.883333
