0 0.196205 0.795833 0.200000 0.781250 0.206250 0.789583 0.209375 0.800000 0.200000 0.810417 0.185938 0.812500 0.182812 0.795833 0.189062 0.781250
1 0.520536 0.205952 0.512500 0.212500 0.517188 0.222917 0.528125 0.220833 0.532813 0.204167 0.526563 0.191667 0.517188 0.189583 0.509375 0.200000
2 0.417014 0.881713 0.404687 0.918750 0.392188 0.908333 0.390625 0.881250 0.409375 0.847917 0.426563 0.847917 0.435937 0.858333 0.437500 0.872917 0.434375 0.891667 0.421875 0.908333
3 0.332091 0.475641 0.328125 0.495833 0.354687 0.541667 0.370312 0.522917 0.348438 0.479167 0.382812 0.447917 0.370312 0.422917 0.332813 0.456250 0.310937 0.408333 0.296875 0.420833 0.318750 0.466667 0.281250 0.500000 0.293750 0.525000 0.328125 0.495833
8 0.412109 0.141146 0.420312 0.170833 0.435937 0.141667 0.404687 0.112500 0.387500 0.139583
9 0.455078 0.182812 0.448437 0.156250 0.428125 0.181250 0.465625 0.210417 0.478125 0.183333
4 0.452307 0.205655 0.439063 0.112500 0.378125 0.229167 0.409375 0.254167 0.425000 0.229167 0.439063 0.235417 0.429688 0.260417 0.440625 0.279167 0.454688 0.283333 0.457813 0.272917 0.443750 0.268750 0.440625 0.254167 0.457813 0.220833 0.470313 0.191667 0.473438 0.168750 0.485938 0.168750 0.492188 0.172917 0.496875 0.160417 0.485938 0.150000 0.467187 0.156250 0.470313 0.135417 0.440625 0.114583
5 0.067187 0.467708 0.076563 0.445833 0.062500 0.437500 0.057813 0.491667 0.071875 0.495833
6 0.933984 0.506250 0.926562 0.454167 0.937500 0.445833 0.942187 0.562500 0.929688 0.562500
7 0.422813 0.425417 0.104688 0.093750 0.048438 0.885417 0.939063 0.947917 0.915625 0.106250 0.106250 0.093750
