8 0.873828 0.283854 0.850000 0.268750 0.851562 0.304167 0.896875 0.302083 0.896875 0.260417
9 0.813281 0.283333 0.837500 0.266667 0.835938 0.302083 0.790625 0.302083 0.789062 0.262500
4 0.810795 0.309659 0.818750 0.235417 0.862500 0.235417 0.862500 0.387500 0.818750 0.389583 0.814063 0.354167 0.787500 0.350000 0.753125 0.320833 0.765625 0.308333 0.795312 0.295833 0.820312 0.291667 0.820312 0.237500
3 0.346094 0.341493 0.357812 0.331250 0.398438 0.339583 0.400000 0.368750 0.356250 0.362500 0.345313 0.412500 0.328125 0.404167 0.335938 0.350000 0.290625 0.345833 0.296875 0.314583 0.332813 0.325000 0.343750 0.268750 0.367188 0.275000
1 0.089509 0.354762 0.100000 0.364583 0.093750 0.368750 0.084375 0.366667 0.078125 0.356250 0.079687 0.343750 0.090625 0.339583 0.100000 0.343750
0 0.105469 0.616667 0.120313 0.610417 0.114062 0.631250 0.100000 0.631250 0.092188 0.620833 0.095312 0.604167 0.110937 0.602083
2 0.076563 0.803571 0.101562 0.795833 0.095312 0.825000 0.075000 0.825000 0.053125 0.822917 0.051562 0.808333 0.065625 0.777083 0.093750 0.770833
5 0.067187 0.462500 0.075000 0.439583 0.062500 0.435417 0.059375 0.487500 0.071875 0.487500
6 0.934375 0.503646 0.926562 0.452083 0.942187 0.447917 0.943750 0.558333 0.925000 0.556250
7 0.420625 0.427083 0.101562 0.091667 0.915625 0.106250 0.935937 0.950000 0.043750 0.885417 0.106250 0.102083
