0 0.432031 0.677083 0.443750 0.677083 0.439063 0.691667 0.428125 0.691667 0.417187 0.679167 0.425000 0.662500 0.439063 0.660417
3 0.490755 0.669792 0.478125 0.675000 0.459375 0.729167 0.478125 0.741667 0.495312 0.683333 0.535937 0.710417 0.545312 0.687500 0.504687 0.664583 0.520312 0.610417 0.503125 0.600000 0.485938 0.654167 0.445312 0.629167 0.437500 0.652083
1 0.245833 0.117708 0.254688 0.118750 0.251563 0.131250 0.239063 0.131250 0.234375 0.114583 0.242188 0.102083 0.253125 0.108333
2 0.426042 0.897222 0.451562 0.887500 0.450000 0.908333 0.432812 0.927083 0.417187 0.927083 0.398438 0.910417 0.396875 0.891667 0.409375 0.875000 0.431250 0.868750 0.446875 0.879167
8 0.411719 0.142187 0.435937 0.143750 0.420312 0.175000 0.387500 0.139583 0.403125 0.110417
9 0.458203 0.182292 0.450000 0.154167 0.481250 0.179167 0.468750 0.212500 0.432812 0.183333
4 0.452699 0.214110 0.445312 0.239583 0.456250 0.235417 0.475000 0.187500 0.470313 0.172917 0.484375 0.168750 0.493750 0.170833 0.495312 0.162500 0.487500 0.150000 0.468750 0.154167 0.470313 0.137500 0.440625 0.114583 0.379688 0.229167 0.407813 0.256250 0.423438 0.235417 0.440625 0.239583 0.431250 0.258333 0.439063 0.277083 0.454688 0.285417 0.459375 0.272917 0.445312 0.266667 0.440625 0.256250 0.450000 0.239583
5 0.066016 0.465104 0.075000 0.441667 0.062500 0.435417 0.057813 0.489583 0.068750 0.493750
6 0.932813 0.505208 0.925000 0.452083 0.935937 0.445833 0.940625 0.560417 0.929688 0.562500
7 0.421563 0.423333 0.103125 0.087500 0.046875 0.879167 0.935937 0.952083 0.917188 0.106250 0.104688 0.091667
