0 0.179688 0.197708 0.168750 0.189583 0.165625 0.195833 0.168750 0.206250 0.175000 0.214583 0.185938 0.214583 0.192188 0.206250 0.193750 0.195833 0.189062 0.187500 0.182812 0.183333 0.175000 0.183333
1 0.847813 0.701875 0.837500 0.687500 0.835938 0.697917 0.835938 0.710417 0.839063 0.716667 0.848437 0.720833 0.857812 0.716667 0.864062 0.704167 0.860938 0.691667 0.853125 0.687500 0.845313 0.685417
2 0.244922 0.659896 0.221875 0.656250 0.231250 0.643750 0.240625 0.633333 0.256250 0.631250 0.264062 0.637500 0.268750 0.647917 0.270313 0.664583 0.262500 0.675000 0.250000 0.685417 0.234375 0.689583 0.220312 0.685417 0.218750 0.668750
3 0.229190 0.685606 0.168750 0.700000 0.212500 0.691667 0.207813 0.631250 0.229687 0.627083 0.228125 0.631250 0.226562 0.639583 0.220312 0.647917 0.218750 0.654167 0.215625 0.666667 0.217188 0.683333 0.221875 0.691667 0.232813 0.693750 0.245312 0.691667 0.262500 0.685417 0.268750 0.677083 0.281250 0.675000 0.282813 0.697917 0.239063 0.714583 0.246875 0.768750 0.225000 0.775000 0.217188 0.714583 0.173437 0.725000
5 0.064453 0.473958 0.068750 0.500000 0.056250 0.497917 0.060937 0.447917 0.071875 0.450000
6 0.929688 0.500000 0.925000 0.556250 0.935937 0.556250 0.934375 0.441667 0.923438 0.445833
8 0.564063 0.559896 0.548438 0.535417 0.579688 0.535417 0.579688 0.585417 0.548438 0.583333
9 0.567969 0.484896 0.553125 0.508333 0.582812 0.510417 0.582812 0.460417 0.553125 0.460417
4 0.559986 0.533333 0.517188 0.506250 0.517188 0.525000 0.507812 0.527083 0.501563 0.572917 0.525000 0.581250 0.528125 0.564583 0.545312 0.564583 0.546875 0.585417 0.584375 0.591667 0.584375 0.572917 0.595313 0.575000 0.595313 0.583333 0.618750 0.585417 0.618750 0.535417 0.610938 0.535417 0.607812 0.506250 0.589063 0.504167 0.585938 0.460417 0.551562 0.454167 0.539062 0.460417 0.534375 0.477083 0.537500 0.493750 0.537500 0.504167
7 0.498437 0.509375 0.104688 0.104167 0.914062 0.104167 0.929688 0.941667 0.045312 0.887500
