0 0.928125 0.503125 0.935937 0.483333 0.921875 0.489583 0.918750 0.518750 0.935937 0.520833
8 0.875000 0.285417 0.853125 0.266667 0.851562 0.304167 0.898438 0.304167 0.896875 0.266667
9 0.815234 0.284896 0.839063 0.264583 0.837500 0.304167 0.792188 0.306250 0.792188 0.264583
4 0.806875 0.321250 0.818750 0.237500 0.818750 0.295833 0.779687 0.287500 0.759375 0.318750 0.757812 0.341667 0.778125 0.354167 0.818750 0.354167 0.818750 0.391667 0.857812 0.393750 0.860938 0.237500
2 0.689732 0.409226 0.690625 0.377083 0.704688 0.383333 0.710938 0.420833 0.700000 0.445833 0.681250 0.441667 0.667188 0.408333 0.673438 0.387500
3 0.457682 0.479861 0.453125 0.502083 0.478125 0.547917 0.496875 0.527083 0.470313 0.481250 0.507812 0.450000 0.496875 0.433333 0.459375 0.460417 0.437500 0.414583 0.423438 0.427083 0.440625 0.477083 0.407813 0.508333 0.420312 0.529167
1 0.100000 0.363095 0.112500 0.358333 0.110937 0.372917 0.101562 0.381250 0.087500 0.372917 0.087500 0.358333 0.093750 0.350000 0.106250 0.347917
5 0.066797 0.465104 0.076563 0.441667 0.062500 0.437500 0.056250 0.489583 0.071875 0.491667
6 0.932031 0.505208 0.923438 0.454167 0.937500 0.445833 0.939063 0.560417 0.928125 0.560417
7 0.422187 0.425417 0.106250 0.091667 0.914062 0.106250 0.937500 0.952083 0.048438 0.881250 0.104688 0.095833
