0 0.928438 0.500833 0.937500 0.487500 0.925000 0.487500 0.918750 0.495833 0.921875 0.516667 0.939063 0.516667
6 0.932422 0.506250 0.923438 0.454167 0.937500 0.447917 0.942187 0.562500 0.926562 0.560417
8 0.872656 0.283854 0.850000 0.266667 0.850000 0.302083 0.895312 0.302083 0.895312 0.264583
9 0.813672 0.284375 0.834375 0.266667 0.835938 0.304167 0.793750 0.302083 0.790625 0.264583
4 0.811250 0.309167 0.815625 0.233333 0.862500 0.233333 0.857812 0.387500 0.815625 0.389583 0.817187 0.352083 0.781250 0.352083 0.753125 0.322917 0.775000 0.297917 0.820312 0.289583 0.814063 0.233333
3 0.345192 0.341987 0.353125 0.360417 0.345313 0.404167 0.325000 0.402083 0.335938 0.347917 0.293750 0.341667 0.293750 0.318750 0.339062 0.325000 0.343750 0.268750 0.365625 0.279167 0.353125 0.333333 0.393750 0.339583 0.393750 0.366667 0.351562 0.358333
1 0.089955 0.353571 0.101562 0.350000 0.101562 0.362500 0.089063 0.368750 0.079687 0.362500 0.078125 0.350000 0.084375 0.339583 0.095312 0.341667
5 0.066016 0.463542 0.075000 0.441667 0.062500 0.433333 0.056250 0.489583 0.070312 0.489583
2 0.225781 0.654375 0.246875 0.660417 0.246875 0.645833 0.237500 0.633333 0.228125 0.629167 0.215625 0.631250 0.207813 0.643750 0.203125 0.660417 0.210938 0.677083 0.220312 0.685417 0.240625 0.677083
7 0.421875 0.422500 0.100000 0.089583 0.915625 0.100000 0.939063 0.945833 0.051562 0.879167 0.103125 0.097917
