<<<<<<< HEAD
0 0.171484 0.504948 0.160938 0.495833 0.170313 0.487500 0.179688 0.491667 0.182812 0.500000 0.181250 0.514583 0.173437 0.522917 0.164062 0.520833 0.159375 0.506250
1 0.437054 0.602083 0.448437 0.606250 0.446875 0.593750 0.437500 0.585417 0.426563 0.591667 0.426563 0.604167 0.431250 0.614583 0.442188 0.618750
2 0.115483 0.168561 0.129688 0.195833 0.137500 0.179167 0.134375 0.158333 0.126562 0.139583 0.112500 0.133333 0.101562 0.139583 0.095312 0.154167 0.096875 0.170833 0.103125 0.187500 0.112500 0.197917 0.120313 0.197917
3 0.387139 0.592468 0.384375 0.606250 0.407813 0.658333 0.423438 0.647917 0.400000 0.597917 0.439063 0.564583 0.428125 0.541667 0.390625 0.577083 0.365625 0.522917 0.351562 0.533333 0.373437 0.587500 0.339062 0.616667 0.348438 0.639583 0.381250 0.608333
=======
0 0.172159 0.505303 0.159375 0.502083 0.159375 0.512500 0.164062 0.520833 0.173437 0.525000 0.182812 0.520833 0.184375 0.512500 0.184375 0.502083 0.181250 0.491667 0.175000 0.487500 0.165625 0.489583 0.164062 0.493750
1 0.436932 0.600758 0.448437 0.606250 0.448437 0.595833 0.443750 0.589583 0.439063 0.585417 0.432812 0.587500 0.428125 0.593750 0.426563 0.600000 0.428125 0.606250 0.429688 0.612500 0.435937 0.616667 0.445312 0.614583
2 0.117004 0.166912 0.104688 0.139583 0.101562 0.145833 0.098437 0.154167 0.096875 0.166667 0.098437 0.179167 0.101562 0.187500 0.109375 0.195833 0.118750 0.197917 0.128125 0.197917 0.132812 0.193750 0.135937 0.183333 0.137500 0.170833 0.135937 0.158333 0.131250 0.150000 0.126562 0.143750 0.118750 0.137500 0.112500 0.135417
3 0.388281 0.590625 0.392188 0.572917 0.426563 0.543750 0.439063 0.560417 0.401562 0.593750 0.425000 0.641667 0.410938 0.658333 0.384375 0.610417 0.346875 0.639583 0.337500 0.618750 0.373437 0.585417 0.353125 0.537500 0.368750 0.525000
5 0.067969 0.466667 0.071875 0.493750 0.060937 0.491667 0.064062 0.439583 0.075000 0.441667
6 0.932031 0.504687 0.928125 0.560417 0.939063 0.560417 0.935937 0.447917 0.925000 0.450000
8 0.235547 0.250521 0.218750 0.270833 0.243750 0.281250 0.253125 0.229167 0.226562 0.220833
9 0.222656 0.320833 0.214062 0.291667 0.240625 0.300000 0.231250 0.352083 0.204687 0.339583
4 0.252155 0.310417 0.196875 0.281250 0.195312 0.297917 0.204687 0.308333 0.206250 0.318750 0.203125 0.339583 0.212500 0.347917 0.225000 0.352083 0.226562 0.364583 0.231250 0.377083 0.237500 0.381250 0.268750 0.391667 0.284375 0.383333 0.285938 0.360417 0.281250 0.339583 0.284375 0.320833 0.298438 0.325000 0.306250 0.327083 0.312500 0.312500 0.314063 0.295833 0.310937 0.281250 0.300000 0.272917 0.285938 0.277083 0.282813 0.281250 0.251563 0.266667 0.257812 0.227083 0.226562 0.216667 0.221875 0.245833 0.203125 0.245833 0.196875 0.262500
7 0.500391 0.506250 0.103125 0.091667 0.912500 0.108333 0.935937 0.945833 0.050000 0.879167
>>>>>>> e5d5f3d5b104602f31f5a6d68c11e4e2ba9c692c
