0 0.086790 0.818750 0.071875 0.810417 0.071875 0.825000 0.076563 0.835417 0.084375 0.839583 0.095312 0.835417 0.098437 0.829167 0.100000 0.818750 0.098437 0.808333 0.092188 0.802083 0.087500 0.800000 0.078125 0.802083
1 0.204687 0.884848 0.193750 0.877083 0.192188 0.887500 0.192188 0.893750 0.196875 0.900000 0.207813 0.906250 0.217188 0.895833 0.220312 0.887500 0.218750 0.875000 0.212500 0.868750 0.201563 0.868750 0.198437 0.872917
2 0.247356 0.639263 0.225000 0.631250 0.225000 0.643750 0.228125 0.656250 0.235937 0.662500 0.246875 0.666667 0.259375 0.664583 0.270313 0.654167 0.270313 0.641667 0.267188 0.629167 0.260937 0.616667 0.254688 0.614583 0.240625 0.610417 0.231250 0.618750
3 0.257692 0.705288 0.220312 0.670833 0.253125 0.687500 0.275000 0.637500 0.290625 0.643750 0.278125 0.695833 0.315625 0.720833 0.309375 0.745833 0.265625 0.729167 0.250000 0.781250 0.228125 0.772917 0.246875 0.716667 0.204687 0.695833 0.212500 0.670833
5 0.067578 0.467708 0.071875 0.493750 0.060937 0.491667 0.062500 0.441667 0.075000 0.443750
6 0.932813 0.505208 0.929688 0.560417 0.939063 0.560417 0.935937 0.445833 0.926562 0.454167
8 0.235937 0.250000 0.218750 0.270833 0.243750 0.279167 0.253125 0.229167 0.228125 0.220833
9 0.222656 0.321354 0.214062 0.291667 0.240625 0.302083 0.231250 0.347917 0.204687 0.343750
4 0.248599 0.311494 0.200000 0.260417 0.196875 0.281250 0.195312 0.291667 0.201563 0.308333 0.206250 0.310417 0.203125 0.333333 0.200000 0.343750 0.207813 0.352083 0.221875 0.352083 0.226562 0.364583 0.232813 0.379167 0.240625 0.383333 0.268750 0.391667 0.281250 0.381250 0.285938 0.364583 0.281250 0.339583 0.282813 0.318750 0.292187 0.322917 0.304688 0.325000 0.314063 0.316667 0.314063 0.289583 0.309375 0.277083 0.295312 0.270833 0.285938 0.277083 0.253125 0.264583 0.257812 0.225000 0.228125 0.216667 0.218750 0.245833 0.203125 0.245833
7 0.499219 0.507812 0.104688 0.093750 0.910937 0.112500 0.934375 0.943750 0.046875 0.881250
