0 0.073090 0.559954 0.060937 0.556250 0.060937 0.566667 0.065625 0.572917 0.073438 0.577083 0.084375 0.570833 0.087500 0.560417 0.084375 0.545833 0.075000 0.543750 0.065625 0.545833
1 0.643056 0.372454 0.632812 0.362500 0.631250 0.372917 0.632812 0.387500 0.642188 0.391667 0.653125 0.387500 0.656250 0.372917 0.653125 0.362500 0.645312 0.356250 0.640625 0.358333
2 0.478267 0.443371 0.482812 0.420833 0.492188 0.427083 0.496875 0.441667 0.496875 0.464583 0.487500 0.466667 0.471875 0.470833 0.465625 0.462500 0.462500 0.447917 0.460938 0.433333 0.468750 0.422917 0.475000 0.418750
3 0.225130 0.700000 0.229687 0.625000 0.235937 0.681250 0.279687 0.675000 0.282813 0.697917 0.239063 0.712500 0.243750 0.766667 0.220312 0.779167 0.214062 0.716667 0.171875 0.725000 0.168750 0.700000 0.210938 0.689583 0.204687 0.631250
5 0.065234 0.467708 0.068750 0.493750 0.057813 0.493750 0.059375 0.439583 0.075000 0.443750
6 0.929688 0.499479 0.923438 0.447917 0.932813 0.443750 0.937500 0.554167 0.925000 0.552083
8 0.818359 0.301563 0.792188 0.308333 0.814063 0.333333 0.843750 0.293750 0.823438 0.270833
9 0.773047 0.357812 0.746875 0.362500 0.770312 0.391667 0.798438 0.352083 0.776563 0.325000
4 0.781399 0.363095 0.742188 0.362500 0.748437 0.370833 0.737500 0.385417 0.739062 0.402083 0.739062 0.425000 0.750000 0.429167 0.764062 0.425000 0.775000 0.406250 0.779687 0.393750 0.790625 0.395833 0.803125 0.375000 0.812500 0.393750 0.821875 0.402083 0.851562 0.368750 0.821875 0.333333 0.846875 0.293750 0.825000 0.266667 0.796875 0.300000 0.767188 0.264583 0.737500 0.300000 0.759375 0.331250
7 0.498047 0.504167 0.106250 0.095833 0.912500 0.102083 0.928125 0.935417 0.045312 0.883333
