8 0.610938 0.147917 0.589063 0.164583 0.615625 0.179167 0.632812 0.131250 0.606250 0.116667
9 0.584766 0.216667 0.606250 0.200000 0.579688 0.183333 0.562500 0.233333 0.590625 0.250000
4 0.593415 0.238690 0.600000 0.252083 0.609375 0.254167 0.621875 0.220833 0.639062 0.241667 0.656250 0.197917 0.559375 0.137500 0.543750 0.179167 0.575000 0.204167 0.565625 0.260417 0.573438 0.279167 0.573438 0.289583 0.589063 0.293750 0.601562 0.277083 0.600000 0.254167
0 0.140820 0.885156 0.140625 0.902083 0.154688 0.891667 0.154688 0.879167 0.148438 0.868750 0.137500 0.868750 0.129688 0.879167 0.126562 0.893750 0.134375 0.897917
2 0.114844 0.850625 0.134375 0.870833 0.121875 0.879167 0.101562 0.877083 0.087500 0.858333 0.087500 0.837500 0.096875 0.818750 0.115625 0.820833 0.131250 0.835417 0.135937 0.847917 0.135937 0.860417
1 0.191992 0.387240 0.198437 0.400000 0.204687 0.391667 0.201563 0.377083 0.193750 0.370833 0.184375 0.372917 0.179688 0.385417 0.182812 0.397917 0.190625 0.402083
3 0.392057 0.311979 0.401562 0.327083 0.443750 0.329167 0.443750 0.302083 0.401562 0.295833 0.404687 0.243750 0.384375 0.241667 0.382812 0.295833 0.337500 0.291667 0.342187 0.325000 0.381250 0.325000 0.379688 0.385417 0.401562 0.381250
5 0.067578 0.466146 0.076563 0.441667 0.065625 0.437500 0.057813 0.489583 0.070312 0.495833
6 0.933594 0.505729 0.925000 0.452083 0.939063 0.447917 0.940625 0.558333 0.929688 0.564583
7 0.422813 0.426250 0.103125 0.093750 0.917188 0.104167 0.937500 0.950000 0.051562 0.885417 0.104688 0.097917
