9 0.813672 0.281771 0.834375 0.264583 0.835938 0.297917 0.792188 0.297917 0.792188 0.266667
8 0.871875 0.281771 0.848437 0.260417 0.848437 0.304167 0.896875 0.300000 0.893750 0.262500
4 0.806901 0.312847 0.825000 0.237500 0.862500 0.231250 0.860938 0.379167 0.820312 0.379167 0.820312 0.343750 0.793750 0.341667 0.778125 0.352083 0.759375 0.341667 0.753125 0.320833 0.778125 0.291667 0.812500 0.293750 0.818750 0.241667
6 0.930078 0.502083 0.920312 0.450000 0.934375 0.445833 0.939063 0.554167 0.926562 0.558333
3 0.529167 0.583160 0.537500 0.514583 0.537500 0.570833 0.581250 0.572917 0.582812 0.597917 0.539062 0.597917 0.534375 0.656250 0.518750 0.652083 0.518750 0.591667 0.479687 0.591667 0.478125 0.568750 0.520312 0.570833 0.521875 0.512500
0 0.153385 0.467708 0.157812 0.454167 0.165625 0.466667 0.162500 0.481250 0.148438 0.483333 0.139063 0.468750 0.146875 0.452083
1 0.237500 0.478125 0.235937 0.462500 0.245312 0.466667 0.248438 0.477083 0.246875 0.489583 0.240625 0.491667 0.229687 0.491667 0.225000 0.481250 0.228125 0.464583
2 0.068437 0.843125 0.070312 0.814583 0.084375 0.822917 0.093750 0.835417 0.092188 0.854167 0.084375 0.868750 0.062500 0.872917 0.048438 0.866667 0.039062 0.847917 0.048438 0.829167 0.060937 0.818750
5 0.064062 0.465625 0.073438 0.441667 0.060937 0.439583 0.054688 0.489583 0.067187 0.491667
7 0.422500 0.422917 0.103125 0.093750 0.915625 0.104167 0.937500 0.943750 0.053125 0.883333 0.103125 0.089583
