0 0.467969 0.186719 0.478125 0.179167 0.479687 0.195833 0.470313 0.202083 0.462500 0.197917 0.460938 0.195833 0.457813 0.183333 0.462500 0.170833 0.471875 0.168750
1 0.702539 0.151302 0.690625 0.147917 0.690625 0.158333 0.696875 0.166667 0.707812 0.168750 0.714063 0.154167 0.714063 0.143750 0.707812 0.135417 0.698438 0.135417
2 0.614062 0.690224 0.600000 0.658333 0.590625 0.668750 0.589063 0.685417 0.590625 0.700000 0.598437 0.710417 0.612500 0.718750 0.625000 0.720833 0.634375 0.718750 0.640625 0.708333 0.639062 0.687500 0.631250 0.675000 0.621875 0.662500 0.609375 0.658333
3 0.598958 0.620486 0.600000 0.637500 0.635938 0.677083 0.643750 0.664583 0.614062 0.620833 0.642188 0.577083 0.629687 0.560417 0.598437 0.602083 0.567187 0.562500 0.551562 0.579167 0.584375 0.618750 0.553125 0.662500 0.567187 0.683333
5 0.067187 0.466146 0.071875 0.491667 0.059375 0.491667 0.062500 0.437500 0.075000 0.443750
6 0.933203 0.503646 0.926562 0.450000 0.935937 0.447917 0.940625 0.558333 0.929688 0.558333
8 0.674609 0.288542 0.654687 0.310417 0.684375 0.318750 0.693750 0.266667 0.665625 0.258333
9 0.659766 0.363542 0.651563 0.335417 0.676562 0.343750 0.670312 0.391667 0.640625 0.383333
4 0.660781 0.350313 0.612500 0.283333 0.603125 0.329167 0.621875 0.337500 0.626563 0.352083 0.632812 0.372917 0.635938 0.391667 0.639062 0.410417 0.648438 0.425000 0.654687 0.427083 0.667188 0.422917 0.675000 0.410417 0.676562 0.385417 0.684375 0.358333 0.712500 0.360417 0.718750 0.314583 0.700000 0.308333 0.690625 0.304167 0.695312 0.262500 0.665625 0.254167 0.654687 0.295833
7 0.501172 0.506771 0.103125 0.091667 0.912500 0.106250 0.937500 0.945833 0.051562 0.883333
