0 0.438477 0.713281 0.431250 0.700000 0.439063 0.697917 0.446875 0.700000 0.450000 0.712500 0.446875 0.727083 0.439063 0.731250 0.429688 0.727083 0.425000 0.710417
1 0.837500 0.203819 0.835938 0.218750 0.826562 0.212500 0.826562 0.193750 0.839063 0.185417 0.850000 0.195833 0.846875 0.216667
9 0.811719 0.281250 0.835938 0.264583 0.832812 0.300000 0.789062 0.297917 0.789062 0.262500
8 0.872656 0.282813 0.850000 0.264583 0.850000 0.302083 0.896875 0.306250 0.893750 0.258333
4 0.806901 0.314583 0.821875 0.239583 0.860938 0.237500 0.857812 0.383333 0.817187 0.381250 0.818750 0.343750 0.793750 0.341667 0.778125 0.350000 0.762500 0.339583 0.756250 0.320833 0.776563 0.295833 0.817187 0.302083 0.821875 0.239583
2 0.144531 0.177292 0.153125 0.145833 0.162500 0.154167 0.164062 0.168750 0.160938 0.187500 0.153125 0.197917 0.140625 0.204167 0.132812 0.204167 0.123438 0.193750 0.120313 0.168750 0.134375 0.147917
3 0.387370 0.443403 0.378125 0.435417 0.373437 0.379167 0.389062 0.372917 0.395313 0.431250 0.432812 0.422917 0.439063 0.445833 0.396875 0.454167 0.404687 0.508333 0.384375 0.510417 0.379688 0.454167 0.339062 0.464583 0.335938 0.441667
5 0.066406 0.467708 0.073438 0.443750 0.060937 0.439583 0.059375 0.489583 0.071875 0.497917
6 0.929688 0.499479 0.923438 0.447917 0.932813 0.441667 0.937500 0.554167 0.925000 0.554167
7 0.419375 0.423750 0.101562 0.097917 0.045312 0.881250 0.932813 0.945833 0.914062 0.100000 0.103125 0.093750
