0 0.247135 0.221181 0.248438 0.206250 0.257812 0.210417 0.256250 0.227083 0.248438 0.239583 0.239063 0.233333 0.232813 0.210417
1 0.675391 0.140104 0.685937 0.133333 0.684375 0.145833 0.679688 0.158333 0.670312 0.154167 0.665625 0.145833 0.664062 0.133333 0.671875 0.125000 0.681250 0.125000
2 0.085653 0.608333 0.107813 0.585417 0.114062 0.593750 0.110937 0.608333 0.101562 0.625000 0.084375 0.633333 0.073438 0.633333 0.062500 0.627083 0.057813 0.614583 0.064062 0.597917 0.075000 0.589583 0.090625 0.583333
3 0.529297 0.581597 0.525000 0.512500 0.540625 0.512500 0.539062 0.568750 0.582812 0.570833 0.579688 0.597917 0.535937 0.595833 0.537500 0.652083 0.520312 0.650000 0.517188 0.591667 0.478125 0.587500 0.473438 0.570833 0.521875 0.568750
5 0.065625 0.465104 0.075000 0.441667 0.062500 0.437500 0.056250 0.487500 0.068750 0.493750
6 0.931250 0.501042 0.921875 0.450000 0.935937 0.443750 0.940625 0.556250 0.926562 0.554167
9 0.814844 0.281250 0.835938 0.262500 0.835938 0.300000 0.795312 0.300000 0.792188 0.262500
8 0.874609 0.282292 0.853125 0.264583 0.851562 0.302083 0.896875 0.302083 0.896875 0.260417
4 0.803245 0.315064 0.821875 0.239583 0.859375 0.239583 0.860938 0.383333 0.821875 0.383333 0.814063 0.347917 0.796875 0.345833 0.776563 0.350000 0.760938 0.337500 0.754687 0.322917 0.767188 0.316667 0.775000 0.291667 0.810937 0.297917 0.821875 0.239583
7 0.420937 0.425833 0.101562 0.093750 0.917188 0.104167 0.935937 0.952083 0.046875 0.883333 0.103125 0.095833
