9 0.812500 0.280208 0.834375 0.264583 0.832812 0.295833 0.790625 0.300000 0.792188 0.260417
8 0.870313 0.282292 0.846875 0.262500 0.846875 0.302083 0.893750 0.302083 0.893750 0.262500
4 0.808073 0.328646 0.856250 0.391667 0.818750 0.389583 0.817187 0.345833 0.792188 0.350000 0.773438 0.354167 0.759375 0.341667 0.754687 0.320833 0.771875 0.293750 0.820312 0.297917 0.817187 0.239583 0.856250 0.231250 0.859375 0.387500
6 0.928516 0.504687 0.918750 0.452083 0.932813 0.443750 0.939063 0.560417 0.923438 0.562500
3 0.527734 0.582812 0.540625 0.514583 0.537500 0.570833 0.582812 0.562500 0.584375 0.597917 0.529687 0.597917 0.534375 0.650000 0.517188 0.654167 0.514062 0.593750 0.475000 0.593750 0.475000 0.570833 0.518750 0.570833 0.523438 0.516667
0 0.240625 0.854861 0.235937 0.839583 0.250000 0.835417 0.254688 0.856250 0.245312 0.870833 0.231250 0.870833 0.226562 0.856250
1 0.116071 0.822321 0.120313 0.835417 0.128125 0.825000 0.126562 0.814583 0.118750 0.808333 0.107813 0.810417 0.104688 0.822917 0.106250 0.839583
2 0.073125 0.827708 0.045312 0.843750 0.060937 0.852083 0.076563 0.852083 0.090625 0.845833 0.098437 0.831250 0.098437 0.816667 0.085938 0.802083 0.071875 0.800000 0.057813 0.810417 0.045312 0.822917
5 0.066016 0.465625 0.073438 0.443750 0.060937 0.439583 0.057813 0.487500 0.071875 0.491667
7 0.422187 0.425833 0.104688 0.093750 0.915625 0.100000 0.937500 0.950000 0.045312 0.887500 0.107813 0.097917
