9 0.812891 0.281250 0.834375 0.262500 0.831250 0.300000 0.793750 0.300000 0.792188 0.262500
8 0.871484 0.279687 0.850000 0.262500 0.850000 0.293750 0.892188 0.300000 0.893750 0.262500
4 0.805469 0.313368 0.818750 0.231250 0.860938 0.235417 0.856250 0.387500 0.818750 0.381250 0.821875 0.341667 0.792188 0.343750 0.781250 0.350000 0.759375 0.343750 0.756250 0.316667 0.775000 0.297917 0.809375 0.300000 0.815625 0.231250
3 0.388932 0.444271 0.381250 0.456250 0.384375 0.510417 0.403125 0.510417 0.398438 0.454167 0.440625 0.450000 0.437500 0.425000 0.395313 0.431250 0.390625 0.375000 0.376563 0.379167 0.381250 0.435417 0.337500 0.437500 0.340625 0.466667
0 0.167187 0.374653 0.171875 0.391667 0.179688 0.381250 0.176563 0.362500 0.162500 0.356250 0.156250 0.368750 0.156250 0.387500
1 0.277232 0.652679 0.287500 0.643750 0.287500 0.660417 0.281250 0.666667 0.270313 0.666667 0.262500 0.656250 0.268750 0.637500 0.282813 0.637500
2 0.140156 0.149792 0.128125 0.118750 0.140625 0.118750 0.148438 0.131250 0.156250 0.141667 0.156250 0.160417 0.156250 0.175000 0.145313 0.181250 0.131250 0.179167 0.120313 0.160417 0.118750 0.131250
5 0.062109 0.468229 0.068750 0.443750 0.059375 0.441667 0.054688 0.493750 0.065625 0.493750
6 0.929297 0.496875 0.923438 0.443750 0.934375 0.441667 0.937500 0.554167 0.921875 0.547917
7 0.417812 0.425417 0.100000 0.093750 0.912500 0.100000 0.932813 0.943750 0.040625 0.891667 0.103125 0.097917
