0 0.170982 0.746429 0.170313 0.764583 0.184375 0.754167 0.184375 0.741667 0.175000 0.731250 0.164062 0.731250 0.159375 0.741667 0.159375 0.760417
1 0.058036 0.852083 0.070312 0.847917 0.065625 0.860417 0.057813 0.870833 0.046875 0.868750 0.045312 0.845833 0.054688 0.833333 0.065625 0.837500
2 0.230208 0.269907 0.250000 0.256250 0.250000 0.277083 0.239063 0.293750 0.223438 0.304167 0.210938 0.295833 0.209375 0.272917 0.217188 0.245833 0.229687 0.239583 0.242188 0.243750
3 0.415625 0.384375 0.406250 0.314583 0.428125 0.316667 0.426563 0.370833 0.467187 0.375000 0.468750 0.395833 0.425000 0.402083 0.423438 0.452083 0.404687 0.454167 0.406250 0.395833 0.362500 0.395833 0.362500 0.368750 0.406250 0.370833
8 0.873437 0.284375 0.851562 0.264583 0.850000 0.300000 0.896875 0.306250 0.895312 0.266667
9 0.813281 0.280729 0.834375 0.262500 0.832812 0.302083 0.793750 0.300000 0.792188 0.258333
4 0.802885 0.318109 0.820312 0.291667 0.775000 0.293750 0.762500 0.308333 0.756250 0.322917 0.759375 0.339583 0.773438 0.350000 0.796875 0.339583 0.814063 0.350000 0.818750 0.385417 0.857812 0.383333 0.862500 0.239583 0.820312 0.237500 0.820312 0.293750
5 0.067187 0.466146 0.075000 0.441667 0.064062 0.437500 0.057813 0.489583 0.071875 0.495833
6 0.932813 0.506250 0.925000 0.454167 0.937500 0.447917 0.940625 0.560417 0.928125 0.562500
7 0.423438 0.424583 0.104688 0.093750 0.046875 0.881250 0.937500 0.950000 0.918750 0.104167 0.109375 0.093750
