0 0.778906 0.485156 0.039062 0.042188
0 0.774219 0.749219 0.032813 0.032813
1 0.200781 0.395313 0.051562 0.05
1 0.635938 0.546875 0.046875 0.04375
1 0.672656 0.720313 0.039062 0.03125
1 0.74375 0.714063 0.0375 0.04375
1 0.754687 0.682031 0.03125 0.035937
1 0.775781 0.689063 0.029687 0.040625
1 0.764062 0.457031 0.0375 0.051562
2 0.385156 0.671875 0.060937 0.071875
3 0.436719 0.502344 0.120313 0.157812
4 0.484375 0.299219 0.1375 0.132812
5 0.79375 0.474219 0.05 0.101562
6 0.075 0.428906 0.059375 0.142187
7 0.067969 0.445312 0.114062 0.778125
7 0.411719 0.832031 0.817187 0.132812
7 0.795312 0.477344 0.1 0.829688
7 0.45 0.104688 0.8 0.096875
