0 0.434375 0.619531 0.046875 0.051562
0 0.722656 0.198437 0.064062 0.059375
1 0.153125 0.557813 0.053125 0.053125
1 0.139063 0.635156 0.05625 0.045312
1 0.38125 0.61875 0.053125 0.053125
1 0.353125 0.483594 0.065625 0.060937
1 0.586719 0.632031 0.054688 0.051562
1 0.579688 0.3875 0.05 0.046875
1 0.854688 0.372656 0.046875 0.060937
1 0.732812 0.275 0.046875 0.053125
2 0.779687 0.492188 0.071875 0.0875
3 0.445312 0.289844 0.15 0.170313
4 0.335156 0.524219 0.145313 0.154688
5 0.876563 0.414844 0.05 0.092188
6 0.111719 0.36875 0.070312 0.140625
7 0.098437 0.396094 0.115625 0.785937
7 0.482812 0.778906 0.859375 0.139063
7 0.886719 0.435156 0.057813 0.848437
7 0.635156 0.014063 0.598437 0.01875
