0 0.480469 0.402344 0.060937 0.054688
0 0.285938 0.695312 0.046875 0.046875
1 0.0625 0.772656 0.05 0.039062
1 0.107813 0.7125 0.046875 0.046875
1 0.151562 0.721094 0.046875 0.051562
1 0.735156 0.732031 0.048438 0.048438
1 0.729688 0.635156 0.053125 0.042188
1 0.211719 0.3625 0.039062 0.05625
1 0.221875 0.25625 0.05 0.040625
1 0.520312 0.235156 0.05 0.039062
2 0.725781 0.192188 0.057813 0.078125
3 0.442188 0.414844 0.134375 0.148438
4 0.267969 0.433594 0.123438 0.160938
5 0.79375 0.474219 0.0625 0.082812
6 0.076563 0.433594 0.0875 0.142187
7 0.071875 0.450781 0.1125 0.792188
7 0.415625 0.832812 0.825 0.128125
7 0.801562 0.482031 0.0875 0.826562
7 0.464062 0.103125 0.778125 0.090625
