0 0.467969 0.348438 0.029687 0.0375
0 0.790625 0.503125 0.04375 0.05
1 0.133594 0.348438 0.042188 0.034375
1 0.325781 0.713281 0.045312 0.051562
1 0.717187 0.867969 0.034375 0.039062
1 0.492969 0.603125 0.039062 0.040625
1 0.782031 0.654687 0.045312 0.046875
1 0.628125 0.524219 0.053125 0.042188
1 0.453906 0.326562 0.042188 0.04375
1 0.772656 0.460156 0.042188 0.051562
2 0.185938 0.603906 0.065625 0.067187
3 0.439844 0.508594 0.110937 0.157812
4 0.490625 0.294531 0.125 0.142187
5 0.795312 0.578125 0.0625 0.084375
6 0.085156 0.458594 0.048438 0.129688
7 0.078125 0.463281 0.14375 0.795312
7 0.408594 0.888281 0.817187 0.204687
7 0.811719 0.580469 0.123438 0.864062
7 0.475 0.15625 0.79375 0.171875
