0 0.171875 0.030469 0.028125 0.029687
1 0.185938 0.175781 0.025 0.032813
1 0.146875 0.273438 0.028125 0.025
1 0.253125 0.601562 0.028125 0.03125
1 0.248438 0.682031 0.028125 0.032813
1 0.454688 0.584375 0.021875 0.03125
1 0.5125 0.532813 0.025 0.028125
1 0.353906 0.482812 0.017188 0.025
1 0.339844 0.569531 0.020313 0.023438
2 0.152344 0.207813 0.051562 0.059375
3 0.521875 0.459375 0.10625 0.140625
4 0.330469 0.521094 0.129688 0.145313
5 0.880469 0.446875 0.035937 0.075
7 0.885156 0.447656 0.142187 0.851562
7 0.480469 0.785937 0.835938 0.171875
7 0.117188 0.390625 0.1125 0.778125
7 0.564844 0.041406 0.782813 0.079687
