0 0.182031 0.141406 0.017188 0.020313
1 0.20625 0.288281 0.021875 0.023438
1 0.525 0.182031 0.01875 0.023438
1 0.7875 0.38125 0.01875 0.021875
1 0.64375 0.592187 0.01875 0.01875
1 0.578125 0.63125 0.021875 0.021875
1 0.64375 0.684375 0.015625 0.025
1 0.567969 0.721094 0.020313 0.023438
1 0.682813 0.800781 0.021875 0.023438
2 0.73125 0.61875 0.046875 0.04375
3 0.607812 0.408594 0.09375 0.110937
4 0.726562 0.420312 0.10625 0.140625
5 0.832812 0.501563 0.028125 0.05
6 0.138281 0.460938 0.035937 0.109375
7 0.127344 0.459375 0.092188 0.746875
7 0.469531 0.839063 0.773438 0.10625
7 0.492188 0.139844 0.740625 0.107813
7 0.823438 0.514844 0.06875 0.767188
