0 0.170313 0.028906 0.025 0.023438
1 0.189844 0.179688 0.023438 0.028125
1 0.15 0.260156 0.028125 0.026562
1 0.191406 0.525781 0.020313 0.029687
1 0.252344 0.675781 0.032813 0.035937
1 0.4375 0.594531 0.021875 0.029687
1 0.513281 0.536719 0.023438 0.026562
1 0.355469 0.485156 0.020313 0.023438
1 0.338281 0.570312 0.023438 0.025
2 0.153906 0.203125 0.051562 0.06875
3 0.525781 0.458594 0.104688 0.132812
4 0.33125 0.520312 0.11875 0.140625
5 0.878125 0.446875 0.0375 0.071875
6 0.125781 0.380469 0.029687 0.123438
7 0.105469 0.391406 0.101562 0.782813
7 0.478125 0.785937 0.84375 0.16875
7 0.895312 0.444531 0.134375 0.854688
7 0.538281 0.042188 0.854688 0.078125
