0 0.724219 0.210156 0.064062 0.064062
1 0.355469 0.483594 0.070312 0.051562
1 0.496875 0.171094 0.053125 0.051562
1 0.617969 0.167187 0.048438 0.05
1 0.739062 0.275 0.046875 0.046875
1 0.848437 0.5625 0.0375 0.046875
1 0.521094 0.539062 0.048438 0.059375
2 0.775 0.498437 0.075 0.08125
3 0.524219 0.461719 0.132812 0.167187
4 0.339062 0.523438 0.15625 0.171875
5 0.874219 0.414062 0.076563 0.096875
6 0.114062 0.371875 0.078125 0.14375
7 0.098437 0.409375 0.08125 0.778125
7 0.491406 0.778906 0.867188 0.135937
7 0.876563 0.432812 0.11875 0.853125
7 0.728906 0.010937 0.410938 0.021875
