0 0.727344 0.210938 0.067187 0.05625
1 0.452344 0.059375 0.054688 0.053125
1 0.517969 0.16875 0.051562 0.046875
1 0.732812 0.275 0.065625 0.046875
1 0.35625 0.477344 0.071875 0.064062
1 0.342969 0.571875 0.057813 0.053125
1 0.515625 0.532813 0.065625 0.05625
1 0.644531 0.729688 0.060937 0.046875
1 0.842187 0.564844 0.046875 0.045312
2 0.776563 0.498437 0.075 0.084375
3 0.520312 0.466406 0.146875 0.176563
4 0.332031 0.525781 0.157812 0.182812
5 0.875 0.4125 0.065625 0.1125
6 0.107813 0.371875 0.0875 0.140625
7 0.1 0.401562 0.084375 0.790625
7 0.485156 0.782031 0.860938 0.145313
7 0.886719 0.43125 0.095312 0.85625
7 0.689063 0.015625 0.515625 0.03125
