0 0.717969 0.782031 0.023438 0.026562
1 0.214062 0.741406 0.01875 0.026562
1 0.829688 0.544531 0.021875 0.026562
1 0.708594 0.352344 0.020313 0.026562
1 0.784375 0.364063 0.025 0.028125
1 0.825781 0.789844 0.020313 0.026562
1 0.775781 0.175781 0.026562 0.023438
1 0.775 0.129688 0.021875 0.025
1 0.321875 0.196875 0.021875 0.028125
2 0.654687 0.501563 0.046875 0.040625
3 0.504687 0.360156 0.0875 0.110937
4 0.314063 0.242188 0.10625 0.125
5 0.846094 0.453906 0.032813 0.051562
6 0.147656 0.414062 0.035937 0.096875
7 0.138281 0.417187 0.079687 0.7375
7 0.4875 0.790625 0.778125 0.109375
7 0.853906 0.465625 0.045312 0.765625
7 0.511719 0.094531 0.742188 0.085938
