0 0.433594 0.61875 0.051562 0.05625
0 0.725781 0.211719 0.051562 0.057813
1 0.128125 0.572656 0.05625 0.042188
1 0.139844 0.635156 0.067187 0.048438
1 0.377344 0.621094 0.051562 0.051562
1 0.354687 0.482812 0.05625 0.053125
1 0.585938 0.630469 0.053125 0.048438
1 0.584375 0.389062 0.04375 0.046875
1 0.739844 0.273438 0.051562 0.05
2 0.778125 0.496875 0.075 0.078125
3 0.446875 0.285938 0.140625 0.153125
4 0.3375 0.520312 0.14375 0.165625
5 0.871875 0.408594 0.059375 0.104688
6 0.1125 0.373437 0.0875 0.140625
7 0.096094 0.403125 0.085938 0.7875
7 0.492188 0.782031 0.85625 0.145313
7 0.884375 0.425781 0.09375 0.848437
7 0.73125 0.017188 0.39375 0.015625
