0 0.435156 0.617969 0.048438 0.054688
0 0.724219 0.21875 0.067187 0.06875
1 0.128125 0.573438 0.04375 0.046875
1 0.1375 0.635156 0.05625 0.042188
1 0.374219 0.620313 0.048438 0.05
1 0.353906 0.479687 0.073438 0.0625
1 0.585156 0.632031 0.076563 0.060937
1 0.584375 0.389062 0.046875 0.05
1 0.736719 0.274219 0.035937 0.045312
2 0.782031 0.496094 0.085938 0.089063
3 0.439844 0.282813 0.135937 0.16875
4 0.332031 0.51875 0.135937 0.16875
5 0.875781 0.4125 0.067187 0.096875
6 0.110937 0.377344 0.065625 0.132812
7 0.094531 0.397656 0.070312 0.782813
7 0.492969 0.782813 0.864062 0.128125
7 0.892969 0.428906 0.085938 0.851562
7 0.700781 0.016406 0.451562 0.023438
