0 0.725781 0.204687 0.054688 0.06875
1 0.528125 0.176563 0.05 0.05
1 0.357812 0.483594 0.059375 0.045312
1 0.514844 0.532813 0.054688 0.065625
1 0.732031 0.278125 0.048438 0.053125
1 0.683594 0.421875 0.032813 0.0625
1 0.846094 0.560156 0.042188 0.048438
2 0.779687 0.498437 0.0625 0.08125
3 0.525781 0.4625 0.126562 0.159375
4 0.339844 0.521875 0.142187 0.159375
1 0.342187 0.56875 0.046875 0.04375
5 0.874219 0.414062 0.054688 0.0875
6 0.110937 0.373437 0.0625 0.128125
7 0.107813 0.403125 0.071875 0.790625
7 0.485938 0.790625 0.859375 0.15
7 0.890625 0.427344 0.078125 0.848437
7 0.728125 0.020313 0.421875 0.0375
