0 0.182031 0.140625 0.023438 0.025
1 0.204687 0.285938 0.021875 0.025
1 0.525781 0.183594 0.017188 0.023438
1 0.79375 0.386719 0.01875 0.020313
1 0.636719 0.553906 0.020313 0.020313
1 0.582812 0.621875 0.015625 0.021875
1 0.644531 0.684375 0.017188 0.021875
1 0.564063 0.719531 0.01875 0.023438
1 0.685156 0.801562 0.020313 0.021875
2 0.727344 0.576562 0.045312 0.04375
3 0.605469 0.409375 0.089063 0.109375
4 0.725 0.421094 0.10625 0.132812
5 0.832812 0.499219 0.025 0.051562
6 0.135156 0.45625 0.032813 0.103125
7 0.13125 0.460156 0.084375 0.751563
7 0.835156 0.510938 0.060937 0.75
7 0.491406 0.146094 0.742188 0.120313
7 0.471094 0.833594 0.767188 0.110937
