0 0.422656 0.357812 0.039062 0.046875
0 0.792188 0.502344 0.040625 0.042188
1 0.133594 0.34375 0.039062 0.04375
1 0.338281 0.714844 0.042188 0.042188
1 0.496875 0.603125 0.040625 0.040625
1 0.624219 0.585156 0.042188 0.051562
1 0.717969 0.86875 0.032813 0.05
1 0.779687 0.660937 0.046875 0.040625
1 0.771094 0.460938 0.045312 0.04375
2 0.189062 0.605469 0.065625 0.070312
3 0.439063 0.502344 0.11875 0.145313
4 0.492188 0.3 0.128125 0.140625
1 0.455469 0.326562 0.045312 0.04375
5 0.8 0.572656 0.05625 0.085938
6 0.077344 0.45625 0.054688 0.125
7 0.076563 0.46875 0.146875 0.79375
7 0.405469 0.886719 0.804688 0.214062
7 0.80625 0.583594 0.11875 0.882812
7 0.485938 0.158594 0.784375 0.189062
