0 0.371094 0.664062 0.054688 0.046875
0 0.479687 0.403125 0.04375 0.046875
1 0.0625 0.777344 0.05 0.045312
1 0.103906 0.710938 0.048438 0.046875
1 0.150781 0.721875 0.039062 0.05
1 0.732812 0.727344 0.05 0.048438
1 0.753125 0.641406 0.03125 0.042188
1 0.15 0.332813 0.040625 0.05625
1 0.211719 0.364844 0.042188 0.048438
1 0.528906 0.234375 0.039062 0.046875
2 0.724219 0.195312 0.064062 0.078125
3 0.446875 0.414062 0.134375 0.146875
4 0.272656 0.428906 0.120313 0.167187
5 0.79375 0.466406 0.05625 0.095312
6 0.074219 0.436719 0.079687 0.135937
7 0.069531 0.445312 0.123438 0.790625
7 0.41875 0.835156 0.83125 0.117188
7 0.8 0.473438 0.109375 0.828125
7 0.460156 0.099219 0.785937 0.098437
