0 0.171094 0.03125 0.026562 0.028125
1 0.446094 0.0625 0.017188 0.021875
1 0.353125 0.483594 0.015625 0.023438
1 0.338281 0.56875 0.014063 0.01875
1 0.513281 0.535156 0.017188 0.020313
1 0.641406 0.696094 0.020313 0.026562
1 0.842969 0.554688 0.020313 0.025
1 0.727344 0.267188 0.026562 0.025
1 0.509375 0.163281 0.021875 0.023438
2 0.778125 0.492188 0.04375 0.053125
3 0.521875 0.460938 0.10625 0.121875
4 0.333594 0.522656 0.101562 0.135937
5 0.888281 0.453125 0.032813 0.05625
6 0.135937 0.374219 0.03125 0.107813
7 0.122656 0.394531 0.107813 0.776563
7 0.4875 0.803906 0.840625 0.160938
7 0.90625 0.457031 0.13125 0.854688
7 0.535937 0.042188 0.871875 0.078125
