0 0.428906 0.696875 0.035937 0.05
0 0.483594 0.398438 0.045312 0.05
1 0.064844 0.774219 0.045312 0.045312
1 0.110156 0.711719 0.039062 0.045312
1 0.147656 0.717187 0.045312 0.053125
1 0.735938 0.728125 0.040625 0.05
1 0.746094 0.63125 0.045312 0.0625
1 0.171875 0.427344 0.04375 0.057813
1 0.207813 0.3625 0.046875 0.053125
1 0.530469 0.2375 0.045312 0.04375
1 0.404687 0.554688 0.0 0.0
2 0.725781 0.196875 0.067187 0.08125
3 0.449219 0.415625 0.126562 0.15
4 0.278125 0.427344 0.1125 0.167187
5 0.795312 0.46875 0.059375 0.103125
6 0.075781 0.433594 0.070312 0.142187
7 0.065625 0.449219 0.11875 0.807813
7 0.419531 0.833594 0.820312 0.139063
7 0.808594 0.489063 0.085938 0.85625
7 0.460938 0.107813 0.78125 0.121875
