0 0.194531 0.238281 0.045312 0.042188
0 0.53125 0.753125 0.053125 0.059375
1 0.214844 0.232813 0.045312 0.046875
1 0.214062 0.364063 0.053125 0.046875
1 0.165625 0.527344 0.053125 0.045312
1 0.150781 0.735156 0.054688 0.048438
1 0.070312 0.774219 0.053125 0.051562
1 0.735938 0.730469 0.040625 0.039062
1 0.777344 0.6 0.048438 0.04375
1 0.566406 0.251563 0.045312 0.05
2 0.299219 0.626563 0.067187 0.078125
3 0.435937 0.504687 0.11875 0.159375
4 0.359375 0.389062 0.1375 0.18125
5 0.794531 0.476562 0.073438 0.10625
6 0.073438 0.438281 0.071875 0.126562
7 0.06875 0.447656 0.115625 0.792188
7 0.4125 0.830469 0.81875 0.132812
7 0.807813 0.485938 0.078125 0.834375
7 0.45625 0.102344 0.7875 0.110937
