0 0.777344 0.482812 0.035937 0.04375
0 0.774219 0.733594 0.032813 0.039062
1 0.203906 0.346875 0.042188 0.04375
1 0.636719 0.547656 0.042188 0.045312
1 0.767969 0.636719 0.039062 0.039062
1 0.753125 0.695312 0.0375 0.034375
1 0.773438 0.702344 0.028125 0.045312
1 0.71875 0.785937 0.05 0.046875
1 0.761719 0.45625 0.039062 0.05
1 0.751563 0.746875 0.04375 0.046875
2 0.335938 0.629687 0.078125 0.075
3 0.4375 0.503906 0.128125 0.148438
4 0.490625 0.301563 0.14375 0.1375
5 0.798438 0.492188 0.04375 0.1
6 0.083594 0.424219 0.057813 0.145313
7 0.06875 0.45 0.125 0.7875
7 0.417187 0.832031 0.825 0.126562
7 0.80625 0.485938 0.08125 0.828125
7 0.460156 0.099219 0.767188 0.079687
