0 0.458594 0.803125 0.051562 0.05625
0 0.483594 0.402344 0.042188 0.054688
1 0.207813 0.3625 0.05625 0.053125
1 0.221094 0.386719 0.051562 0.045312
1 0.407031 0.43125 0.048438 0.05
1 0.714063 0.492969 0.0375 0.051562
1 0.599219 0.359375 0.039062 0.04375
1 0.475 0.266406 0.0375 0.042188
1 0.516406 0.272656 0.042188 0.048438
2 0.16875 0.367969 0.0625 0.079687
3 0.44375 0.409375 0.140625 0.15625
4 0.275781 0.43125 0.117188 0.178125
5 0.794531 0.472656 0.060937 0.092188
6 0.078125 0.432812 0.071875 0.14375
7 0.066406 0.44375 0.104688 0.79375
7 0.414844 0.827344 0.820312 0.139063
7 0.803906 0.477344 0.107813 0.851562
7 0.446094 0.110937 0.839063 0.121875
