0 0.16875 0.026562 0.028125 0.03125
1 0.186719 0.177344 0.026562 0.029687
1 0.148438 0.271875 0.03125 0.028125
1 0.353125 0.483594 0.01875 0.026562
1 0.339062 0.570312 0.021875 0.028125
1 0.257031 0.589844 0.023438 0.029687
1 0.2375 0.686719 0.021875 0.026562
1 0.445312 0.589844 0.021875 0.023438
1 0.5125 0.535156 0.025 0.026562
2 0.155469 0.20625 0.054688 0.05625
3 0.528906 0.457813 0.098437 0.134375
4 0.33125 0.520312 0.115625 0.1375
5 0.878125 0.449219 0.028125 0.076563
6 0.123438 0.382812 0.028125 0.121875
7 0.104688 0.398438 0.096875 0.7875
7 0.475781 0.800781 0.835938 0.148438
7 0.896875 0.446875 0.11875 0.85625
7 0.532031 0.042188 0.839063 0.078125
