0 0.170313 0.028906 0.028125 0.032813
1 0.244531 0.685156 0.032813 0.032813
1 0.25625 0.592187 0.021875 0.034375
1 0.339062 0.56875 0.01875 0.025
1 0.444531 0.589844 0.026562 0.029687
1 0.352344 0.482031 0.023438 0.032813
1 0.514062 0.535937 0.025 0.028125
1 0.148438 0.269531 0.028125 0.029687
1 0.184375 0.176563 0.025 0.028125
2 0.155469 0.200781 0.051562 0.060937
3 0.528125 0.457031 0.096875 0.126562
4 0.333594 0.521875 0.104688 0.14375
5 0.878125 0.446094 0.028125 0.070312
6 0.126562 0.36875 0.028125 0.128125
7 0.116406 0.386719 0.110937 0.770312
7 0.564063 0.042969 0.784375 0.082812
7 0.878906 0.446875 0.154688 0.85625
7 0.486719 0.783594 0.839063 0.185938
