0 0.171875 0.028125 0.03125 0.034375
1 0.184375 0.177344 0.03125 0.026562
1 0.148438 0.267188 0.025 0.03125
1 0.353125 0.484375 0.021875 0.03125
1 0.5125 0.533594 0.021875 0.029687
1 0.444531 0.589844 0.026562 0.032813
1 0.265625 0.576562 0.028125 0.040625
1 0.235937 0.689063 0.025 0.03125
2 0.152344 0.207031 0.051562 0.057813
3 0.525781 0.452344 0.098437 0.132812
4 0.332031 0.51875 0.107813 0.140625
1 0.339062 0.567969 0.021875 0.026562
5 0.877344 0.447656 0.039062 0.070312
6 0.125 0.372656 0.0375 0.123438
7 0.110937 0.392969 0.103125 0.779687
7 0.479687 0.796094 0.828125 0.157812
7 0.895312 0.448437 0.128125 0.85625
7 0.540625 0.041406 0.8375 0.076563
