1 0.12890625 0.85234375 0.021875 0.03515625
1 0.17109375 0.48203125 0.021875 0.03515625
1 0.20859375 0.75625 0.02109375 0.03359375
1 0.146875 0.4625 0.0203125 0.0328125
1 0.6515625 0.265625 0.01953125 0.0296875
1 0.74921875 0.40546875 0.01875 0.02890625
1 0.23203125 0.06484375 0.0203125 0.03359375
1 0.64296875 0.940625 0.02421875 0.0328125
0 0.28828125 0.665625 0.01953125 0.0296875
0 0.30078125 0.56015625 0.01953125 0.028125
0 0.25 0.05078125 0.02109375 0.03984375
0 0.71796875 0.6765625 0.021875 0.04609375
