1 0.49296875 0.06484375 0.02265625 0.0359375
1 0.7078125 0.721875 0.01953125 0.03359375
1 0.62890625 0.0546875 0.02421875 0.03671875
1 0.74296875 0.384375 0.0203125 0.034375
1 0.6015625 0.38671875 0.01953125 0.0328125
1 0.46953125 0.5328125 0.02109375 0.03046875
0 0.46328125 0.45234375 0.0203125 0.0359375
1 0.6421875 0.940625 0.0234375 0.034375
1 0.4375 0.51328125 0.01796875 0.0296875
0 0.371875 0.2796875 0.021875 0.03203125
0 0.73984375 0.0453125 0.0234375 0.034375
0 0.12421875 0.93828125 0.01875 0.0328125
