1 0.71328125 0.05703125 0.021875 0.03359375
1 0.45078125 0.10703125 0.0203125 0.03359375
1 0.434375 0.41953125 0.01953125 0.03125
1 0.2484375 0.6953125 0.0203125 0.03359375
0 0.11953125 0.15859375 0.0234375 0.0328125
0 0.428125 0.52578125 0.02265625 0.03046875
1 0.19375 0.55703125 0.021875 0.03359375
1 0.3546875 0.94140625 0.01796875 0.03125
1 0.7515625 0.375 0.01875 0.0265625
0 0.584375 0.82109375 0.02421875 0.034375
1 0.3703125 0.93515625 0.01875 0.03359375
1 0.68203125 0.71484375 0.0203125 0.0296875
0 0.796875 0.75546875 0.02421875 0.0296875
