1 0.24765625 0.69609375 0.0203125 0.0359375
1 0.4359375 0.41875 0.01953125 0.034375
1 0.38125 0.21953125 0.0203125 0.034375
1 0.75234375 0.37421875 0.0203125 0.03125
0 0.1203125 0.15859375 0.0203125 0.0359375
1 0.71171875 0.0578125 0.02109375 0.0328125
0 0.42890625 0.525 0.02109375 0.034375
1 0.68046875 0.71484375 0.0203125 0.03046875
1 0.3546875 0.94140625 0.0203125 0.0328125
0 0.584375 0.82109375 0.0234375 0.034375
1 0.371875 0.9359375 0.021875 0.034375
0 0.79375 0.75546875 0.0234375 0.0296875
