1 0.31484375 0.68984375 0.02734375 0.0484375
1 0.528125 0.76171875 0.0171875 0.028125
1 0.528125 0.7921875 0.01796875 0.02734375
1 0.81953125 0.1828125 0.01875 0.034375
1 0.81640625 0.540625 0.01875 0.03125
1 0.71171875 0.3765625 0.01953125 0.02890625
0 0.81953125 0.5078125 0.01953125 0.02890625
1 0.7390625 0.06015625 0.02421875 0.03046875
1 0.78828125 0.84296875 0.01953125 0.03125
1 0.7171875 0.278125 0.0203125 0.03203125
1 0.79609375 0.5359375 0.0171875 0.0296875
1 0.78125 0.86953125 0.01875 0.03359375
