0 0.501042 0.521181 0.493750 0.535417 0.509375 0.531250 0.512500 0.516667 0.503125 0.504167 0.493750 0.510417 0.493750 0.529167
1 0.680000 0.520833 0.668750 0.525000 0.681250 0.537500 0.693750 0.525000 0.684375 0.506250 0.671875 0.510417
1 0.506563 0.617500 0.506250 0.606250 0.496875 0.612500 0.500000 0.625000 0.510938 0.631250 0.518750 0.612500
1 0.379948 0.438889 0.371875 0.450000 0.387500 0.456250 0.392188 0.437500 0.384375 0.422917 0.375000 0.429167 0.368750 0.437500
1 0.868125 0.197083 0.856250 0.206250 0.875000 0.212500 0.881250 0.193750 0.868750 0.181250 0.859375 0.191667
2 0.501367 0.581771 0.487500 0.600000 0.500000 0.610417 0.512500 0.600000 0.518750 0.575000 0.517188 0.556250 0.501563 0.556250 0.489063 0.568750 0.484375 0.587500
3 0.516927 0.537384 0.528125 0.593750 0.523438 0.572917 0.521875 0.556250 0.512500 0.550000 0.490625 0.560417 0.481250 0.568750 0.473438 0.537500 0.490625 0.535417 0.509375 0.537500 0.512500 0.525000 0.506250 0.506250 0.496875 0.481250 0.515625 0.472917 0.528125 0.510417 0.559375 0.504167 0.568750 0.525000 0.537500 0.543750 0.548438 0.591667
5 0.894141 0.459896 0.876563 0.487500 0.912500 0.485417 0.909375 0.429167 0.878125 0.437500
6 0.120313 0.468229 0.104688 0.518750 0.134375 0.522917 0.134375 0.412500 0.107813 0.418750
7 0.507812 0.850521 0.096875 0.835417 0.921875 0.825000 0.934375 0.862500 0.078125 0.879167
7 0.119922 0.471354 0.134375 0.875000 0.134375 0.079167 0.107813 0.043750 0.103125 0.887500
7 0.501563 0.086979 0.100000 0.110417 0.903125 0.104167 0.925000 0.066667 0.078125 0.066667
7 0.893359 0.461458 0.887500 0.860417 0.868750 0.062500 0.898438 0.043750 0.918750 0.879167
