7 0.511328 0.847917 0.090625 0.887500 0.940625 0.854167 0.925000 0.812500 0.089063 0.837500
7 0.119531 0.480729 0.134375 0.893750 0.139063 0.066667 0.107813 0.062500 0.096875 0.900000
7 0.508984 0.090104 0.093750 0.118750 0.925000 0.106250 0.925000 0.062500 0.092188 0.072917
7 0.896875 0.461979 0.887500 0.868750 0.871875 0.050000 0.903125 0.050000 0.925000 0.879167
5 0.896094 0.457813 0.881250 0.485417 0.912500 0.479167 0.909375 0.431250 0.881250 0.435417
6 0.117188 0.472396 0.100000 0.518750 0.134375 0.522917 0.134375 0.429167 0.100000 0.418750
0 0.489063 0.435417 0.487500 0.450000 0.501563 0.441667 0.496875 0.418750 0.481250 0.422917 0.478125 0.443750
1 0.432031 0.496875 0.426563 0.516667 0.442188 0.506250 0.443750 0.491667 0.434375 0.481250 0.423438 0.485417 0.421875 0.500000
1 0.846250 0.631667 0.846875 0.647917 0.831250 0.641667 0.837500 0.618750 0.856250 0.618750 0.859375 0.631250
1 0.132812 0.819167 0.125000 0.837500 0.148438 0.829167 0.148438 0.806250 0.125000 0.804167 0.117188 0.818750
2 0.457292 0.313194 0.434375 0.300000 0.443750 0.337500 0.468750 0.350000 0.478125 0.322917 0.468750 0.287500 0.450000 0.281250
3 0.537760 0.474826 0.537500 0.541667 0.557813 0.535417 0.550000 0.487500 0.589063 0.475000 0.581250 0.443750 0.550000 0.456250 0.537500 0.410417 0.518750 0.412500 0.521875 0.462500 0.487500 0.479167 0.493750 0.500000 0.528125 0.493750
4 0.681801 0.354779 0.657813 0.429167 0.695312 0.408333 0.734375 0.389583 0.750000 0.370833 0.743750 0.345833 0.746875 0.310417 0.731250 0.295833 0.714063 0.285417 0.685937 0.297917 0.662500 0.312500 0.650000 0.316667 0.631250 0.325000 0.626563 0.343750 0.626563 0.362500 0.634375 0.385417 0.640625 0.420833 0.659375 0.431250
