7 0.433437 0.845833 0.087500 0.850000 0.131250 0.831250 0.918750 0.825000 0.940625 0.847917 0.089063 0.875000
7 0.118359 0.471875 0.134375 0.875000 0.134375 0.075000 0.100000 0.043750 0.104688 0.893750
7 0.499219 0.088542 0.093750 0.106250 0.906250 0.106250 0.918750 0.068750 0.078125 0.072917
7 0.894922 0.466146 0.881250 0.866667 0.862500 0.072917 0.907813 0.043750 0.928125 0.881250
0 0.501302 0.523264 0.492188 0.531250 0.506250 0.537500 0.512500 0.531250 0.510938 0.510417 0.493750 0.510417 0.492188 0.518750
1 0.491875 0.618750 0.492188 0.629167 0.501563 0.616667 0.493750 0.604167 0.484375 0.612500 0.487500 0.631250
1 0.695000 0.507500 0.693750 0.518750 0.704688 0.510417 0.700000 0.493750 0.687500 0.497917 0.689063 0.516667
1 0.869375 0.199583 0.856250 0.204167 0.867188 0.218750 0.881250 0.204167 0.881250 0.185417 0.860938 0.185417
1 0.165885 0.327083 0.156250 0.343750 0.171875 0.343750 0.179688 0.325000 0.171875 0.312500 0.160938 0.312500 0.154688 0.325000
2 0.500446 0.579762 0.481250 0.593750 0.496875 0.604167 0.515625 0.600000 0.521875 0.568750 0.512500 0.550000 0.493750 0.560417 0.481250 0.581250
3 0.524023 0.542188 0.525000 0.597917 0.525000 0.575000 0.518750 0.543750 0.503125 0.556250 0.481250 0.562500 0.475000 0.541667 0.506250 0.525000 0.496875 0.475000 0.515625 0.472917 0.528125 0.516667 0.559375 0.506250 0.571875 0.522917 0.564063 0.531250 0.534375 0.547917 0.546875 0.593750 0.532813 0.606250
5 0.892188 0.458333 0.878125 0.487500 0.906250 0.479167 0.906250 0.429167 0.878125 0.437500
6 0.118750 0.470313 0.104688 0.525000 0.131250 0.525000 0.131250 0.418750 0.107813 0.412500
