1 0.352500 0.484167 0.353125 0.472917 0.346875 0.479167 0.345313 0.493750 0.356250 0.493750 0.360938 0.481250
1 0.511250 0.534583 0.506250 0.522917 0.503125 0.535417 0.509375 0.547917 0.518750 0.541667 0.518750 0.525000
3 0.523307 0.459722 0.518750 0.393750 0.515625 0.443750 0.478125 0.441667 0.475000 0.466667 0.510938 0.475000 0.503125 0.510417 0.528125 0.522917 0.532813 0.479167 0.565625 0.485417 0.573438 0.456250 0.534375 0.447917 0.543750 0.393750
1 0.150313 0.270833 0.154688 0.254167 0.159375 0.268750 0.150000 0.281250 0.140625 0.281250 0.146875 0.268750
1 0.339062 0.567083 0.332813 0.562500 0.340625 0.556250 0.346875 0.566667 0.340625 0.575000 0.334375 0.575000
4 0.341016 0.525833 0.275000 0.525000 0.293750 0.543750 0.303125 0.541667 0.328125 0.556250 0.337500 0.547917 0.348438 0.550000 0.353125 0.560417 0.346875 0.579167 0.359375 0.587500 0.379688 0.568750 0.367188 0.554167 0.368750 0.535417 0.367188 0.516667 0.381250 0.493750 0.371875 0.462500 0.350000 0.454167 0.335938 0.466667 0.332813 0.493750 0.321875 0.493750 0.298438 0.485417
1 0.255625 0.589583 0.265625 0.581250 0.253125 0.579167 0.243750 0.587500 0.250000 0.600000 0.265625 0.600000
1 0.444375 0.586667 0.439063 0.575000 0.434375 0.591667 0.442188 0.600000 0.456250 0.591667 0.450000 0.575000
1 0.236875 0.683750 0.231250 0.668750 0.225000 0.687500 0.234375 0.704167 0.251563 0.691667 0.242188 0.666667
5 0.876172 0.448437 0.862500 0.406250 0.893750 0.406250 0.893750 0.493750 0.854688 0.487500
6 0.119531 0.373958 0.107813 0.316667 0.139063 0.318750 0.131250 0.435417 0.100000 0.425000
7 0.117188 0.075694 0.106250 0.006250 0.104688 0.129167 0.140625 0.091667
7 0.107813 0.560417 0.100000 0.341667 0.075000 0.785417 0.112500 0.785417 0.143750 0.329167
7 0.283594 0.772396 0.056250 0.725000 0.526563 0.775000 0.501563 0.816667 0.050000 0.772917
7 0.832422 0.825521 0.792188 0.797917 0.768750 0.837500 0.884375 0.854167 0.884375 0.812500
7 0.889453 0.444271 0.906250 0.016667 0.840625 0.872917 0.876563 0.875000 0.934375 0.012500
7 0.639453 0.040104 0.948438 0.041667 0.335938 0.000000 0.325000 0.037500 0.948438 0.081250
