0 0.173177 0.180208 0.171875 0.166667 0.162500 0.175000 0.165625 0.187500 0.176563 0.191667 0.181250 0.187500 0.181250 0.172917
1 0.189844 0.290972 0.187500 0.279167 0.181250 0.285417 0.181250 0.297917 0.190625 0.304167 0.201563 0.297917 0.196875 0.281250
1 0.211979 0.362847 0.212500 0.350000 0.203125 0.356250 0.203125 0.372917 0.212500 0.375000 0.221875 0.368750 0.218750 0.354167
1 0.175937 0.409583 0.175000 0.393750 0.165625 0.406250 0.170313 0.418750 0.181250 0.422917 0.187500 0.406250
4 0.361638 0.397557 0.359375 0.310417 0.346875 0.335417 0.353125 0.337500 0.318750 0.387500 0.309375 0.385417 0.300000 0.406250 0.325000 0.437500 0.334375 0.437500 0.340625 0.429167 0.345313 0.429167 0.337500 0.443750 0.350000 0.456250 0.360938 0.462500 0.364063 0.450000 0.353125 0.443750 0.353125 0.431250 0.359375 0.429167 0.365625 0.418750 0.368750 0.406250 0.379688 0.406250 0.387500 0.393750 0.390625 0.375000 0.387500 0.368750 0.395313 0.368750 0.406250 0.379167 0.412500 0.362500 0.400000 0.350000 0.387500 0.350000 0.395313 0.337500
1 0.571094 0.220312 0.571875 0.206250 0.559375 0.218750 0.571875 0.237500 0.581250 0.218750
3 0.437760 0.504340 0.434375 0.443750 0.426563 0.487500 0.398438 0.475000 0.384375 0.504167 0.421875 0.518750 0.412500 0.562500 0.440625 0.568750 0.446875 0.518750 0.481250 0.535417 0.493750 0.506250 0.450000 0.493750 0.462500 0.437500
2 0.296484 0.620833 0.300000 0.591667 0.281250 0.600000 0.275000 0.618750 0.278125 0.637500 0.293750 0.650000 0.312500 0.643750 0.318750 0.625000 0.312500 0.600000
1 0.140625 0.677083 0.139063 0.662500 0.129688 0.675000 0.134375 0.693750 0.150000 0.687500 0.150000 0.666667
1 0.735000 0.730417 0.725000 0.718750 0.725000 0.743750 0.743750 0.743750 0.745313 0.729167 0.735938 0.716667
1 0.781250 0.597917 0.778125 0.585417 0.771875 0.593750 0.778125 0.606250 0.790625 0.606250 0.787500 0.597917
5 0.797656 0.466667 0.784375 0.435417 0.814063 0.425000 0.814063 0.506250 0.778125 0.500000
6 0.076953 0.433854 0.065625 0.362500 0.100000 0.368750 0.092188 0.510417 0.050000 0.493750
7 0.075000 0.442188 0.092188 0.062500 0.020313 0.818750 0.062500 0.825000 0.125000 0.062500
7 0.416797 0.825000 0.009375 0.775000 0.823438 0.843750 0.825000 0.875000 0.009375 0.806250
7 0.803516 0.489063 0.803125 0.085417 0.771875 0.891667 0.809375 0.891667 0.829688 0.087500
7 0.463281 0.104167 0.845313 0.093750 0.845313 0.147917 0.081250 0.106250 0.081250 0.068750
