0 0.433984 0.618750 0.425000 0.612500 0.429688 0.631250 0.443750 0.625000 0.437500 0.606250
1 0.378516 0.618229 0.368750 0.616667 0.376563 0.631250 0.387500 0.618750 0.381250 0.606250
1 0.586719 0.631250 0.575000 0.631250 0.585938 0.643750 0.596875 0.631250 0.589063 0.618750
1 0.585156 0.386979 0.575000 0.381250 0.581250 0.397917 0.595313 0.393750 0.589063 0.375000
1 0.733594 0.273438 0.725000 0.275000 0.734375 0.287500 0.743750 0.268750 0.731250 0.262500
1 0.125781 0.570833 0.118750 0.560417 0.118750 0.575000 0.131250 0.581250 0.134375 0.566667
1 0.138281 0.633854 0.129688 0.631250 0.134375 0.647917 0.145313 0.637500 0.143750 0.618750
1 0.871094 0.038542 0.860938 0.031250 0.870313 0.050000 0.881250 0.041667 0.871875 0.031250
2 0.780729 0.497222 0.756250 0.481250 0.767188 0.506250 0.787500 0.522917 0.796875 0.510417 0.798438 0.487500 0.778125 0.475000
3 0.449740 0.281771 0.400000 0.254167 0.398438 0.281250 0.431250 0.293750 0.429688 0.337500 0.454688 0.350000 0.459375 0.304167 0.500000 0.306250 0.506250 0.285417 0.460938 0.272917 0.468750 0.222917 0.450000 0.206250 0.437500 0.266667
4 0.339453 0.524479 0.281250 0.525000 0.296875 0.541667 0.303125 0.535417 0.309375 0.537500 0.306250 0.547917 0.337500 0.562500 0.343750 0.568750 0.343750 0.581250 0.368750 0.593750 0.390625 0.556250 0.368750 0.541667 0.365625 0.535417 0.367188 0.510417 0.384375 0.493750 0.379688 0.462500 0.353125 0.450000 0.332813 0.468750 0.334375 0.491667 0.318750 0.497917 0.303125 0.487500
1 0.355859 0.481771 0.346875 0.479167 0.353125 0.493750 0.364063 0.485417 0.359375 0.468750
5 0.876563 0.404687 0.862500 0.381250 0.893750 0.375000 0.893750 0.431250 0.856250 0.431250
6 0.109375 0.373958 0.093750 0.329167 0.125000 0.329167 0.125000 0.418750 0.093750 0.418750
7 0.107422 0.384896 0.096875 0.004167 0.090625 0.766667 0.121875 0.768750 0.120313 0.000000
7 0.485938 0.769792 0.075000 0.725000 0.890625 0.781250 0.903125 0.818750 0.075000 0.754167
7 0.882031 0.418750 0.881250 0.006250 0.856250 0.831250 0.887500 0.837500 0.903125 0.000000
7 0.654687 0.011979 0.923438 0.004167 0.923438 0.031250 0.384375 0.012500 0.387500 0.000000
