0 0.285156 0.695312 0.275000 0.693750 0.285938 0.712500 0.293750 0.693750 0.285938 0.681250
1 0.224219 0.255729 0.215625 0.250000 0.225000 0.268750 0.232813 0.254167 0.223438 0.250000
1 0.211719 0.363542 0.203125 0.362500 0.209375 0.375000 0.221875 0.360417 0.212500 0.356250
1 0.066406 0.775521 0.056250 0.768750 0.062500 0.785417 0.075000 0.781250 0.071875 0.766667
1 0.109766 0.711979 0.100000 0.712500 0.112500 0.725000 0.117188 0.710417 0.109375 0.700000
1 0.148828 0.721875 0.148438 0.712500 0.140625 0.725000 0.150000 0.731250 0.156250 0.718750
1 0.525391 0.236458 0.515625 0.229167 0.523438 0.250000 0.534375 0.241667 0.528125 0.225000
1 0.734766 0.636979 0.725000 0.631250 0.731250 0.647917 0.745313 0.643750 0.737500 0.625000
1 0.737109 0.732292 0.728125 0.731250 0.737500 0.743750 0.745313 0.731250 0.737500 0.722917
2 0.726562 0.191667 0.729688 0.162500 0.715625 0.179167 0.710938 0.206250 0.725000 0.216667 0.737500 0.204167 0.740625 0.181250
3 0.448047 0.416146 0.446875 0.356250 0.442188 0.404167 0.407813 0.393750 0.400000 0.416667 0.437500 0.422917 0.429688 0.462500 0.446875 0.475000 0.454688 0.431250 0.489063 0.437500 0.496875 0.425000 0.459375 0.406250 0.465625 0.362500
4 0.265767 0.429167 0.239063 0.362500 0.237500 0.387500 0.243750 0.387500 0.243750 0.400000 0.239063 0.400000 0.232813 0.447917 0.240625 0.447917 0.239063 0.460417 0.228125 0.462500 0.231250 0.481250 0.271875 0.491667 0.270313 0.466667 0.284375 0.456250 0.282813 0.454167 0.298438 0.462500 0.317188 0.450000 0.321875 0.429167 0.309375 0.406250 0.287500 0.412500 0.282813 0.400000 0.271875 0.406250 0.273438 0.368750
5 0.795703 0.476042 0.787500 0.450000 0.806250 0.450000 0.804688 0.504167 0.784375 0.500000
6 0.079687 0.438021 0.068750 0.387500 0.100000 0.393750 0.087500 0.491667 0.062500 0.479167
7 0.076563 0.448958 0.100000 0.068750 0.028125 0.825000 0.056250 0.822917 0.121875 0.079167
7 0.415234 0.823958 0.015625 0.785417 0.812500 0.837500 0.814063 0.868750 0.018750 0.804167
7 0.805469 0.489583 0.814063 0.093750 0.787500 0.881250 0.798438 0.885417 0.821875 0.097917
7 0.463672 0.113542 0.085938 0.087500 0.840625 0.112500 0.835938 0.147917 0.092188 0.106250
