1 0.554167 0.480787 0.543750 0.472917 0.550000 0.466667 0.557813 0.468750 0.565625 0.472917 0.565625 0.481250 0.564063 0.493750 0.553125 0.497917 0.543750 0.491667 0.543750 0.481250
3 0.575260 0.461458 0.565625 0.443750 0.571875 0.391667 0.590625 0.391667 0.587500 0.450000 0.631250 0.456250 0.628125 0.485417 0.585938 0.479167 0.581250 0.535417 0.559375 0.531250 0.564063 0.468750 0.518750 0.466667 0.518750 0.437500
4 0.504519 0.502365 0.546875 0.516667 0.546875 0.531250 0.528125 0.543750 0.510938 0.537500 0.496875 0.543750 0.493750 0.556250 0.485938 0.562500 0.485938 0.579167 0.446875 0.575000 0.446875 0.547917 0.459375 0.543750 0.456250 0.537500 0.457813 0.462500 0.462500 0.456250 0.453125 0.450000 0.450000 0.425000 0.487500 0.425000 0.493750 0.431250 0.501563 0.441667 0.503125 0.456250 0.509375 0.475000 0.510938 0.479167 0.528125 0.468750 0.537500 0.468750 0.543750 0.475000 0.543750 0.487500 0.532813 0.487500 0.526563 0.475000 0.512500 0.487500 0.512500 0.504167 0.510938 0.510417 0.512500 0.518750 0.515625 0.529167 0.526563 0.535417 0.537500 0.525000 0.543750 0.518750 0.548438 0.518750
1 0.391071 0.802083 0.387500 0.785417 0.400000 0.787500 0.403125 0.804167 0.400000 0.812500 0.387500 0.818750 0.379688 0.812500 0.379688 0.793750
1 0.800670 0.179167 0.792188 0.168750 0.800000 0.162500 0.809375 0.168750 0.812500 0.181250 0.809375 0.193750 0.793750 0.193750 0.787500 0.185417
1 0.717634 0.147024 0.715625 0.131250 0.725000 0.135417 0.729688 0.143750 0.725000 0.156250 0.715625 0.162500 0.706250 0.156250 0.706250 0.143750
1 0.708705 0.121131 0.714063 0.131250 0.720313 0.125000 0.715625 0.112500 0.709375 0.106250 0.700000 0.112500 0.698438 0.125000 0.703125 0.135417
0 0.797321 0.560417 0.792188 0.547917 0.800000 0.547917 0.809375 0.554167 0.809375 0.572917 0.798438 0.575000 0.787500 0.568750 0.784375 0.556250
1 0.791667 0.590972 0.793750 0.575000 0.804688 0.581250 0.804688 0.600000 0.787500 0.606250 0.781250 0.597917 0.778125 0.585417
1 0.847098 0.478571 0.835938 0.485417 0.835938 0.475000 0.840625 0.468750 0.850000 0.462500 0.862500 0.472917 0.859375 0.487500 0.845313 0.497917
1 0.875446 0.458036 0.862500 0.466667 0.862500 0.450000 0.871875 0.443750 0.884375 0.443750 0.890625 0.456250 0.884375 0.472917 0.871875 0.472917
2 0.720938 0.199375 0.703125 0.212500 0.700000 0.191667 0.706250 0.175000 0.718750 0.166667 0.735938 0.172917 0.737500 0.187500 0.740625 0.206250 0.735938 0.225000 0.725000 0.231250 0.706250 0.225000
5 0.976953 0.561458 0.962500 0.535417 0.992188 0.531250 0.990625 0.591667 0.962500 0.587500
6 0.054297 0.452604 0.046875 0.393750 0.076563 0.406250 0.062500 0.510417 0.031250 0.500000
7 0.546484 0.090625 0.129688 0.075000 0.965625 0.141667 0.978125 0.104167 0.112500 0.041667
7 0.060156 0.425000 0.009375 0.885417 0.129688 0.072917 0.100000 0.047917 0.001563 0.693750
7 0.258203 0.949479 0.009375 0.891667 0.596875 0.993750 0.423438 0.993750 0.003125 0.918750
7 0.977344 0.558854 0.964063 0.137500 0.962500 0.997917 0.990625 0.993750 0.992188 0.106250
