0 0.112695 0.801042 0.106250 0.787500 0.100000 0.797917 0.100000 0.806250 0.104688 0.818750 0.115625 0.818750 0.128125 0.806250 0.128125 0.791667 0.118750 0.781250
1 0.152778 0.554861 0.146875 0.543750 0.143750 0.550000 0.140625 0.562500 0.145313 0.568750 0.156250 0.568750 0.162500 0.566667 0.165625 0.550000 0.160938 0.541667 0.153125 0.541667
1 0.081771 0.254861 0.071875 0.243750 0.068750 0.254167 0.071875 0.262500 0.078125 0.272917 0.087500 0.272917 0.093750 0.262500 0.093750 0.250000 0.089063 0.237500 0.081250 0.237500
1 0.888393 0.908036 0.881250 0.893750 0.878125 0.906250 0.878125 0.918750 0.885938 0.922917 0.900000 0.922917 0.901563 0.904167 0.893750 0.887500
1 0.947545 0.850893 0.943750 0.837500 0.939063 0.843750 0.937500 0.854167 0.943750 0.862500 0.953125 0.866667 0.959375 0.854167 0.956250 0.837500
1 0.935937 0.424219 0.929688 0.412500 0.925000 0.418750 0.925000 0.425000 0.929688 0.437500 0.939063 0.437500 0.946875 0.431250 0.948438 0.418750 0.943750 0.412500
1 0.939286 0.394643 0.937500 0.381250 0.931250 0.387500 0.929688 0.397917 0.934375 0.404167 0.943750 0.406250 0.950000 0.400000 0.948438 0.385417
1 0.889955 0.136012 0.885938 0.125000 0.881250 0.131250 0.881250 0.141667 0.887500 0.150000 0.893750 0.150000 0.901563 0.135417 0.898438 0.118750
1 0.898438 0.100595 0.893750 0.087500 0.890625 0.093750 0.887500 0.106250 0.896875 0.112500 0.903125 0.112500 0.909375 0.100000 0.907813 0.091667
5 0.961719 0.476562 0.943750 0.447917 0.978125 0.443750 0.981250 0.510417 0.943750 0.504167
6 0.022656 0.455729 0.040625 0.400000 0.009375 0.387500 0.003125 0.518750 0.037500 0.516667
7 0.030000 0.386250 0.000000 0.968750 0.021875 0.956250 0.059375 0.006250 0.037500 0.000000 0.031250 0.000000
7 0.594375 0.028333 0.009375 0.000000 0.023438 0.035417 0.964063 0.056250 0.987500 0.031250 0.987500 0.018750
7 0.960938 0.492361 0.968750 0.000000 0.959375 0.000000 0.934375 0.012500 0.950000 0.966667 0.971875 0.987500 0.981250 0.987500
7 0.499740 0.932986 0.979688 0.925000 0.996875 0.947917 0.996875 0.956250 0.000000 0.937500 0.000000 0.925000 0.025000 0.906250
