1 0.496354 0.280903 0.489063 0.291667 0.501563 0.291667 0.506250 0.279167 0.501563 0.268750 0.492188 0.272917 0.487500 0.281250
1 0.178385 0.438194 0.181250 0.429167 0.187500 0.431250 0.187500 0.443750 0.178125 0.450000 0.165625 0.443750 0.170313 0.431250
1 0.256836 0.589844 0.254688 0.579167 0.246875 0.585417 0.246875 0.593750 0.251563 0.604167 0.262500 0.600000 0.267188 0.593750 0.265625 0.581250 0.259375 0.581250
1 0.339062 0.570238 0.334375 0.556250 0.331250 0.568750 0.331250 0.575000 0.335938 0.581250 0.345313 0.581250 0.350000 0.568750 0.345313 0.560417
1 0.238170 0.688095 0.239063 0.675000 0.231250 0.679167 0.228125 0.687500 0.231250 0.700000 0.240625 0.700000 0.248438 0.693750 0.248438 0.681250
1 0.580134 0.513690 0.571875 0.522917 0.581250 0.525000 0.587500 0.522917 0.590625 0.510417 0.585938 0.504167 0.575000 0.500000 0.568750 0.510417
1 0.594792 0.662153 0.596875 0.650000 0.590625 0.650000 0.585938 0.660417 0.589063 0.675000 0.600000 0.675000 0.606250 0.662500
1 0.706473 0.789881 0.698438 0.800000 0.706250 0.804167 0.715625 0.800000 0.718750 0.781250 0.709375 0.775000 0.700000 0.781250 0.696875 0.787500
2 0.434115 0.748611 0.415625 0.731250 0.415625 0.743750 0.418750 0.756250 0.425000 0.766667 0.434375 0.772917 0.443750 0.775000 0.454688 0.766667 0.456250 0.747917 0.450000 0.735417 0.440625 0.729167 0.431250 0.729167 0.423438 0.729167
3 0.524519 0.457372 0.525000 0.400000 0.537500 0.404167 0.532813 0.450000 0.571875 0.462500 0.568750 0.481250 0.532813 0.475000 0.526563 0.525000 0.510938 0.525000 0.515625 0.468750 0.478125 0.462500 0.478125 0.443750 0.517188 0.447917 0.523438 0.400000
4 0.513816 0.241721 0.510938 0.254167 0.506250 0.266667 0.493750 0.268750 0.487500 0.281250 0.492188 0.300000 0.487500 0.306250 0.481250 0.297917 0.478125 0.275000 0.490625 0.262500 0.492188 0.254167 0.485938 0.250000 0.478125 0.250000 0.473438 0.243750 0.462500 0.250000 0.456250 0.206250 0.471875 0.200000 0.475000 0.212500 0.481250 0.206250 0.525000 0.187500 0.531250 0.187500 0.531250 0.175000 0.546875 0.172917 0.557813 0.206250 0.557813 0.212500 0.550000 0.216667 0.546875 0.225000 0.532813 0.231250 0.534375 0.237500 0.548438 0.237500 0.559375 0.250000 0.559375 0.268750 0.554688 0.268750 0.553125 0.254167 0.543750 0.250000 0.532813 0.250000 0.528125 0.254167 0.517188 0.260417 0.509375 0.254167
5 0.882500 0.447500 0.871875 0.429167 0.900000 0.429167 0.896875 0.475000 0.868750 0.475000 0.875000 0.429167
6 0.116250 0.366250 0.109375 0.325000 0.131250 0.331250 0.129688 0.425000 0.103125 0.425000 0.107813 0.325000
7 0.403438 0.775833 0.109375 0.731250 0.850000 0.818750 0.856250 0.841667 0.096875 0.756250 0.104688 0.731250
7 0.888750 0.379583 0.903125 0.075000 0.846875 0.816667 0.868750 0.831250 0.921875 0.100000 0.903125 0.075000
7 0.609063 0.042500 0.903125 0.075000 0.139063 0.012500 0.184375 0.000000 0.912500 0.050000 0.906250 0.075000
7 0.110625 0.561250 0.112500 0.731250 0.131250 0.306250 0.109375 0.300000 0.087500 0.737500 0.112500 0.731250
7 0.127188 0.152083 0.118750 0.122917 0.112500 0.181250 0.143750 0.193750 0.140625 0.143750 0.120313 0.118750
