0 0.217634 0.719048 0.212500 0.712500 0.218750 0.706250 0.228125 0.710417 0.225000 0.725000 0.218750 0.731250 0.210938 0.729167 0.209375 0.718750
1 0.207227 0.703646 0.207813 0.712500 0.201563 0.712500 0.196875 0.706250 0.200000 0.693750 0.207813 0.691667 0.215625 0.693750 0.215625 0.706250 0.212500 0.712500
1 0.385742 0.620313 0.379688 0.610417 0.384375 0.606250 0.392188 0.612500 0.395313 0.618750 0.393750 0.629167 0.384375 0.631250 0.379688 0.631250 0.376563 0.622917
1 0.700977 0.476562 0.700000 0.466667 0.706250 0.466667 0.710938 0.472917 0.709375 0.481250 0.703125 0.487500 0.696875 0.487500 0.690625 0.481250 0.690625 0.468750
1 0.708203 0.353646 0.704688 0.343750 0.710938 0.343750 0.715625 0.350000 0.715625 0.356250 0.714063 0.362500 0.706250 0.362500 0.700000 0.360417 0.698438 0.350000
1 0.738086 0.301302 0.731250 0.293750 0.737500 0.291667 0.743750 0.293750 0.746875 0.297917 0.746875 0.306250 0.737500 0.312500 0.729688 0.310417 0.731250 0.304167
1 0.772098 0.121429 0.765625 0.118750 0.768750 0.112500 0.776563 0.110417 0.778125 0.118750 0.778125 0.129167 0.771875 0.131250 0.765625 0.129167
1 0.502009 0.143452 0.496875 0.131250 0.503125 0.131250 0.510938 0.137500 0.510938 0.150000 0.503125 0.156250 0.496875 0.154167 0.492188 0.143750
1 0.319196 0.194940 0.309375 0.197917 0.309375 0.191667 0.315625 0.187500 0.321875 0.187500 0.325000 0.193750 0.328125 0.200000 0.325000 0.206250
2 0.630208 0.497569 0.621875 0.475000 0.635938 0.472917 0.642188 0.485417 0.643750 0.497917 0.643750 0.510417 0.640625 0.518750 0.631250 0.525000 0.621875 0.522917 0.617188 0.510417 0.615625 0.497917 0.620313 0.481250 0.628125 0.472917
3 0.505469 0.359201 0.501563 0.304167 0.515625 0.304167 0.512500 0.350000 0.548438 0.350000 0.548438 0.368750 0.512500 0.368750 0.510938 0.416667 0.496875 0.416667 0.496875 0.368750 0.462500 0.366667 0.462500 0.347917 0.496875 0.347917
4 0.314015 0.244886 0.332813 0.206250 0.343750 0.218750 0.346875 0.210417 0.364063 0.218750 0.364063 0.237500 0.356250 0.254167 0.340625 0.247917 0.332813 0.243750 0.332813 0.250000 0.334375 0.254167 0.340625 0.268750 0.340625 0.287500 0.335938 0.293750 0.332813 0.291667 0.335938 0.281250 0.328125 0.262500 0.318750 0.266667 0.312500 0.254167 0.300000 0.254167 0.293750 0.250000 0.282813 0.254167 0.278125 0.262500 0.281250 0.272917 0.275000 0.275000 0.273438 0.262500 0.278125 0.247917 0.290625 0.237500 0.287500 0.229167 0.271875 0.222917 0.271875 0.206250 0.281250 0.179167 0.301563 0.185417 0.301563 0.193750
5 0.819141 0.429167 0.809375 0.406250 0.828125 0.410417 0.829688 0.450000 0.809375 0.450000
6 0.120703 0.429688 0.112500 0.387500 0.131250 0.387500 0.131250 0.475000 0.107813 0.468750
7 0.468750 0.093229 0.139063 0.112500 0.804688 0.100000 0.806250 0.075000 0.125000 0.085417
7 0.121875 0.433854 0.140625 0.112500 0.125000 0.766667 0.103125 0.768750 0.118750 0.087500
7 0.469531 0.774479 0.815625 0.768750 0.129688 0.762500 0.107813 0.775000 0.825000 0.791667
7 0.820703 0.434896 0.806250 0.097917 0.815625 0.775000 0.837500 0.781250 0.823438 0.085417
