0 0.216071 0.712202 0.212500 0.700000 0.221875 0.700000 0.228125 0.712500 0.223438 0.722917 0.212500 0.725000 0.206250 0.718750 0.207813 0.706250
1 0.214062 0.742262 0.215625 0.731250 0.221875 0.737500 0.223438 0.747917 0.218750 0.750000 0.209375 0.750000 0.203125 0.743750 0.206250 0.735417
1 0.363194 0.678472 0.360938 0.666667 0.365625 0.668750 0.371875 0.668750 0.371875 0.679167 0.371875 0.687500 0.364063 0.691667 0.356250 0.687500 0.353125 0.681250 0.353125 0.675000
1 0.320312 0.194940 0.309375 0.197917 0.309375 0.191667 0.315625 0.187500 0.325000 0.187500 0.328125 0.193750 0.329688 0.200000 0.325000 0.206250
1 0.552930 0.193490 0.553125 0.181250 0.559375 0.185417 0.564063 0.193750 0.559375 0.200000 0.553125 0.204167 0.546875 0.204167 0.543750 0.193750 0.543750 0.185417
1 0.708929 0.352679 0.706250 0.343750 0.715625 0.343750 0.715625 0.350000 0.715625 0.356250 0.709375 0.362500 0.700000 0.362500 0.700000 0.350000
1 0.744444 0.245370 0.743750 0.235417 0.746875 0.237500 0.753125 0.243750 0.753125 0.247917 0.746875 0.250000 0.743750 0.254167 0.737500 0.254167 0.737500 0.243750 0.737500 0.241667
1 0.771205 0.175298 0.768750 0.162500 0.775000 0.168750 0.778125 0.175000 0.776563 0.181250 0.771875 0.185417 0.765625 0.181250 0.762500 0.172917
1 0.774107 0.131250 0.771875 0.118750 0.778125 0.122917 0.781250 0.131250 0.778125 0.137500 0.773438 0.141667 0.768750 0.137500 0.767188 0.129167
2 0.628906 0.497917 0.625000 0.472917 0.634375 0.472917 0.640625 0.481250 0.643750 0.500000 0.643750 0.510417 0.635938 0.525000 0.621875 0.525000 0.612500 0.516667 0.612500 0.493750 0.618750 0.481250
3 0.505990 0.359201 0.503125 0.300000 0.515625 0.304167 0.515625 0.350000 0.548438 0.354167 0.548438 0.372917 0.512500 0.368750 0.512500 0.412500 0.496875 0.416667 0.496875 0.368750 0.462500 0.366667 0.462500 0.347917 0.496875 0.347917
4 0.313616 0.243631 0.300000 0.193750 0.343750 0.218750 0.350000 0.210417 0.364063 0.216667 0.364063 0.237500 0.356250 0.254167 0.340625 0.247917 0.332813 0.243750 0.331250 0.250000 0.332813 0.254167 0.340625 0.266667 0.343750 0.287500 0.337500 0.297917 0.334375 0.293750 0.335938 0.281250 0.332813 0.268750 0.325000 0.266667 0.318750 0.266667 0.312500 0.254167 0.303125 0.254167 0.293750 0.250000 0.282813 0.254167 0.278125 0.262500 0.282813 0.275000 0.278125 0.275000 0.273438 0.254167 0.278125 0.250000 0.290625 0.241667 0.287500 0.229167 0.273438 0.218750 0.273438 0.204167 0.282813 0.175000 0.300000 0.185417 0.296875 0.193750 0.304688 0.193750
5 0.846484 0.455729 0.837500 0.431250 0.856250 0.431250 0.856250 0.485417 0.835938 0.475000
6 0.148047 0.410417 0.137500 0.366667 0.160938 0.368750 0.159375 0.456250 0.134375 0.450000
7 0.146875 0.415625 0.176563 0.093750 0.140625 0.743750 0.117188 0.750000 0.153125 0.075000
7 0.482812 0.783333 0.139063 0.743750 0.834375 0.804167 0.840625 0.822917 0.117188 0.762500
7 0.507422 0.098958 0.178125 0.093750 0.846875 0.125000 0.850000 0.104167 0.154688 0.072917
7 0.847266 0.462500 0.845313 0.125000 0.831250 0.800000 0.850000 0.818750 0.862500 0.106250
