0 0.669375 0.134583 0.665625 0.118750 0.659375 0.135417 0.668750 0.150000 0.678125 0.143750 0.675000 0.125000
1 0.309375 0.135069 0.315625 0.122917 0.306250 0.122917 0.300000 0.131250 0.304688 0.143750 0.312500 0.147917 0.317188 0.141667
1 0.112240 0.491319 0.115625 0.479167 0.103125 0.481250 0.100000 0.497917 0.112500 0.510417 0.120313 0.497917 0.121875 0.481250
1 0.267188 0.599653 0.271875 0.587500 0.262500 0.587500 0.256250 0.600000 0.262500 0.612500 0.271875 0.612500 0.278125 0.597917
1 0.119010 0.638542 0.131250 0.635417 0.123438 0.622917 0.109375 0.631250 0.109375 0.647917 0.117188 0.650000 0.123438 0.643750
1 0.126042 0.833333 0.129688 0.818750 0.121875 0.818750 0.117188 0.835417 0.120313 0.847917 0.129688 0.847917 0.137500 0.831250
1 0.831510 0.810417 0.831250 0.800000 0.823438 0.800000 0.823438 0.816667 0.831250 0.822917 0.839063 0.818750 0.840625 0.804167
2 0.355134 0.339881 0.376563 0.325000 0.350000 0.318750 0.335938 0.325000 0.335938 0.350000 0.343750 0.360417 0.365625 0.356250 0.378125 0.343750
1 0.784635 0.185417 0.792188 0.175000 0.784375 0.175000 0.778125 0.179167 0.776563 0.191667 0.782813 0.200000 0.793750 0.191667
1 0.611979 0.510417 0.612500 0.500000 0.604688 0.500000 0.604688 0.516667 0.610938 0.522917 0.618750 0.518750 0.620313 0.504167
3 0.444010 0.406250 0.489063 0.400000 0.487500 0.422917 0.450000 0.418750 0.446875 0.466667 0.431250 0.466667 0.434375 0.416667 0.400000 0.412500 0.400000 0.391667 0.434375 0.393750 0.440625 0.343750 0.456250 0.347917 0.457813 0.393750
4 0.502202 0.407008 0.489063 0.393750 0.462500 0.393750 0.462500 0.387500 0.471875 0.375000 0.492188 0.381250 0.493750 0.350000 0.506250 0.341667 0.534375 0.337500 0.534375 0.360417 0.528125 0.366667 0.537500 0.425000 0.532813 0.435417 0.543750 0.443750 0.542188 0.456250 0.518750 0.466667 0.512500 0.443750 0.496875 0.443750 0.493750 0.431250 0.478125 0.441667 0.460938 0.431250 0.468750 0.422917 0.487500 0.425000
5 0.858984 0.470833 0.871875 0.447917 0.845313 0.447917 0.846875 0.493750 0.871875 0.493750
6 0.098047 0.483333 0.109375 0.431250 0.087500 0.431250 0.085938 0.535417 0.109375 0.535417
7 0.098958 0.491667 0.120313 0.100000 0.103125 0.079167 0.093750 0.079167 0.081250 0.900000 0.089063 0.904167 0.106250 0.887500
7 0.479427 0.850694 0.089063 0.843750 0.062500 0.866667 0.062500 0.875000 0.893750 0.856250 0.896875 0.843750 0.871875 0.818750
7 0.858594 0.477083 0.850000 0.866667 0.870313 0.881250 0.878125 0.881250 0.862500 0.072917 0.854688 0.068750 0.835938 0.091667
7 0.479427 0.112500 0.109375 0.131250 0.854688 0.131250 0.878125 0.106250 0.878125 0.093750 0.078125 0.100000 0.078125 0.112500
