0 0.183482 0.140179 0.178125 0.150000 0.187500 0.154167 0.192188 0.143750 0.190625 0.131250 0.184375 0.129167 0.176563 0.131250 0.175000 0.141667
1 0.525521 0.183333 0.518750 0.172917 0.518750 0.175000 0.517188 0.185417 0.518750 0.193750 0.526563 0.193750 0.532813 0.193750 0.534375 0.187500 0.534375 0.175000 0.528125 0.172917
1 0.203299 0.285185 0.203125 0.275000 0.200000 0.275000 0.193750 0.281250 0.193750 0.287500 0.200000 0.293750 0.203125 0.297917 0.212500 0.293750 0.212500 0.287500 0.210938 0.275000
1 0.788715 0.408565 0.787500 0.393750 0.784375 0.400000 0.778125 0.406250 0.781250 0.416667 0.784375 0.418750 0.787500 0.418750 0.798438 0.416667 0.800000 0.406250 0.796875 0.400000
1 0.657344 0.549167 0.662500 0.537500 0.653125 0.537500 0.650000 0.541667 0.648438 0.547917 0.648438 0.556250 0.653125 0.560417 0.659375 0.560417 0.665625 0.556250 0.667188 0.550000 0.665625 0.543750
1 0.568750 0.618333 0.573438 0.606250 0.565625 0.606250 0.559375 0.610417 0.559375 0.618750 0.559375 0.625000 0.565625 0.631250 0.571875 0.629167 0.575000 0.625000 0.579688 0.618750 0.578125 0.612500
1 0.642969 0.684583 0.634375 0.687500 0.637500 0.693750 0.637500 0.693750 0.648438 0.697917 0.653125 0.687500 0.653125 0.681250 0.650000 0.675000 0.643750 0.672917 0.637500 0.675000 0.634375 0.681250
1 0.567344 0.720417 0.565625 0.710417 0.559375 0.712500 0.559375 0.718750 0.559375 0.729167 0.564063 0.731250 0.568750 0.731250 0.575000 0.725000 0.575000 0.722917 0.575000 0.712500 0.571875 0.710417
1 0.684219 0.801042 0.681250 0.787500 0.678125 0.793750 0.675000 0.800000 0.675000 0.806250 0.681250 0.812500 0.687500 0.812500 0.690625 0.812500 0.690625 0.804167 0.693750 0.793750 0.689063 0.787500
2 0.733021 0.629306 0.731250 0.606250 0.721875 0.612500 0.715625 0.612500 0.712500 0.625000 0.714063 0.635417 0.715625 0.641667 0.721875 0.643750 0.731250 0.647917 0.737500 0.650000 0.746875 0.650000 0.753125 0.643750 0.756250 0.629167 0.753125 0.618750 0.746875 0.612500 0.737500 0.610417
3 0.605769 0.402404 0.593750 0.350000 0.606250 0.350000 0.612500 0.393750 0.648438 0.391667 0.648438 0.406250 0.615625 0.412500 0.618750 0.460417 0.606250 0.462500 0.600000 0.418750 0.568750 0.425000 0.564063 0.406250 0.596875 0.400000 0.595313 0.354167
4 0.715709 0.425000 0.731250 0.372917 0.762500 0.429167 0.767188 0.425000 0.775000 0.443750 0.753125 0.462500 0.746875 0.456250 0.737500 0.443750 0.729688 0.450000 0.728125 0.468750 0.725000 0.479167 0.715625 0.487500 0.715625 0.481250 0.718750 0.475000 0.725000 0.462500 0.721875 0.450000 0.714063 0.447917 0.712500 0.437500 0.712500 0.431250 0.710938 0.429167 0.706250 0.425000 0.700000 0.425000 0.698438 0.418750 0.698438 0.412500 0.698438 0.412500 0.689063 0.406250 0.681250 0.410417 0.678125 0.418750 0.668750 0.418750 0.673438 0.404167 0.687500 0.397917 0.700000 0.404167 0.706250 0.393750 0.706250 0.385417 0.698438 0.372917 0.725000 0.350000 0.731250 0.362500 0.731250 0.372917
5 0.827500 0.495417 0.818750 0.475000 0.843750 0.479167 0.837500 0.525000 0.818750 0.525000 0.818750 0.472917
6 0.132500 0.423333 0.125000 0.410417 0.148438 0.416667 0.143750 0.441667 0.121875 0.435417 0.123438 0.412500
7 0.832188 0.460417 0.831250 0.204167 0.814063 0.850000 0.831250 0.850000 0.853125 0.193750 0.831250 0.204167
7 0.396250 0.131667 0.140625 0.106250 0.778125 0.141667 0.762500 0.168750 0.159375 0.135417 0.140625 0.106250
7 0.141797 0.268229 0.160938 0.137500 0.143750 0.412500 0.121875 0.406250 0.140625 0.116667
7 0.118750 0.653125 0.134375 0.516667 0.121875 0.785417 0.103125 0.800000 0.115625 0.510417
7 0.534687 0.831667 0.812500 0.850000 0.120313 0.787500 0.100000 0.810417 0.828125 0.866667 0.812500 0.843750
