0 0.455937 0.800417 0.446875 0.793750 0.446875 0.806250 0.457813 0.810417 0.465625 0.804167 0.462500 0.787500
1 0.064687 0.772083 0.057813 0.762500 0.057813 0.779167 0.065625 0.785417 0.076563 0.772917 0.065625 0.760417
1 0.204062 0.345417 0.193750 0.341667 0.196875 0.354167 0.210938 0.356250 0.212500 0.337500 0.206250 0.337500
1 0.218750 0.390833 0.212500 0.385417 0.212500 0.393750 0.218750 0.400000 0.225000 0.393750 0.225000 0.381250
1 0.410313 0.429583 0.400000 0.429167 0.406250 0.437500 0.415625 0.437500 0.418750 0.425000 0.410938 0.418750
1 0.602734 0.514583 0.593750 0.518750 0.604688 0.525000 0.609375 0.510417 0.603125 0.504167
1 0.471875 0.365625 0.462500 0.366667 0.471875 0.372917 0.481250 0.366667 0.471875 0.356250
1 0.477734 0.347396 0.470313 0.347917 0.478125 0.356250 0.484375 0.350000 0.478125 0.335417
1 0.481250 0.267188 0.473438 0.266667 0.478125 0.275000 0.487500 0.272917 0.485938 0.254167
2 0.195898 0.377865 0.185938 0.360417 0.181250 0.375000 0.181250 0.393750 0.193750 0.406250 0.209375 0.391667 0.212500 0.372917 0.206250 0.362500 0.196875 0.360417
3 0.445443 0.413715 0.443750 0.356250 0.437500 0.397917 0.403125 0.387500 0.398438 0.416667 0.431250 0.425000 0.428125 0.468750 0.446875 0.479167 0.453125 0.431250 0.492188 0.435417 0.493750 0.410417 0.456250 0.400000 0.460938 0.356250
4 0.264130 0.428261 0.239063 0.366667 0.237500 0.385417 0.242188 0.391667 0.243750 0.404167 0.237500 0.404167 0.232813 0.441667 0.237500 0.447917 0.237500 0.462500 0.228125 0.462500 0.228125 0.479167 0.268750 0.491667 0.268750 0.468750 0.275000 0.460417 0.275000 0.450000 0.278125 0.447917 0.303125 0.462500 0.312500 0.450000 0.318750 0.425000 0.304688 0.400000 0.284375 0.406250 0.275000 0.400000 0.275000 0.379167 0.271875 0.362500
5 0.791406 0.467708 0.784375 0.437500 0.800000 0.437500 0.803125 0.497917 0.778125 0.497917
6 0.075781 0.433333 0.065625 0.381250 0.093750 0.391667 0.084375 0.481250 0.059375 0.479167
7 0.075000 0.444792 0.092188 0.068750 0.020313 0.812500 0.059375 0.816667 0.128125 0.081250
7 0.414062 0.820833 0.014063 0.779167 0.807813 0.837500 0.815625 0.866667 0.018750 0.800000
7 0.803906 0.484375 0.807813 0.087500 0.778125 0.881250 0.804688 0.881250 0.825000 0.087500
7 0.457031 0.105729 0.081250 0.081250 0.084375 0.106250 0.831250 0.135417 0.831250 0.100000
