0 0.333203 0.695052 0.331250 0.679167 0.321875 0.685417 0.318750 0.700000 0.325000 0.712500 0.337500 0.712500 0.346875 0.704167 0.346875 0.687500 0.337500 0.679167
1 0.252930 0.616146 0.254688 0.631250 0.243750 0.631250 0.237500 0.618750 0.240625 0.606250 0.251563 0.600000 0.262500 0.600000 0.267188 0.616667 0.265625 0.625000
7 0.298438 0.997917 0.000000 0.997917 0.596875 0.997917 0.596875 0.997917 0.000000 0.997917
0 0.405469 0.883333 0.006250 0.793750 0.807813 0.941667 0.804688 0.968750 0.003125 0.829167
2 0.332639 0.552546 0.317188 0.543750 0.315625 0.562500 0.318750 0.581250 0.337500 0.581250 0.346875 0.568750 0.353125 0.547917 0.350000 0.535417 0.332813 0.522917 0.321875 0.529167
1 0.391667 0.258333 0.384375 0.262500 0.393750 0.275000 0.400000 0.266667 0.396875 0.247917 0.387500 0.243750 0.387500 0.254167
1 0.453750 0.747083 0.446875 0.743750 0.450000 0.762500 0.460938 0.754167 0.460938 0.737500 0.450000 0.737500
1 0.537188 0.635417 0.528125 0.625000 0.528125 0.647917 0.540625 0.643750 0.542188 0.625000 0.546875 0.635417
1 0.389688 0.257083 0.387500 0.250000 0.392188 0.250000 0.396875 0.262500 0.387500 0.268750 0.384375 0.254167
1 0.418750 0.354687 0.409375 0.350000 0.415625 0.362500 0.426563 0.362500 0.423438 0.343750
1 0.773750 0.457917 0.765625 0.454167 0.767188 0.468750 0.781250 0.468750 0.781250 0.450000 0.773438 0.447917
1 0.777500 0.657083 0.771875 0.647917 0.768750 0.662500 0.781250 0.668750 0.787500 0.656250 0.778125 0.650000
4 0.426970 0.291848 0.400000 0.254167 0.392188 0.241667 0.400000 0.235417 0.407813 0.229167 0.421875 0.225000 0.431250 0.235417 0.434375 0.250000 0.457813 0.293750 0.465625 0.300000 0.478125 0.312500 0.462500 0.337500 0.450000 0.331250 0.453125 0.354167 0.442188 0.368750 0.434375 0.354167 0.443750 0.335417 0.437500 0.322917 0.421875 0.325000 0.407813 0.300000 0.400000 0.287500 0.396875 0.275000 0.381250 0.281250 0.400000 0.262500
5 0.796484 0.569792 0.792188 0.543750 0.807813 0.543750 0.803125 0.597917 0.782813 0.593750
6 0.083984 0.459375 0.081250 0.412500 0.100000 0.418750 0.089063 0.506250 0.065625 0.500000
0 0.080469 0.468750 0.123438 0.093750 0.143750 0.106250 0.040625 0.837500 0.014063 0.837500
0 0.482031 0.174479 0.106250 0.112500 0.112500 0.135417 0.853125 0.237500 0.856250 0.212500
0 0.802734 0.586979 0.845313 0.193750 0.831250 0.193750 0.759375 0.975000 0.775000 0.985417
