0 0.169531 0.031250 0.162500 0.016667 0.159375 0.035417 0.175000 0.041667 0.181250 0.031250
1 0.444141 0.060417 0.443750 0.043750 0.434375 0.062500 0.443750 0.075000 0.454688 0.060417
1 0.843359 0.554167 0.843750 0.537500 0.831250 0.556250 0.843750 0.568750 0.854688 0.554167
1 0.508594 0.161458 0.510938 0.143750 0.501563 0.160417 0.503125 0.179167 0.518750 0.162500
1 0.350391 0.481771 0.353125 0.468750 0.343750 0.479167 0.348438 0.493750 0.356250 0.485417
1 0.336719 0.569792 0.337500 0.556250 0.328125 0.568750 0.335938 0.581250 0.345313 0.572917
1 0.728516 0.267708 0.728125 0.254167 0.718750 0.268750 0.729688 0.281250 0.737500 0.266667
1 0.640000 0.695833 0.640625 0.681250 0.631250 0.693750 0.634375 0.710417 0.643750 0.706250 0.650000 0.687500
1 0.511719 0.537500 0.512500 0.525000 0.503125 0.531250 0.509375 0.550000 0.521875 0.543750
2 0.776563 0.490625 0.756250 0.468750 0.756250 0.493750 0.765625 0.510417 0.778125 0.518750 0.793750 0.510417 0.796875 0.487500 0.790625 0.472917 0.775000 0.462500
3 0.522786 0.462674 0.517188 0.393750 0.515625 0.447917 0.475000 0.437500 0.471875 0.468750 0.506250 0.475000 0.501563 0.529167 0.526563 0.531250 0.531250 0.475000 0.571875 0.485417 0.578125 0.456250 0.534375 0.454167 0.543750 0.397917
4 0.342969 0.526354 0.275000 0.525000 0.298438 0.543750 0.325000 0.554167 0.334375 0.543750 0.343750 0.547917 0.348438 0.560417 0.348438 0.575000 0.346875 0.581250 0.359375 0.593750 0.384375 0.562500 0.368750 0.543750 0.378125 0.525000 0.356250 0.516667 0.375000 0.497917 0.375000 0.462500 0.359375 0.454167 0.335938 0.466667 0.325000 0.493750 0.318750 0.493750 0.303125 0.485417
5 0.886719 0.451042 0.871875 0.412500 0.907813 0.412500 0.900000 0.493750 0.867188 0.485417
6 0.130078 0.368229 0.121875 0.281250 0.153125 0.297917 0.140625 0.450000 0.104688 0.443750
7 0.122266 0.390104 0.128125 0.000000 0.081250 0.775000 0.120313 0.779167 0.159375 0.006250
7 0.475391 0.792188 0.068750 0.725000 0.887500 0.818750 0.885938 0.862500 0.059375 0.762500
7 0.898828 0.448437 0.918750 0.022917 0.846875 0.872917 0.881250 0.879167 0.948438 0.018750
7 0.633203 0.036458 0.954688 0.043750 0.312500 0.000000 0.309375 0.022917 0.956250 0.079167
