0 0.422266 0.353125 0.412500 0.350000 0.418750 0.362500 0.429688 0.356250 0.428125 0.343750
1 0.129375 0.339583 0.120313 0.335417 0.120313 0.350000 0.134375 0.350000 0.140625 0.337500 0.131250 0.325000
1 0.453125 0.329688 0.443750 0.322917 0.450000 0.337500 0.460938 0.335417 0.457813 0.322917
1 0.494531 0.603646 0.481250 0.606250 0.493750 0.616667 0.503125 0.604167 0.500000 0.587500
1 0.621875 0.583333 0.610938 0.585417 0.628125 0.593750 0.631250 0.579167 0.617188 0.575000
1 0.334375 0.709375 0.331250 0.700000 0.325000 0.718750 0.340625 0.718750 0.340625 0.700000
1 0.777734 0.660937 0.768750 0.656250 0.776563 0.675000 0.787500 0.662500 0.778125 0.650000
1 0.772656 0.463021 0.762500 0.462500 0.771875 0.472917 0.781250 0.466667 0.775000 0.450000
2 0.191295 0.603571 0.171875 0.587500 0.171875 0.610417 0.181250 0.622917 0.203125 0.625000 0.212500 0.610417 0.210938 0.593750 0.187500 0.575000
3 0.435937 0.502604 0.434375 0.443750 0.426563 0.485417 0.392188 0.475000 0.384375 0.506250 0.421875 0.510417 0.412500 0.556250 0.443750 0.568750 0.443750 0.516667 0.478125 0.531250 0.485938 0.500000 0.450000 0.493750 0.457813 0.443750
4 0.490378 0.301535 0.537500 0.275000 0.517188 0.268750 0.512500 0.275000 0.475000 0.254167 0.478125 0.243750 0.453125 0.237500 0.440625 0.281250 0.460938 0.300000 0.439063 0.312500 0.437500 0.335417 0.450000 0.350000 0.470313 0.322917 0.490625 0.329167 0.510938 0.329167 0.510938 0.350000 0.526563 0.350000 0.521875 0.325000 0.534375 0.304167 0.550000 0.285417
5 0.798047 0.567187 0.792188 0.535417 0.809375 0.537500 0.809375 0.597917 0.781250 0.597917
6 0.083203 0.460417 0.075000 0.410417 0.107813 0.425000 0.093750 0.506250 0.056250 0.500000
7 0.076953 0.470313 0.117188 0.093750 0.006250 0.837500 0.037500 0.843750 0.146875 0.106250
7 0.397656 0.884375 0.000000 0.800000 0.790625 0.943750 0.800000 0.968750 0.000000 0.825000
7 0.807031 0.579167 0.831250 0.187500 0.762500 0.972917 0.784375 0.975000 0.850000 0.181250
7 0.483594 0.168229 0.859375 0.200000 0.107813 0.100000 0.104688 0.137500 0.862500 0.235417
1 0.715234 0.869271 0.706250 0.868750 0.715625 0.881250 0.725000 0.866667 0.714063 0.860417
