0 0.771250 0.732500 0.771875 0.716667 0.762500 0.729167 0.762500 0.743750 0.778125 0.743750 0.781250 0.729167
3 0.437500 0.503819 0.437500 0.443750 0.431250 0.487500 0.393750 0.475000 0.387500 0.506250 0.425000 0.516667 0.418750 0.556250 0.434375 0.566667 0.443750 0.518750 0.481250 0.531250 0.487500 0.506250 0.450000 0.493750 0.459375 0.443750
4 0.482143 0.306964 0.537500 0.275000 0.518750 0.268750 0.515625 0.281250 0.512500 0.279167 0.509375 0.268750 0.470313 0.254167 0.470313 0.247917 0.450000 0.243750 0.440625 0.275000 0.446875 0.285417 0.443750 0.287500 0.462500 0.293750 0.460938 0.300000 0.462500 0.306250 0.446875 0.304167 0.437500 0.318750 0.434375 0.335417 0.446875 0.335417 0.446875 0.318750 0.450000 0.312500 0.460938 0.312500 0.465625 0.322917 0.475000 0.322917 0.481250 0.322917 0.484375 0.331250 0.496875 0.331250 0.500000 0.325000 0.509375 0.331250 0.512500 0.337500 0.509375 0.354167 0.521875 0.356250 0.526563 0.343750 0.518750 0.322917 0.515625 0.318750 0.532813 0.318750
2 0.338839 0.628869 0.337500 0.600000 0.325000 0.612500 0.321875 0.635417 0.328125 0.656250 0.346875 0.654167 0.356250 0.637500 0.356250 0.606250
1 0.639062 0.548333 0.637500 0.537500 0.631250 0.541667 0.631250 0.556250 0.643750 0.562500 0.651563 0.543750
1 0.720052 0.783681 0.718750 0.768750 0.710938 0.781250 0.712500 0.791667 0.721875 0.800000 0.731250 0.787500 0.725000 0.772917
1 0.767188 0.457083 0.767188 0.443750 0.756250 0.454167 0.760938 0.468750 0.773438 0.468750 0.778125 0.450000
1 0.770312 0.638333 0.768750 0.625000 0.760938 0.635417 0.762500 0.650000 0.778125 0.650000 0.781250 0.631250
1 0.755729 0.694444 0.750000 0.681250 0.745313 0.693750 0.751563 0.706250 0.759375 0.706250 0.767188 0.697917 0.760938 0.681250
1 0.774062 0.705000 0.773438 0.691667 0.767188 0.700000 0.768750 0.712500 0.778125 0.716667 0.782813 0.704167
1 0.755938 0.747083 0.753125 0.731250 0.746875 0.743750 0.751563 0.762500 0.765625 0.760417 0.762500 0.737500
1 0.201563 0.347917 0.196875 0.331250 0.193750 0.350000 0.200000 0.366667 0.215625 0.343750
5 0.793750 0.467708 0.781250 0.435417 0.804688 0.431250 0.806250 0.504167 0.782813 0.500000
6 0.077734 0.431771 0.062500 0.372917 0.100000 0.379167 0.090625 0.493750 0.057813 0.481250
7 0.072266 0.448437 0.089063 0.068750 0.017188 0.825000 0.059375 0.831250 0.123438 0.068750
7 0.421484 0.822396 0.009375 0.772917 0.831250 0.835417 0.831250 0.868750 0.014063 0.812500
7 0.804297 0.484896 0.796875 0.085417 0.773438 0.885417 0.809375 0.887500 0.837500 0.081250
7 0.460938 0.102604 0.840625 0.097917 0.840625 0.131250 0.081250 0.112500 0.081250 0.068750
