0 0.369531 0.661979 0.360938 0.656250 0.368750 0.675000 0.379688 0.662500 0.368750 0.654167
1 0.064453 0.769792 0.053125 0.768750 0.062500 0.781250 0.076563 0.768750 0.065625 0.760417
1 0.108203 0.713021 0.096875 0.710417 0.109375 0.725000 0.117188 0.712500 0.109375 0.704167
1 0.148438 0.722917 0.140625 0.712500 0.143750 0.735417 0.156250 0.731250 0.153125 0.712500
1 0.735156 0.729688 0.725000 0.725000 0.731250 0.743750 0.746875 0.731250 0.737500 0.718750
1 0.751953 0.638021 0.743750 0.635417 0.751563 0.650000 0.760938 0.641667 0.751563 0.625000
1 0.153906 0.331250 0.145313 0.322917 0.145313 0.341667 0.162500 0.337500 0.162500 0.322917
1 0.528516 0.236458 0.518750 0.235417 0.526563 0.250000 0.537500 0.235417 0.531250 0.225000
2 0.726562 0.193155 0.731250 0.168750 0.715625 0.179167 0.710938 0.193750 0.715625 0.218750 0.731250 0.212500 0.740625 0.200000 0.740625 0.179167
3 0.446615 0.414583 0.443750 0.356250 0.437500 0.400000 0.409375 0.393750 0.403125 0.412500 0.434375 0.425000 0.426563 0.466667 0.446875 0.475000 0.454688 0.429167 0.487500 0.437500 0.492188 0.418750 0.457813 0.404167 0.465625 0.356250
1 0.210547 0.361979 0.203125 0.356250 0.209375 0.375000 0.218750 0.362500 0.210938 0.354167
4 0.263542 0.429365 0.239063 0.362500 0.234375 0.387500 0.243750 0.387500 0.240625 0.400000 0.234375 0.406250 0.232813 0.441667 0.240625 0.447917 0.239063 0.462500 0.228125 0.462500 0.225000 0.481250 0.270313 0.493750 0.270313 0.462500 0.282813 0.462500 0.282813 0.454167 0.300000 0.460417 0.314063 0.447917 0.318750 0.425000 0.304688 0.400000 0.285938 0.404167 0.273438 0.397917 0.273438 0.368750
5 0.794531 0.475521 0.787500 0.450000 0.804688 0.450000 0.804688 0.504167 0.781250 0.497917
6 0.078906 0.435937 0.071875 0.381250 0.096875 0.393750 0.087500 0.487500 0.059375 0.481250
7 0.075781 0.446354 0.093750 0.068750 0.028125 0.822917 0.059375 0.818750 0.121875 0.075000
7 0.414453 0.821354 0.017188 0.781250 0.807813 0.835417 0.815625 0.862500 0.017188 0.806250
7 0.801562 0.486458 0.806250 0.106250 0.778125 0.868750 0.798438 0.879167 0.823438 0.091667
7 0.385937 0.114167 0.085938 0.100000 0.095312 0.118750 0.825000 0.147917 0.837500 0.114583 0.085938 0.089583
