0 0.171875 0.027604 0.168750 0.012500 0.156250 0.029167 0.176563 0.043750 0.185938 0.025000
1 0.184115 0.176736 0.184375 0.162500 0.171875 0.168750 0.175000 0.187500 0.185938 0.193750 0.193750 0.181250 0.193750 0.166667
1 0.147396 0.268056 0.146875 0.254167 0.137500 0.262500 0.139063 0.275000 0.150000 0.281250 0.156250 0.275000 0.154688 0.260417
2 0.153472 0.209722 0.129688 0.200000 0.131250 0.212500 0.140625 0.225000 0.153125 0.231250 0.168750 0.231250 0.175000 0.218750 0.175000 0.200000 0.162500 0.187500 0.145313 0.181250
1 0.352344 0.483333 0.353125 0.472917 0.345313 0.481250 0.350000 0.493750 0.360938 0.485417
1 0.512500 0.534375 0.515625 0.525000 0.503125 0.531250 0.509375 0.543750 0.521875 0.537500
3 0.521094 0.462500 0.518750 0.393750 0.512500 0.450000 0.470313 0.441667 0.470313 0.468750 0.506250 0.475000 0.501563 0.516667 0.526563 0.529167 0.532813 0.481250 0.568750 0.487500 0.568750 0.454167 0.534375 0.454167 0.542188 0.397917
1 0.339453 0.570312 0.340625 0.556250 0.334375 0.568750 0.334375 0.581250 0.348438 0.575000
1 0.256250 0.588542 0.254688 0.575000 0.248438 0.587500 0.256250 0.604167 0.265625 0.587500
1 0.442188 0.590625 0.443750 0.575000 0.431250 0.587500 0.440625 0.606250 0.453125 0.593750
1 0.239063 0.687500 0.239063 0.675000 0.228125 0.681250 0.231250 0.700000 0.246875 0.700000 0.250000 0.681250
4 0.341761 0.525568 0.275000 0.531250 0.296875 0.543750 0.304688 0.541667 0.329688 0.560417 0.337500 0.554167 0.348438 0.560417 0.353125 0.575000 0.348438 0.581250 0.359375 0.593750 0.384375 0.560417 0.368750 0.541667 0.364063 0.525000 0.367188 0.518750 0.364063 0.510417 0.376563 0.493750 0.378125 0.472917 0.353125 0.456250 0.334375 0.468750 0.334375 0.491667 0.328125 0.493750 0.318750 0.500000 0.293750 0.487500
5 0.880078 0.443750 0.893750 0.406250 0.867188 0.404167 0.865625 0.485417 0.893750 0.479167
6 0.116406 0.384375 0.104688 0.325000 0.131250 0.325000 0.129688 0.450000 0.100000 0.437500
7 0.113672 0.397917 0.115625 0.012500 0.075000 0.779167 0.117188 0.781250 0.146875 0.018750
7 0.473047 0.791667 0.054688 0.725000 0.893750 0.822917 0.893750 0.856250 0.050000 0.762500
7 0.887891 0.448958 0.901563 0.022917 0.837500 0.868750 0.878125 0.879167 0.934375 0.025000
7 0.596094 0.033333 0.954688 0.035417 0.950000 0.075000 0.228125 0.018750 0.251563 0.004167
