0 0.670312 0.132292 0.667188 0.118750 0.659375 0.131250 0.662500 0.143750 0.675000 0.143750 0.679688 0.137500 0.678125 0.118750
1 0.217188 0.174653 0.218750 0.162500 0.210938 0.162500 0.207813 0.175000 0.215625 0.191667 0.225000 0.187500 0.225000 0.168750
1 0.266667 0.598611 0.273438 0.587500 0.262500 0.587500 0.259375 0.593750 0.259375 0.610417 0.270313 0.612500 0.275000 0.600000
1 0.117708 0.636806 0.125000 0.625000 0.117188 0.625000 0.106250 0.631250 0.107813 0.647917 0.120313 0.650000 0.129688 0.641667
1 0.126823 0.832639 0.134375 0.825000 0.129688 0.818750 0.118750 0.825000 0.118750 0.841667 0.125000 0.847917 0.134375 0.837500
1 0.829688 0.813750 0.825000 0.800000 0.818750 0.812500 0.825000 0.822917 0.839063 0.822917 0.840625 0.810417
1 0.850781 0.727083 0.843750 0.712500 0.840625 0.729167 0.846875 0.737500 0.856250 0.741667 0.860938 0.725000 0.856250 0.716667
1 0.837760 0.429861 0.835938 0.418750 0.829688 0.429167 0.831250 0.437500 0.839063 0.443750 0.846875 0.431250 0.843750 0.418750
1 0.791875 0.163750 0.787500 0.150000 0.784375 0.162500 0.787500 0.175000 0.800000 0.175000 0.800000 0.156250
0 0.710417 0.650347 0.706250 0.641667 0.700000 0.650000 0.704688 0.662500 0.714063 0.660417 0.721875 0.650000 0.715625 0.637500
3 0.153516 0.178516 0.165625 0.175000 0.187500 0.143750 0.184375 0.135417 0.171875 0.122917 0.146875 0.154167 0.121875 0.118750 0.112500 0.131250 0.134375 0.168750 0.109375 0.204167 0.121875 0.218750 0.125000 0.229167 0.150000 0.193750 0.175000 0.218750 0.178125 0.225000 0.187500 0.212500 0.184375 0.204167
4 0.140820 0.472135 0.162500 0.518750 0.165625 0.441667 0.171875 0.441667 0.175000 0.418750 0.140625 0.412500 0.137500 0.425000 0.131250 0.425000 0.125000 0.412500 0.115625 0.416667 0.109375 0.425000 0.100000 0.522917 0.109375 0.541667 0.131250 0.535417 0.140625 0.543750 0.165625 0.547917 0.171875 0.525000
5 0.858984 0.474479 0.845313 0.450000 0.871875 0.450000 0.871875 0.500000 0.846875 0.497917
7 0.858854 0.480903 0.837500 0.100000 0.853125 0.079167 0.862500 0.075000 0.878125 0.881250 0.871875 0.881250 0.850000 0.868750
7 0.477344 0.115278 0.853125 0.137500 0.876563 0.110417 0.878125 0.100000 0.078125 0.100000 0.078125 0.112500 0.100000 0.131250
7 0.098437 0.486806 0.093750 0.075000 0.103125 0.075000 0.118750 0.093750 0.107813 0.881250 0.089063 0.897917 0.078125 0.897917
7 0.481250 0.852083 0.065625 0.860417 0.092188 0.837500 0.871875 0.829167 0.896875 0.850000 0.898438 0.860417 0.062500 0.875000
