0 0.160000 0.027500 0.156250 0.012500 0.148438 0.022917 0.153125 0.037500 0.170313 0.041667 0.171875 0.022917
1 0.467187 0.056250 0.462500 0.043750 0.457813 0.062500 0.465625 0.066667 0.475000 0.060417 0.475000 0.047917
1 0.529375 0.177917 0.528125 0.162500 0.521875 0.179167 0.525000 0.191667 0.534375 0.187500 0.537500 0.168750
1 0.734766 0.272917 0.734375 0.254167 0.725000 0.275000 0.734375 0.287500 0.745313 0.275000
1 0.685000 0.424583 0.678125 0.416667 0.675000 0.429167 0.684375 0.441667 0.698438 0.429167 0.689063 0.406250
1 0.511719 0.537500 0.510938 0.525000 0.503125 0.537500 0.510938 0.550000 0.521875 0.537500
1 0.844531 0.564583 0.835938 0.556250 0.839063 0.575000 0.853125 0.572917 0.850000 0.554167
2 0.782031 0.496875 0.762500 0.481250 0.765625 0.504167 0.775000 0.516667 0.787500 0.518750 0.798438 0.510417 0.798438 0.487500 0.793750 0.487500 0.775000 0.468750
3 0.527995 0.465104 0.525000 0.404167 0.521875 0.454167 0.481250 0.443750 0.478125 0.468750 0.512500 0.475000 0.506250 0.518750 0.528125 0.525000 0.534375 0.481250 0.573438 0.493750 0.581250 0.462500 0.543750 0.450000 0.550000 0.404167
1 0.356641 0.483333 0.359375 0.468750 0.348438 0.481250 0.356250 0.497917 0.362500 0.485417
1 0.342187 0.567500 0.340625 0.554167 0.335938 0.562500 0.337500 0.579167 0.348438 0.575000 0.348438 0.566667
4 0.337587 0.526042 0.285938 0.525000 0.293750 0.541667 0.306250 0.537500 0.328125 0.556250 0.334375 0.543750 0.353125 0.554167 0.353125 0.581250 0.365625 0.587500 0.387500 0.562500 0.376563 0.543750 0.368750 0.522917 0.381250 0.491667 0.378125 0.456250 0.335938 0.456250 0.332813 0.485417 0.318750 0.493750 0.298438 0.491667 0.278125 0.537500
5 0.873828 0.411979 0.859375 0.381250 0.887500 0.385417 0.887500 0.437500 0.860938 0.443750
6 0.113281 0.369792 0.096875 0.318750 0.125000 0.325000 0.137500 0.418750 0.093750 0.416667
7 0.108203 0.384375 0.093750 0.000000 0.090625 0.766667 0.120313 0.760417 0.128125 0.010417
7 0.483984 0.776563 0.073438 0.737500 0.890625 0.791667 0.898438 0.822917 0.073438 0.754167
7 0.883984 0.417187 0.885938 0.000000 0.856250 0.831250 0.887500 0.837500 0.906250 0.000000
7 0.690625 0.014063 0.915625 0.000000 0.462500 0.000000 0.465625 0.025000 0.918750 0.031250
