0 0.774687 0.742917 0.768750 0.725000 0.762500 0.743750 0.771875 0.760417 0.787500 0.750000 0.782813 0.735417
1 0.640625 0.549167 0.637500 0.535417 0.628125 0.547917 0.635938 0.562500 0.651563 0.562500 0.650000 0.537500
3 0.437500 0.504340 0.434375 0.443750 0.429688 0.487500 0.395313 0.475000 0.390625 0.504167 0.418750 0.516667 0.412500 0.562500 0.439063 0.568750 0.443750 0.522917 0.481250 0.535417 0.492188 0.500000 0.450000 0.491667 0.462500 0.443750
4 0.485653 0.308649 0.537500 0.279167 0.518750 0.268750 0.515625 0.281250 0.510938 0.281250 0.509375 0.272917 0.471875 0.254167 0.473438 0.250000 0.450000 0.237500 0.440625 0.279167 0.446875 0.287500 0.457813 0.293750 0.457813 0.300000 0.446875 0.300000 0.437500 0.312500 0.434375 0.335417 0.446875 0.341667 0.446875 0.325000 0.454688 0.312500 0.459375 0.312500 0.465625 0.325000 0.478125 0.322917 0.485938 0.331250 0.500000 0.325000 0.506250 0.331250 0.512500 0.337500 0.506250 0.350000 0.510938 0.356250 0.521875 0.356250 0.525000 0.343750 0.521875 0.325000 0.515625 0.318750 0.528125 0.318750 0.531250 0.318750
2 0.378795 0.671131 0.379688 0.643750 0.364063 0.656250 0.359375 0.681250 0.367188 0.700000 0.387500 0.693750 0.395313 0.672917 0.398438 0.650000
1 0.672813 0.718750 0.671875 0.706250 0.662500 0.712500 0.662500 0.731250 0.682813 0.731250 0.684375 0.712500
1 0.745703 0.714583 0.746875 0.700000 0.737500 0.710417 0.742188 0.731250 0.756250 0.716667
1 0.757031 0.685417 0.756250 0.668750 0.750000 0.685417 0.753125 0.700000 0.768750 0.687500
1 0.199063 0.394167 0.196875 0.375000 0.187500 0.391667 0.193750 0.412500 0.207813 0.406250 0.209375 0.385417
1 0.775625 0.692083 0.768750 0.675000 0.767188 0.693750 0.773438 0.706250 0.784375 0.704167 0.784375 0.681250
1 0.769688 0.640417 0.768750 0.625000 0.756250 0.643750 0.767188 0.654167 0.778125 0.643750 0.778125 0.635417
1 0.762813 0.458750 0.756250 0.450000 0.753125 0.462500 0.762500 0.468750 0.773438 0.468750 0.768750 0.443750
5 0.792188 0.466146 0.806250 0.422917 0.784375 0.429167 0.771875 0.506250 0.806250 0.506250
6 0.075781 0.433333 0.065625 0.366667 0.096875 0.368750 0.087500 0.506250 0.053125 0.491667
7 0.071875 0.447917 0.087500 0.068750 0.015625 0.825000 0.062500 0.831250 0.121875 0.066667
7 0.416406 0.823958 0.006250 0.768750 0.828125 0.829167 0.821875 0.875000 0.009375 0.822917
7 0.801953 0.484896 0.798438 0.085417 0.771875 0.881250 0.807813 0.891667 0.829688 0.081250
7 0.460938 0.104167 0.853125 0.093750 0.071875 0.072917 0.068750 0.112500 0.850000 0.137500
