1 0.497135 0.283681 0.487500 0.287500 0.493750 0.291667 0.503125 0.287500 0.506250 0.281250 0.506250 0.275000 0.485938 0.279167
4 0.485417 0.292361 0.481250 0.281250 0.481250 0.293750 0.489063 0.306250 0.493750 0.300000 0.485938 0.291667 0.481250 0.281250
1 0.711285 0.769907 0.704688 0.756250 0.712500 0.756250 0.720313 0.762500 0.721875 0.768750 0.721875 0.779167 0.714063 0.785417 0.706250 0.781250 0.700000 0.772917 0.700000 0.766667
1 0.669727 0.658333 0.668750 0.643750 0.678125 0.647917 0.679688 0.660417 0.678125 0.668750 0.671875 0.668750 0.662500 0.668750 0.659375 0.660417 0.659375 0.647917
1 0.588086 0.681510 0.589063 0.668750 0.596875 0.675000 0.596875 0.681250 0.595313 0.691667 0.587500 0.693750 0.579688 0.691667 0.578125 0.681250 0.581250 0.668750
1 0.340430 0.570312 0.343750 0.556250 0.348438 0.562500 0.350000 0.572917 0.345313 0.581250 0.337500 0.581250 0.332813 0.579167 0.331250 0.568750 0.334375 0.560417
1 0.256836 0.592708 0.262500 0.579167 0.267188 0.587500 0.267188 0.597917 0.259375 0.604167 0.253125 0.606250 0.246875 0.600000 0.246875 0.587500 0.251563 0.579167
1 0.151042 0.542824 0.160938 0.543750 0.159375 0.550000 0.154688 0.556250 0.146875 0.556250 0.139063 0.547917 0.139063 0.537500 0.145313 0.529167 0.154688 0.529167 0.159375 0.535417
1 0.238368 0.687037 0.243750 0.675000 0.250000 0.685417 0.248438 0.693750 0.240625 0.700000 0.234375 0.700000 0.228125 0.693750 0.228125 0.685417 0.232813 0.675000 0.239063 0.675000
2 0.440625 0.738542 0.428125 0.718750 0.434375 0.716667 0.446875 0.716667 0.454688 0.725000 0.460938 0.731250 0.460938 0.747917 0.456250 0.756250 0.446875 0.762500 0.434375 0.760417 0.426563 0.754167 0.418750 0.743750 0.418750 0.729167
3 0.637740 0.336538 0.626563 0.281250 0.642188 0.279167 0.646875 0.325000 0.684375 0.325000 0.687500 0.343750 0.648438 0.350000 0.651563 0.400000 0.634375 0.406250 0.631250 0.356250 0.590625 0.356250 0.590625 0.341667 0.628125 0.329167 0.628125 0.281250
5 0.881875 0.447500 0.871875 0.425000 0.900000 0.431250 0.893750 0.481250 0.871875 0.475000 0.871875 0.425000
6 0.115312 0.368333 0.106250 0.325000 0.131250 0.337500 0.128125 0.425000 0.103125 0.422917 0.107813 0.331250
7 0.887813 0.370833 0.901563 0.068750 0.846875 0.825000 0.867188 0.837500 0.925000 0.054167 0.898438 0.068750
7 0.476172 0.785937 0.846875 0.818750 0.107813 0.731250 0.087500 0.750000 0.862500 0.843750
7 0.121562 0.310833 0.146875 0.031250 0.109375 0.731250 0.085938 0.743750 0.121875 0.006250 0.143750 0.041667
7 0.422813 0.024167 0.237500 0.000000 0.698438 0.035417 0.684375 0.060417 0.253125 0.025000 0.240625 0.000000
7 0.874062 0.063333 0.840625 0.072917 0.893750 0.081250 0.923438 0.043750 0.865625 0.043750 0.846875 0.075000
