0 0.181836 0.138542 0.175000 0.147917 0.181250 0.150000 0.190625 0.150000 0.192188 0.135417 0.187500 0.131250 0.181250 0.125000 0.175000 0.131250 0.171875 0.137500
1 0.204340 0.283565 0.203125 0.272917 0.196875 0.275000 0.193750 0.281250 0.196875 0.291667 0.203125 0.293750 0.209375 0.293750 0.212500 0.287500 0.212500 0.281250 0.210938 0.275000
1 0.525347 0.183102 0.528125 0.172917 0.521875 0.168750 0.515625 0.179167 0.515625 0.185417 0.518750 0.193750 0.526563 0.193750 0.534375 0.193750 0.534375 0.185417 0.532813 0.175000
1 0.788021 0.379398 0.784375 0.368750 0.781250 0.372917 0.778125 0.381250 0.781250 0.387500 0.787500 0.391667 0.793750 0.387500 0.796875 0.381250 0.796875 0.375000 0.792188 0.368750
1 0.644271 0.591667 0.642188 0.581250 0.637500 0.585417 0.634375 0.591667 0.637500 0.600000 0.643750 0.604167 0.650000 0.600000 0.653125 0.593750 0.651563 0.587500 0.648438 0.581250
1 0.577699 0.628030 0.581250 0.616667 0.575000 0.618750 0.571875 0.618750 0.568750 0.625000 0.568750 0.631250 0.571875 0.635417 0.575000 0.641667 0.581250 0.641667 0.587500 0.635417 0.587500 0.625000 0.585938 0.618750
1 0.643750 0.684280 0.637500 0.672917 0.635938 0.679167 0.635938 0.687500 0.635938 0.691667 0.640625 0.693750 0.643750 0.693750 0.651563 0.693750 0.653125 0.687500 0.653125 0.679167 0.650000 0.675000 0.643750 0.672917
1 0.567031 0.719583 0.568750 0.706250 0.564063 0.710417 0.559375 0.712500 0.557813 0.718750 0.559375 0.725000 0.564063 0.731250 0.568750 0.731250 0.575000 0.729167 0.578125 0.718750 0.575000 0.712500
1 0.684255 0.798878 0.681250 0.787500 0.678125 0.791667 0.675000 0.793750 0.675000 0.800000 0.675000 0.806250 0.681250 0.812500 0.687500 0.812500 0.690625 0.810417 0.693750 0.804167 0.693750 0.797917 0.690625 0.793750 0.689063 0.787500 0.684375 0.787500
2 0.728559 0.617245 0.725000 0.597917 0.718750 0.600000 0.712500 0.604167 0.709375 0.610417 0.709375 0.616667 0.709375 0.622917 0.712500 0.629167 0.718750 0.631250 0.725000 0.637500 0.731250 0.637500 0.737500 0.641667 0.746875 0.635417 0.751563 0.625000 0.751563 0.612500 0.746875 0.606250 0.742188 0.604167 0.735938 0.600000 0.729688 0.597917
3 0.607422 0.406944 0.595313 0.354167 0.606250 0.350000 0.612500 0.393750 0.650000 0.393750 0.653125 0.410417 0.617188 0.412500 0.620313 0.460417 0.606250 0.462500 0.600000 0.418750 0.565625 0.422917 0.565625 0.406250 0.596875 0.397917
4 0.717018 0.426540 0.728125 0.372917 0.750000 0.400000 0.759375 0.429167 0.768750 0.425000 0.776563 0.441667 0.753125 0.462500 0.746875 0.456250 0.742188 0.456250 0.735938 0.443750 0.728125 0.447917 0.729688 0.466667 0.731250 0.479167 0.721875 0.485417 0.715625 0.485417 0.714063 0.479167 0.718750 0.479167 0.721875 0.468750 0.725000 0.462500 0.721875 0.454167 0.721875 0.450000 0.715625 0.447917 0.712500 0.443750 0.710938 0.437500 0.710938 0.431250 0.712500 0.429167 0.710938 0.429167 0.704688 0.425000 0.703125 0.422917 0.700000 0.416667 0.700000 0.412500 0.696875 0.406250 0.689063 0.406250 0.682813 0.410417 0.678125 0.418750 0.668750 0.416667 0.675000 0.404167 0.684375 0.393750 0.700000 0.400000 0.706250 0.400000 0.706250 0.393750 0.706250 0.387500 0.706250 0.381250 0.700000 0.372917 0.725000 0.347917 0.734375 0.366667 0.731250 0.372917
5 0.830859 0.500000 0.821875 0.479167 0.843750 0.479167 0.839063 0.522917 0.818750 0.518750
6 0.129375 0.418333 0.121875 0.406250 0.143750 0.416667 0.140625 0.437500 0.118750 0.425000 0.121875 0.406250
7 0.462109 0.136458 0.162500 0.131250 0.762500 0.162500 0.778125 0.141667 0.145313 0.110417
7 0.141406 0.276562 0.162500 0.131250 0.140625 0.437500 0.118750 0.425000 0.143750 0.112500
7 0.117578 0.651042 0.137500 0.506250 0.120313 0.787500 0.100000 0.800000 0.112500 0.510417
7 0.466797 0.824479 0.120313 0.787500 0.812500 0.837500 0.829688 0.866667 0.104688 0.806250
7 0.830859 0.519792 0.834375 0.193750 0.850000 0.187500 0.829688 0.860417 0.809375 0.837500
