7 0.026562 0.485938 0.025000 0.000000 0.000000 0.968750 0.021875 0.956250 0.059375 0.018750
7 0.500260 0.025000 0.009375 0.000000 0.009375 0.012500 0.042188 0.037500 0.965625 0.054167 0.987500 0.029167 0.987500 0.016667
7 0.960417 0.490278 0.937500 0.012500 0.959375 0.000000 0.968750 0.000000 0.984375 0.981250 0.968750 0.985417 0.943750 0.962500
7 0.500000 0.932639 0.984375 0.925000 0.996875 0.941667 0.996875 0.954167 0.001563 0.941667 0.001563 0.922917 0.018750 0.910417
1 0.455580 0.462798 0.450000 0.450000 0.446875 0.456250 0.446875 0.468750 0.453125 0.475000 0.460938 0.472917 0.465625 0.466667 0.465625 0.450000
1 0.883259 0.908333 0.885938 0.891667 0.875000 0.893750 0.871875 0.910417 0.875000 0.918750 0.884375 0.925000 0.896875 0.918750 0.893750 0.900000
1 0.947098 0.847321 0.940625 0.831250 0.937500 0.837500 0.937500 0.854167 0.943750 0.860417 0.953125 0.862500 0.960938 0.847917 0.956250 0.837500
1 0.935677 0.425347 0.931250 0.410417 0.923438 0.422917 0.925000 0.437500 0.939063 0.437500 0.948438 0.431250 0.946875 0.412500
1 0.932589 0.391071 0.925000 0.381250 0.918750 0.391667 0.921875 0.406250 0.934375 0.406250 0.950000 0.391667 0.943750 0.381250 0.934375 0.379167
0 0.338867 0.119531 0.331250 0.106250 0.328125 0.122917 0.331250 0.131250 0.337500 0.137500 0.350000 0.131250 0.350000 0.116667 0.345313 0.106250 0.337500 0.104167
1 0.892708 0.132870 0.884375 0.125000 0.878125 0.135417 0.881250 0.143750 0.890625 0.147917 0.898438 0.143750 0.903125 0.137500 0.906250 0.125000 0.900000 0.118750 0.892188 0.118750
1 0.926910 0.135185 0.925000 0.122917 0.921875 0.125000 0.917188 0.131250 0.917188 0.141667 0.921875 0.150000 0.929688 0.147917 0.937500 0.141667 0.937500 0.131250 0.934375 0.125000
2 0.066085 0.232353 0.056250 0.200000 0.062500 0.193750 0.071875 0.200000 0.078125 0.212500 0.081250 0.218750 0.084375 0.231250 0.085938 0.241667 0.085938 0.250000 0.081250 0.262500 0.075000 0.268750 0.062500 0.268750 0.054688 0.262500 0.050000 0.250000 0.048438 0.241667 0.046875 0.229167 0.048438 0.212500 0.050000 0.206250
3 0.508053 0.452724 0.496875 0.460417 0.490625 0.506250 0.490625 0.522917 0.506250 0.525000 0.517188 0.462500 0.564063 0.475000 0.565625 0.450000 0.521875 0.437500 0.528125 0.379167 0.512500 0.375000 0.501563 0.429167 0.456250 0.418750 0.453125 0.443750
5 0.961328 0.473438 0.940625 0.443750 0.979688 0.443750 0.981250 0.506250 0.943750 0.500000
6 0.021875 0.460938 0.037500 0.404167 0.009375 0.397917 0.003125 0.518750 0.037500 0.522917
