7 0.511719 0.846875 0.087500 0.881250 0.940625 0.856250 0.928125 0.812500 0.090625 0.837500
7 0.120703 0.477604 0.134375 0.893750 0.134375 0.062500 0.109375 0.062500 0.104688 0.891667
7 0.506250 0.089583 0.096875 0.116667 0.917188 0.097917 0.918750 0.062500 0.092188 0.081250
7 0.896875 0.344940 0.884375 0.050000 0.892188 0.100000 0.900000 0.225000 0.875000 0.235417 0.885938 0.875000 0.923438 0.875000 0.917188 0.054167
5 0.896094 0.454167 0.881250 0.481250 0.909375 0.475000 0.909375 0.425000 0.884375 0.435417
6 0.119922 0.476562 0.107813 0.529167 0.131250 0.529167 0.134375 0.422917 0.106250 0.425000
0 0.513715 0.502778 0.521875 0.516667 0.509375 0.518750 0.503125 0.510417 0.500000 0.500000 0.503125 0.493750 0.510938 0.487500 0.521875 0.487500 0.526563 0.500000 0.526563 0.510417
1 0.326786 0.678274 0.318750 0.693750 0.334375 0.693750 0.340625 0.681250 0.337500 0.662500 0.321875 0.656250 0.318750 0.672917 0.315625 0.687500
1 0.135268 0.818750 0.121875 0.831250 0.140625 0.841667 0.153125 0.825000 0.150000 0.804167 0.134375 0.800000 0.125000 0.806250 0.121875 0.822917
1 0.844420 0.638988 0.834375 0.654167 0.846875 0.660417 0.859375 0.650000 0.856250 0.631250 0.846875 0.616667 0.835938 0.618750 0.831250 0.641667
1 0.137500 0.117262 0.129688 0.131250 0.140625 0.137500 0.154688 0.125000 0.150000 0.104167 0.137500 0.100000 0.125000 0.104167 0.125000 0.118750
2 0.656597 0.605787 0.650000 0.629167 0.668750 0.629167 0.682813 0.618750 0.681250 0.593750 0.667188 0.579167 0.648438 0.579167 0.631250 0.585417 0.635938 0.612500 0.643750 0.625000
4 0.848264 0.156250 0.853125 0.235417 0.896875 0.222917 0.893750 0.193750 0.893750 0.168750 0.896875 0.135417 0.896875 0.106250 0.887500 0.085417 0.864062 0.089583 0.851562 0.097917 0.829688 0.102083 0.815625 0.100000 0.807813 0.108333 0.804688 0.129167 0.804688 0.154167 0.806250 0.193750 0.810937 0.220833 0.820312 0.233333 0.834375 0.235417
