0 0.435937 0.617917 0.421875 0.612500 0.426563 0.631250 0.446875 0.635417 0.450000 0.610417 0.434375 0.600000
1 0.355469 0.482292 0.348438 0.475000 0.350000 0.493750 0.360938 0.487500 0.362500 0.472917
1 0.127344 0.572917 0.118750 0.566667 0.128125 0.587500 0.134375 0.575000 0.128125 0.562500
1 0.137109 0.633854 0.128125 0.631250 0.134375 0.647917 0.145313 0.637500 0.140625 0.618750
1 0.375391 0.619271 0.364063 0.616667 0.371875 0.631250 0.387500 0.622917 0.378125 0.606250
1 0.588281 0.632292 0.581250 0.631250 0.587500 0.647917 0.596875 0.631250 0.587500 0.618750
1 0.584766 0.388542 0.575000 0.387500 0.581250 0.400000 0.595313 0.391667 0.587500 0.375000
1 0.733984 0.272917 0.725000 0.266667 0.728125 0.281250 0.742188 0.281250 0.740625 0.262500
1 0.873437 0.046354 0.862500 0.041667 0.871875 0.060417 0.881250 0.047917 0.878125 0.035417
2 0.776736 0.493519 0.760938 0.475000 0.759375 0.497917 0.771875 0.510417 0.781250 0.522917 0.793750 0.510417 0.800000 0.497917 0.787500 0.479167 0.773438 0.472917 0.762500 0.475000
3 0.448698 0.284201 0.446875 0.225000 0.440625 0.272917 0.403125 0.262500 0.398438 0.281250 0.434375 0.291667 0.426563 0.341667 0.453125 0.350000 0.454688 0.297917 0.496875 0.306250 0.496875 0.281250 0.462500 0.275000 0.470313 0.225000
4 0.341369 0.527877 0.281250 0.525000 0.293750 0.537500 0.304688 0.531250 0.309375 0.531250 0.306250 0.541667 0.345313 0.566667 0.350000 0.560417 0.353125 0.562500 0.346875 0.579167 0.368750 0.591667 0.384375 0.566667 0.371875 0.547917 0.368750 0.537500 0.371875 0.525000 0.367188 0.510417 0.381250 0.487500 0.371875 0.460417 0.335938 0.456250 0.331250 0.487500 0.321875 0.497917 0.303125 0.481250
5 0.874219 0.413542 0.859375 0.385417 0.887500 0.381250 0.890625 0.443750 0.859375 0.443750
6 0.110937 0.370833 0.090625 0.318750 0.134375 0.329167 0.128125 0.422917 0.090625 0.412500
7 0.103516 0.381250 0.092188 0.000000 0.089063 0.762500 0.117188 0.756250 0.115625 0.006250
7 0.486719 0.771354 0.075000 0.729167 0.896875 0.787500 0.898438 0.818750 0.076563 0.750000
7 0.883333 0.560417 0.856250 0.837500 0.887500 0.837500 0.906250 0.006250
7 0.597656 0.016146 0.912500 0.000000 0.912500 0.037500 0.282813 0.022917 0.282813 0.004167
