1 0.183125 0.175417 0.184375 0.156250 0.170313 0.172917 0.171875 0.185417 0.192188 0.193750 0.196875 0.168750
1 0.147266 0.269271 0.145313 0.254167 0.134375 0.268750 0.146875 0.287500 0.162500 0.266667
1 0.351250 0.482917 0.350000 0.468750 0.345313 0.479167 0.345313 0.493750 0.356250 0.491667 0.359375 0.481250
1 0.337891 0.568750 0.337500 0.556250 0.329688 0.568750 0.337500 0.581250 0.346875 0.568750
1 0.255312 0.587083 0.253125 0.575000 0.243750 0.585417 0.248438 0.600000 0.265625 0.600000 0.265625 0.575000
1 0.239687 0.681250 0.234375 0.666667 0.228125 0.679167 0.232813 0.693750 0.248438 0.693750 0.254688 0.672917
1 0.440625 0.586979 0.443750 0.568750 0.428125 0.581250 0.434375 0.604167 0.456250 0.593750
1 0.513437 0.534583 0.515625 0.518750 0.503125 0.525000 0.501563 0.550000 0.521875 0.550000 0.525000 0.529167
2 0.151562 0.207986 0.125000 0.193750 0.131250 0.212500 0.148438 0.235417 0.171875 0.225000 0.176563 0.200000 0.156250 0.181250
3 0.521875 0.460938 0.518750 0.393750 0.512500 0.443750 0.473438 0.437500 0.470313 0.472917 0.509375 0.468750 0.496875 0.525000 0.526563 0.525000 0.532813 0.481250 0.568750 0.491667 0.575000 0.450000 0.534375 0.447917 0.543750 0.393750
4 0.341667 0.525992 0.273438 0.525000 0.298438 0.543750 0.304688 0.537500 0.325000 0.556250 0.335938 0.543750 0.350000 0.560417 0.356250 0.568750 0.345313 0.581250 0.356250 0.593750 0.381250 0.556250 0.371875 0.541667 0.365625 0.531250 0.368750 0.522917 0.362500 0.518750 0.376563 0.500000 0.375000 0.472917 0.350000 0.450000 0.335938 0.468750 0.329688 0.493750 0.318750 0.493750 0.293750 0.485417
5 0.878125 0.447917 0.865625 0.400000 0.898438 0.400000 0.893750 0.497917 0.854688 0.493750
6 0.118359 0.370833 0.107813 0.304167 0.134375 0.310417 0.134375 0.437500 0.096875 0.431250
7 0.115234 0.396354 0.117188 0.012500 0.065625 0.781250 0.123438 0.775000 0.154688 0.016667
7 0.475000 0.788021 0.057813 0.716667 0.898438 0.812500 0.896875 0.862500 0.046875 0.760417
7 0.889844 0.449479 0.900000 0.025000 0.834375 0.875000 0.878125 0.879167 0.946875 0.018750
7 0.675000 0.031771 0.946875 0.018750 0.956250 0.085417 0.387500 0.018750 0.409375 0.004167
0 0.167578 0.026042 0.162500 0.012500 0.154688 0.029167 0.171875 0.037500 0.181250 0.025000
