0 0.216406 0.705729 0.209375 0.712500 0.212500 0.718750 0.221875 0.716667 0.225000 0.710417 0.225000 0.700000 0.218750 0.693750 0.210938 0.693750 0.207813 0.700000
1 0.197321 0.740774 0.196875 0.731250 0.206250 0.731250 0.207813 0.743750 0.200000 0.750000 0.192188 0.750000 0.187500 0.743750 0.190625 0.735417
1 0.386133 0.622917 0.384375 0.610417 0.392188 0.610417 0.395313 0.618750 0.393750 0.631250 0.387500 0.631250 0.381250 0.635417 0.376563 0.629167 0.378125 0.616667
1 0.707812 0.352865 0.704688 0.343750 0.710938 0.343750 0.715625 0.347917 0.715625 0.356250 0.712500 0.362500 0.704688 0.362500 0.700000 0.356250 0.698438 0.350000
1 0.776172 0.174479 0.773438 0.162500 0.778125 0.162500 0.784375 0.168750 0.784375 0.179167 0.781250 0.187500 0.775000 0.185417 0.765625 0.181250 0.767188 0.168750
1 0.786523 0.102604 0.781250 0.093750 0.787500 0.091667 0.796875 0.093750 0.796875 0.106250 0.787500 0.112500 0.782813 0.112500 0.778125 0.110417 0.781250 0.100000
1 0.768608 0.102273 0.778125 0.093750 0.773438 0.091667 0.765625 0.091667 0.762500 0.093750 0.759375 0.100000 0.760938 0.106250 0.762500 0.112500 0.767188 0.112500 0.773438 0.112500 0.775000 0.110417 0.776563 0.100000
1 0.502232 0.144345 0.501563 0.131250 0.509375 0.135417 0.510938 0.143750 0.506250 0.156250 0.500000 0.156250 0.493750 0.150000 0.493750 0.137500
1 0.318750 0.194940 0.309375 0.197917 0.309375 0.191667 0.318750 0.187500 0.321875 0.187500 0.325000 0.193750 0.325000 0.200000 0.321875 0.206250
2 0.629545 0.499432 0.621875 0.475000 0.635938 0.472917 0.642188 0.481250 0.646875 0.500000 0.643750 0.516667 0.637500 0.522917 0.626563 0.525000 0.618750 0.518750 0.617188 0.506250 0.615625 0.493750 0.618750 0.481250
3 0.505208 0.358854 0.501563 0.304167 0.515625 0.304167 0.512500 0.350000 0.548438 0.350000 0.548438 0.368750 0.512500 0.368750 0.510938 0.416667 0.493750 0.416667 0.496875 0.368750 0.462500 0.366667 0.462500 0.343750 0.496875 0.347917
4 0.310342 0.245337 0.328125 0.206250 0.343750 0.218750 0.348438 0.210417 0.364063 0.216667 0.364063 0.237500 0.356250 0.254167 0.340625 0.250000 0.337500 0.243750 0.331250 0.243750 0.331250 0.250000 0.332813 0.254167 0.340625 0.268750 0.340625 0.287500 0.337500 0.297917 0.331250 0.293750 0.334375 0.281250 0.331250 0.266667 0.321875 0.266667 0.317188 0.266667 0.315625 0.262500 0.312500 0.254167 0.309375 0.254167 0.298438 0.254167 0.293750 0.250000 0.287500 0.250000 0.278125 0.254167 0.278125 0.262500 0.281250 0.268750 0.275000 0.275000 0.271875 0.268750 0.270313 0.254167 0.278125 0.243750 0.290625 0.241667 0.290625 0.235417 0.287500 0.225000 0.281250 0.225000 0.275000 0.225000 0.271875 0.218750 0.271875 0.206250 0.284375 0.179167 0.298438 0.187500 0.300000 0.193750
5 0.810937 0.385937 0.800000 0.362500 0.818750 0.362500 0.821875 0.412500 0.803125 0.406250
6 0.115625 0.424479 0.106250 0.381250 0.125000 0.381250 0.125000 0.468750 0.106250 0.466667
7 0.456250 0.069792 0.125000 0.106250 0.792188 0.060417 0.798438 0.031250 0.109375 0.081250
7 0.114453 0.430208 0.125000 0.112500 0.125000 0.754167 0.104688 0.762500 0.103125 0.091667
7 0.466797 0.751042 0.125000 0.756250 0.818750 0.729167 0.818750 0.743750 0.104688 0.775000
7 0.813672 0.392708 0.790625 0.062500 0.818750 0.731250 0.837500 0.741667 0.807813 0.035417
