0 0.170313 0.028646 0.165625 0.016667 0.159375 0.035417 0.175000 0.037500 0.181250 0.025000
1 0.186719 0.175000 0.185938 0.162500 0.179688 0.175000 0.184375 0.187500 0.196875 0.175000
1 0.149219 0.254688 0.146875 0.243750 0.140625 0.254167 0.150000 0.266667 0.159375 0.254167
1 0.253437 0.676250 0.253125 0.660417 0.243750 0.675000 0.248438 0.693750 0.259375 0.685417 0.262500 0.666667
1 0.189688 0.523750 0.192188 0.510417 0.181250 0.510417 0.181250 0.531250 0.190625 0.537500 0.203125 0.529167
1 0.512500 0.534583 0.512500 0.518750 0.503125 0.525000 0.503125 0.543750 0.518750 0.550000 0.525000 0.535417
1 0.351953 0.481771 0.353125 0.472917 0.346875 0.475000 0.346875 0.493750 0.360938 0.485417
1 0.337500 0.566667 0.340625 0.556250 0.331250 0.566667 0.337500 0.575000 0.340625 0.568750
1 0.436562 0.592917 0.434375 0.581250 0.429688 0.591667 0.428125 0.606250 0.443750 0.604167 0.446875 0.581250
2 0.149330 0.205060 0.129688 0.193750 0.131250 0.212500 0.145313 0.225000 0.162500 0.225000 0.171875 0.210417 0.165625 0.187500 0.139063 0.181250
3 0.521875 0.461285 0.518750 0.393750 0.512500 0.450000 0.475000 0.437500 0.470313 0.472917 0.506250 0.472917 0.496875 0.516667 0.531250 0.525000 0.531250 0.475000 0.568750 0.487500 0.575000 0.456250 0.534375 0.450000 0.542188 0.397917
4 0.340365 0.525231 0.278125 0.522917 0.298438 0.543750 0.306250 0.537500 0.328125 0.556250 0.337500 0.550000 0.346875 0.560417 0.346875 0.575000 0.356250 0.593750 0.384375 0.562500 0.368750 0.550000 0.364063 0.525000 0.356250 0.518750 0.376563 0.497917 0.371875 0.462500 0.348438 0.450000 0.332813 0.468750 0.325000 0.497917 0.300000 0.481250
5 0.877344 0.440625 0.867188 0.393750 0.900000 0.387500 0.887500 0.493750 0.854688 0.487500
6 0.117578 0.372396 0.109375 0.306250 0.139063 0.316667 0.125000 0.431250 0.096875 0.435417
7 0.115625 0.392188 0.117188 0.006250 0.076563 0.775000 0.120313 0.775000 0.148438 0.012500
7 0.479297 0.784375 0.068750 0.718750 0.896875 0.806250 0.893750 0.850000 0.057813 0.762500
7 0.889062 0.443229 0.909375 0.018750 0.837500 0.868750 0.875000 0.868750 0.934375 0.016667
7 0.617969 0.033854 0.943750 0.025000 0.943750 0.081250 0.287500 0.029167 0.296875 0.000000
