1 0.476562 0.473958 0.471875 0.460417 0.465625 0.466667 0.465625 0.479167 0.471875 0.487500 0.481250 0.487500 0.487500 0.481250 0.487500 0.468750 0.481250 0.460417
1 0.679911 0.929167 0.668750 0.931250 0.668750 0.916667 0.678125 0.912500 0.690625 0.916667 0.693750 0.935417 0.684375 0.947917 0.675000 0.943750
1 0.899740 0.736806 0.898438 0.718750 0.909375 0.725000 0.912500 0.743750 0.900000 0.754167 0.890625 0.747917 0.887500 0.731250
1 0.140402 0.090476 0.137500 0.075000 0.145313 0.079167 0.150000 0.087500 0.150000 0.100000 0.137500 0.104167 0.131250 0.100000 0.131250 0.087500
1 0.349740 0.101389 0.343750 0.112500 0.337500 0.100000 0.345313 0.091667 0.356250 0.087500 0.359375 0.104167 0.356250 0.112500
1 0.139063 0.207440 0.140625 0.193750 0.148438 0.200000 0.150000 0.216667 0.143750 0.218750 0.134375 0.218750 0.125000 0.206250 0.131250 0.197917
1 0.075625 0.415833 0.068750 0.400000 0.081250 0.400000 0.084375 0.416667 0.078125 0.431250 0.065625 0.431250
1 0.060714 0.498512 0.053125 0.485417 0.062500 0.485417 0.073438 0.491667 0.071875 0.506250 0.059375 0.510417 0.054688 0.510417 0.050000 0.500000
2 0.946250 0.567917 0.939063 0.537500 0.954688 0.537500 0.968750 0.543750 0.971875 0.562500 0.968750 0.593750 0.950000 0.606250 0.934375 0.604167 0.923438 0.587500 0.923438 0.562500 0.928125 0.543750
3 0.454427 0.515625 0.442188 0.443750 0.460938 0.441667 0.465625 0.500000 0.510938 0.497917 0.512500 0.522917 0.465625 0.531250 0.465625 0.585417 0.446875 0.591667 0.442188 0.531250 0.400000 0.535417 0.398438 0.506250 0.442188 0.500000
4 0.473735 0.742857 0.443750 0.681250 0.506250 0.681250 0.506250 0.691667 0.510938 0.687500 0.515625 0.668750 0.534375 0.666667 0.540625 0.718750 0.528125 0.722917 0.518750 0.747917 0.512500 0.750000 0.506250 0.756250 0.512500 0.775000 0.510938 0.804167 0.496875 0.812500 0.493750 0.806250 0.501563 0.793750 0.503125 0.775000 0.493750 0.756250 0.484375 0.760417 0.478125 0.756250 0.471875 0.756250 0.465625 0.762500 0.460938 0.781250 0.468750 0.793750 0.478125 0.800000 0.478125 0.812500 0.460938 0.810417 0.450000 0.787500 0.443750 0.775000 0.453125 0.762500 0.434375 0.760417 0.431250 0.754167 0.418750 0.754167 0.426563 0.737500 0.426563 0.731250 0.415625 0.725000 0.412500 0.693750 0.418750 0.672917 0.442188 0.668750 0.443750 0.681250 0.446875 0.687500 0.450000 0.679167
5 0.981641 0.559896 0.964063 0.529167 0.996875 0.531250 0.993750 0.587500 0.971875 0.591667
6 0.052734 0.447396 0.043750 0.385417 0.076563 0.406250 0.059375 0.510417 0.031250 0.487500
7 0.975000 0.556771 0.962500 0.135417 0.959375 0.993750 0.990625 0.993750 0.987500 0.104167
7 0.542969 0.088542 0.125000 0.075000 0.962500 0.137500 0.971875 0.100000 0.112500 0.041667
7 0.058203 0.429688 0.125000 0.079167 0.006250 0.887500 0.001563 0.704167 0.100000 0.047917
7 0.263281 0.952083 0.009375 0.893750 0.609375 0.997917 0.431250 0.997917 0.003125 0.918750
