1 0.183594 0.172917 0.176563 0.162500 0.178125 0.185417 0.192188 0.181250 0.187500 0.162500
1 0.146484 0.264062 0.140625 0.254167 0.140625 0.279167 0.154688 0.268750 0.150000 0.254167
1 0.353906 0.483333 0.353125 0.472917 0.343750 0.481250 0.356250 0.497917 0.362500 0.481250
1 0.339062 0.566146 0.332813 0.562500 0.337500 0.579167 0.345313 0.566667 0.340625 0.556250
1 0.264688 0.572917 0.259375 0.560417 0.254688 0.575000 0.259375 0.587500 0.275000 0.581250 0.275000 0.560417
1 0.233984 0.687500 0.225000 0.675000 0.225000 0.700000 0.242188 0.700000 0.243750 0.675000
1 0.441797 0.591146 0.442188 0.575000 0.431250 0.587500 0.437500 0.604167 0.456250 0.597917
1 0.512188 0.532917 0.512500 0.518750 0.501563 0.529167 0.503125 0.543750 0.518750 0.543750 0.525000 0.529167
2 0.149107 0.204464 0.125000 0.197917 0.134375 0.218750 0.154688 0.231250 0.175000 0.222917 0.170313 0.191667 0.150000 0.181250 0.134375 0.187500
3 0.524349 0.461458 0.518750 0.393750 0.512500 0.443750 0.478125 0.437500 0.473438 0.472917 0.509375 0.475000 0.501563 0.518750 0.531250 0.525000 0.534375 0.481250 0.573438 0.491667 0.578125 0.456250 0.537500 0.447917 0.543750 0.393750
4 0.340625 0.527662 0.273438 0.525000 0.293750 0.541667 0.306250 0.543750 0.325000 0.560417 0.335938 0.541667 0.356250 0.556250 0.356250 0.560417 0.345313 0.581250 0.359375 0.591667 0.381250 0.560417 0.371875 0.556250 0.364063 0.510417 0.379688 0.497917 0.378125 0.466667 0.353125 0.450000 0.332813 0.475000 0.321875 0.497917 0.296875 0.481250
5 0.879297 0.444792 0.865625 0.400000 0.903125 0.397917 0.893750 0.493750 0.854688 0.487500
6 0.121094 0.376042 0.109375 0.337500 0.140625 0.335417 0.137500 0.418750 0.096875 0.412500
7 0.112891 0.394271 0.112500 0.012500 0.073438 0.772917 0.109375 0.772917 0.156250 0.018750
7 0.474219 0.786458 0.053125 0.718750 0.896875 0.818750 0.892188 0.854167 0.054688 0.754167
7 0.894141 0.441667 0.912500 0.012500 0.845313 0.862500 0.878125 0.872917 0.940625 0.018750
7 0.657422 0.029687 0.954688 0.029167 0.953125 0.072917 0.350000 0.016667 0.371875 0.000000
