1 0.476736 0.474537 0.465625 0.479167 0.465625 0.468750 0.471875 0.460417 0.478125 0.460417 0.485938 0.466667 0.489063 0.475000 0.485938 0.485417 0.478125 0.487500 0.470313 0.487500
3 0.454427 0.515799 0.465625 0.500000 0.510938 0.497917 0.510938 0.522917 0.465625 0.531250 0.468750 0.587500 0.446875 0.591667 0.443750 0.531250 0.398438 0.535417 0.396875 0.506250 0.443750 0.500000 0.440625 0.443750 0.460938 0.441667
4 0.476528 0.739769 0.446875 0.681250 0.506250 0.681250 0.506250 0.687500 0.512500 0.687500 0.515625 0.668750 0.534375 0.666667 0.540625 0.718750 0.526563 0.725000 0.521875 0.737500 0.518750 0.750000 0.506250 0.750000 0.512500 0.775000 0.510938 0.800000 0.496875 0.812500 0.492188 0.804167 0.503125 0.793750 0.503125 0.781250 0.496875 0.760417 0.484375 0.760417 0.478125 0.754167 0.475000 0.756250 0.465625 0.762500 0.465625 0.762500 0.460938 0.781250 0.465625 0.793750 0.478125 0.804167 0.475000 0.812500 0.457813 0.806250 0.446875 0.785417 0.450000 0.760417 0.439063 0.760417 0.437500 0.756250 0.425000 0.754167 0.423438 0.743750 0.426563 0.735417 0.425000 0.729167 0.415625 0.729167 0.415625 0.693750 0.418750 0.672917 0.442188 0.672917 0.443750 0.685417 0.450000 0.681250 0.503125 0.679167 0.506250 0.687500 0.517188 0.687500
1 0.214955 0.270833 0.217188 0.254167 0.225000 0.262500 0.225000 0.275000 0.218750 0.281250 0.209375 0.285417 0.206250 0.275000 0.203125 0.262500
1 0.329492 0.115104 0.321875 0.125000 0.318750 0.118750 0.318750 0.106250 0.329688 0.100000 0.337500 0.100000 0.340625 0.116667 0.337500 0.125000 0.331250 0.129167
1 0.139063 0.089583 0.140625 0.075000 0.148438 0.085417 0.148438 0.097917 0.140625 0.104167 0.134375 0.104167 0.131250 0.093750 0.131250 0.081250 0.137500 0.075000
1 0.890402 0.540774 0.890625 0.525000 0.900000 0.529167 0.903125 0.543750 0.898438 0.556250 0.884375 0.556250 0.878125 0.543750 0.878125 0.531250
1 0.682031 0.925347 0.681250 0.910417 0.689063 0.912500 0.693750 0.931250 0.684375 0.943750 0.671875 0.937500 0.671875 0.916667
1 0.073438 0.418056 0.068750 0.400000 0.081250 0.404167 0.084375 0.416667 0.078125 0.431250 0.065625 0.431250 0.062500 0.425000
1 0.059821 0.497321 0.050000 0.481250 0.062500 0.481250 0.071875 0.487500 0.071875 0.506250 0.062500 0.510417 0.050000 0.510417 0.050000 0.504167
2 0.945937 0.567500 0.923438 0.556250 0.931250 0.537500 0.948438 0.535417 0.964063 0.537500 0.970313 0.550000 0.965625 0.579167 0.959375 0.597917 0.948438 0.606250 0.929688 0.600000 0.918750 0.575000
5 0.978516 0.558854 0.965625 0.531250 0.993750 0.525000 0.992188 0.585417 0.962500 0.593750
6 0.054297 0.452083 0.048438 0.387500 0.078125 0.400000 0.062500 0.516667 0.028125 0.504167
7 0.545312 0.089583 0.128125 0.075000 0.964063 0.141667 0.979688 0.100000 0.109375 0.041667
7 0.060156 0.420833 0.128125 0.079167 0.009375 0.887500 0.003125 0.681250 0.100000 0.035417
7 0.258594 0.948958 0.006250 0.887500 0.600000 0.993750 0.425000 0.997917 0.003125 0.916667
7 0.976953 0.558854 0.964063 0.137500 0.960938 0.993750 0.992188 0.997917 0.990625 0.106250
