0 0.670052 0.134375 0.673438 0.118750 0.662500 0.122917 0.659375 0.141667 0.668750 0.150000 0.675000 0.143750 0.681250 0.129167
1 0.218229 0.176736 0.218750 0.162500 0.209375 0.166667 0.209375 0.181250 0.218750 0.191667 0.225000 0.185417 0.228125 0.172917
1 0.116667 0.637153 0.121875 0.625000 0.112500 0.625000 0.106250 0.635417 0.109375 0.650000 0.120313 0.650000 0.129688 0.637500
1 0.266927 0.601389 0.271875 0.587500 0.262500 0.587500 0.256250 0.600000 0.262500 0.616667 0.270313 0.616667 0.278125 0.600000
1 0.127083 0.836111 0.134375 0.829167 0.128125 0.818750 0.118750 0.829167 0.118750 0.847917 0.125000 0.850000 0.137500 0.841667
1 0.620573 0.502083 0.626563 0.510417 0.631250 0.500000 0.625000 0.487500 0.612500 0.491667 0.610938 0.506250 0.617188 0.516667
1 0.850000 0.727778 0.845313 0.712500 0.837500 0.729167 0.843750 0.737500 0.856250 0.743750 0.860938 0.731250 0.856250 0.712500
1 0.830990 0.811806 0.835938 0.800000 0.840625 0.812500 0.839063 0.822917 0.825000 0.822917 0.821875 0.812500 0.823438 0.800000
1 0.792969 0.165278 0.790625 0.179167 0.800000 0.175000 0.803125 0.162500 0.793750 0.150000 0.787500 0.156250 0.782813 0.168750
3 0.149330 0.174107 0.165625 0.175000 0.187500 0.143750 0.181250 0.131250 0.171875 0.122917 0.146875 0.156250 0.123438 0.122917 0.112500 0.135417 0.131250 0.168750 0.109375 0.206250 0.121875 0.218750 0.125000 0.225000 0.150000 0.193750 0.176563 0.225000 0.187500 0.212500
4 0.498112 0.452083 0.470313 0.504167 0.481250 0.510417 0.492188 0.510417 0.503125 0.500000 0.503125 0.475000 0.512500 0.472917 0.512500 0.466667 0.526563 0.468750 0.528125 0.462500 0.534375 0.462500 0.542188 0.462500 0.550000 0.418750 0.532813 0.412500 0.531250 0.431250 0.525000 0.418750 0.481250 0.406250 0.473438 0.406250 0.478125 0.397917 0.459375 0.387500 0.450000 0.429167 0.462500 0.447917 0.468750 0.450000 0.470313 0.466667 0.465625 0.481250
5 0.858594 0.473438 0.845313 0.450000 0.846875 0.493750 0.871875 0.500000 0.870313 0.450000
6 0.100000 0.479167 0.112500 0.431250 0.089063 0.425000 0.085938 0.529167 0.112500 0.531250
7 0.099740 0.487153 0.120313 0.093750 0.106250 0.075000 0.093750 0.081250 0.078125 0.893750 0.090625 0.897917 0.109375 0.881250
7 0.478906 0.113889 0.078125 0.093750 0.078125 0.112500 0.100000 0.135417 0.862500 0.131250 0.876563 0.110417 0.878125 0.100000
7 0.860938 0.481944 0.839063 0.100000 0.856250 0.075000 0.860938 0.075000 0.881250 0.881250 0.871875 0.885417 0.856250 0.875000
7 0.482812 0.851736 0.876563 0.829167 0.896875 0.850000 0.898438 0.860417 0.065625 0.868750 0.062500 0.860417 0.096875 0.841667
