0 0.067857 0.052083 0.057813 0.054167 0.059375 0.062500 0.073438 0.068750 0.078125 0.060417 0.078125 0.043750 0.068750 0.037500 0.059375 0.037500
1 0.105469 0.067448 0.096875 0.060417 0.096875 0.068750 0.100000 0.081250 0.107813 0.081250 0.115625 0.075000 0.117188 0.062500 0.109375 0.054167 0.100000 0.056250
1 0.078795 0.108333 0.078125 0.125000 0.087500 0.122917 0.092188 0.106250 0.085938 0.093750 0.073438 0.093750 0.065625 0.104167 0.068750 0.112500
1 0.166741 0.236607 0.168750 0.218750 0.160938 0.225000 0.156250 0.235417 0.159375 0.247917 0.165625 0.250000 0.176563 0.247917 0.179688 0.231250
1 0.070536 0.344048 0.068750 0.331250 0.059375 0.337500 0.059375 0.347917 0.065625 0.362500 0.078125 0.356250 0.084375 0.341667 0.078125 0.331250
1 0.153571 0.556548 0.153125 0.541667 0.145313 0.547917 0.140625 0.560417 0.148438 0.568750 0.159375 0.568750 0.165625 0.560417 0.162500 0.547917
1 0.948177 0.850694 0.943750 0.837500 0.937500 0.843750 0.939063 0.856250 0.950000 0.866667 0.959375 0.856250 0.959375 0.843750
1 0.889509 0.905952 0.892188 0.893750 0.881250 0.893750 0.878125 0.900000 0.878125 0.916667 0.892188 0.925000 0.903125 0.912500 0.901563 0.900000
1 0.416964 0.322024 0.410938 0.310417 0.409375 0.318750 0.407813 0.329167 0.415625 0.335417 0.423438 0.331250 0.428125 0.318750 0.423438 0.310417
2 0.928125 0.493750 0.928125 0.462500 0.915625 0.468750 0.909375 0.481250 0.906250 0.491667 0.906250 0.510417 0.907813 0.522917 0.923438 0.525000 0.937500 0.522917 0.950000 0.510417 0.956250 0.491667 0.956250 0.475000 0.940625 0.462500
3 0.893555 0.111849 0.881250 0.129167 0.881250 0.185417 0.893750 0.187500 0.903125 0.179167 0.909375 0.129167 0.943750 0.131250 0.950000 0.122917 0.950000 0.100000 0.907813 0.093750 0.906250 0.037500 0.890625 0.037500 0.878125 0.050000 0.881250 0.091667 0.845313 0.093750 0.837500 0.097917 0.837500 0.122917
4 0.379125 0.300250 0.334375 0.337500 0.331250 0.362500 0.337500 0.372917 0.356250 0.375000 0.368750 0.372917 0.371875 0.350000 0.376563 0.343750 0.384375 0.343750 0.395313 0.362500 0.410938 0.375000 0.418750 0.375000 0.428125 0.368750 0.440625 0.262500 0.429688 0.250000 0.410938 0.247917 0.400000 0.262500 0.393750 0.254167 0.395313 0.231250 0.387500 0.212500 0.368750 0.210417 0.353125 0.206250 0.348438 0.212500 0.345313 0.237500 0.350000 0.254167 0.340625 0.325000
6 0.020313 0.457813 0.037500 0.400000 0.006250 0.393750 0.003125 0.518750 0.034375 0.518750
7 0.028125 0.481250 0.062500 0.000000 0.028125 0.000000 0.000000 0.968750 0.021875 0.956250
7 0.497396 0.022222 0.009375 0.000000 0.009375 0.010417 0.025000 0.037500 0.965625 0.050000 0.987500 0.022917 0.987500 0.012500
7 0.960938 0.489236 0.937500 0.010417 0.956250 0.000000 0.968750 0.000000 0.981250 0.981250 0.971875 0.981250 0.950000 0.962500
7 0.595625 0.934583 0.984375 0.925000 0.996875 0.941667 0.996875 0.954167 0.000000 0.941667 0.000000 0.910417
