0 0.581771 0.305208 0.579688 0.291667 0.575000 0.293750 0.573438 0.312500 0.581250 0.318750 0.590625 0.316667 0.590625 0.297917
1 0.281875 0.373333 0.287500 0.362500 0.278125 0.362500 0.271875 0.375000 0.281250 0.387500 0.290625 0.379167
1 0.189062 0.337847 0.196875 0.335417 0.193750 0.325000 0.184375 0.329167 0.179688 0.337500 0.185938 0.350000 0.193750 0.350000
1 0.110937 0.493333 0.112500 0.481250 0.103125 0.487500 0.104688 0.504167 0.112500 0.506250 0.121875 0.487500
1 0.266927 0.605903 0.275000 0.593750 0.267188 0.593750 0.256250 0.600000 0.259375 0.618750 0.268750 0.616667 0.275000 0.612500
1 0.120052 0.630903 0.128125 0.618750 0.118750 0.618750 0.109375 0.629167 0.112500 0.643750 0.120313 0.643750 0.131250 0.631250
1 0.128385 0.835764 0.131250 0.822917 0.121875 0.825000 0.118750 0.841667 0.125000 0.850000 0.134375 0.843750 0.139063 0.831250
1 0.434896 0.467708 0.431250 0.456250 0.426563 0.462500 0.429688 0.475000 0.434375 0.481250 0.443750 0.475000 0.443750 0.456250
1 0.310417 0.136111 0.306250 0.125000 0.301563 0.131250 0.304688 0.143750 0.312500 0.150000 0.318750 0.141667 0.318750 0.125000
2 0.140625 0.559028 0.139063 0.535417 0.129688 0.537500 0.123438 0.547917 0.121875 0.562500 0.131250 0.581250 0.150000 0.587500 0.159375 0.581250 0.160938 0.556250 0.150000 0.541667
3 0.434896 0.396007 0.428125 0.412500 0.437500 0.454167 0.453125 0.450000 0.446875 0.406250 0.478125 0.393750 0.478125 0.372917 0.442188 0.385417 0.431250 0.337500 0.418750 0.337500 0.423438 0.381250 0.390625 0.397917 0.390625 0.422917
4 0.660817 0.288462 0.662500 0.235417 0.650000 0.218750 0.628125 0.254167 0.637500 0.275000 0.612500 0.275000 0.603125 0.293750 0.662500 0.362500 0.675000 0.343750 0.673438 0.325000 0.696875 0.331250 0.720313 0.304167 0.693750 0.281250 0.675000 0.250000
5 0.859375 0.471354 0.845313 0.447917 0.870313 0.443750 0.871875 0.500000 0.850000 0.493750
6 0.100000 0.485417 0.112500 0.437500 0.089063 0.435417 0.089063 0.537500 0.109375 0.531250
7 0.100000 0.490278 0.096875 0.081250 0.104688 0.079167 0.121875 0.100000 0.107813 0.887500 0.090625 0.900000 0.078125 0.893750
7 0.479427 0.114931 0.081250 0.104167 0.078125 0.116667 0.100000 0.137500 0.854688 0.131250 0.881250 0.106250 0.881250 0.093750
7 0.859896 0.477778 0.839063 0.093750 0.854688 0.075000 0.862500 0.075000 0.881250 0.879167 0.871875 0.881250 0.850000 0.862500
7 0.480208 0.851736 0.865625 0.825000 0.898438 0.843750 0.898438 0.856250 0.062500 0.879167 0.062500 0.862500 0.093750 0.843750
