0 0.177812 0.026250 0.176563 0.012500 0.162500 0.018750 0.168750 0.041667 0.190625 0.035417 0.190625 0.022917
1 0.453750 0.058333 0.450000 0.041667 0.443750 0.056250 0.450000 0.075000 0.462500 0.068750 0.462500 0.050000
1 0.847188 0.559167 0.846875 0.547917 0.837500 0.560417 0.846875 0.575000 0.854688 0.562500 0.850000 0.550000
1 0.515625 0.534375 0.517188 0.525000 0.506250 0.531250 0.512500 0.543750 0.526563 0.537500
1 0.356250 0.479167 0.359375 0.468750 0.350000 0.479167 0.353125 0.487500 0.362500 0.481250
1 0.341406 0.566667 0.343750 0.560417 0.335938 0.562500 0.337500 0.575000 0.348438 0.568750
1 0.647500 0.725417 0.646875 0.712500 0.637500 0.725000 0.646875 0.741667 0.653125 0.731250 0.653125 0.716667
1 0.517813 0.165000 0.517188 0.150000 0.512500 0.162500 0.512500 0.175000 0.518750 0.175000 0.528125 0.162500
1 0.733594 0.271354 0.734375 0.262500 0.725000 0.268750 0.731250 0.281250 0.743750 0.272917
2 0.779911 0.493750 0.762500 0.479167 0.762500 0.493750 0.771875 0.510417 0.787500 0.518750 0.804688 0.500000 0.792188 0.481250 0.778125 0.472917
3 0.526823 0.462847 0.523438 0.393750 0.517188 0.454167 0.478125 0.437500 0.475000 0.468750 0.512500 0.475000 0.503125 0.518750 0.532813 0.525000 0.534375 0.481250 0.575000 0.491667 0.579688 0.456250 0.542188 0.454167 0.548438 0.397917
4 0.342434 0.526535 0.281250 0.529167 0.298438 0.543750 0.306250 0.541667 0.331250 0.556250 0.343750 0.547917 0.353125 0.556250 0.356250 0.566667 0.346875 0.581250 0.365625 0.587500 0.384375 0.572917 0.371875 0.550000 0.368750 0.518750 0.378125 0.491667 0.371875 0.462500 0.353125 0.454167 0.340625 0.472917 0.332813 0.487500 0.321875 0.497917 0.300000 0.485417
5 0.871094 0.416667 0.854688 0.387500 0.887500 0.393750 0.885938 0.443750 0.856250 0.441667
6 0.109766 0.375000 0.093750 0.312500 0.123438 0.312500 0.129688 0.437500 0.092188 0.437500
7 0.104297 0.390625 0.092188 0.000000 0.087500 0.781250 0.121875 0.775000 0.115625 0.006250
7 0.485938 0.769792 0.075000 0.725000 0.901563 0.781250 0.898438 0.812500 0.068750 0.760417
7 0.883984 0.418229 0.885938 0.000000 0.853125 0.831250 0.887500 0.841667 0.909375 0.000000
7 0.705859 0.009375 0.907813 0.000000 0.912500 0.031250 0.500000 0.006250 0.503125 0.000000
