1 0.183438 0.176667 0.181250 0.160417 0.170313 0.175000 0.178125 0.193750 0.193750 0.191667 0.193750 0.162500
1 0.148438 0.265833 0.143750 0.250000 0.139063 0.266667 0.143750 0.287500 0.159375 0.275000 0.156250 0.250000
2 0.153646 0.201389 0.128125 0.197917 0.139063 0.222917 0.162500 0.225000 0.178125 0.206250 0.168750 0.181250 0.145313 0.175000
1 0.240937 0.683333 0.239063 0.672917 0.231250 0.681250 0.234375 0.693750 0.250000 0.693750 0.250000 0.675000
1 0.253516 0.591667 0.250000 0.579167 0.242188 0.600000 0.259375 0.606250 0.262500 0.581250
1 0.350000 0.482812 0.353125 0.468750 0.340625 0.479167 0.346875 0.491667 0.359375 0.491667
1 0.337109 0.568750 0.335938 0.556250 0.331250 0.568750 0.335938 0.581250 0.345313 0.568750
1 0.512188 0.534583 0.512500 0.518750 0.503125 0.525000 0.503125 0.550000 0.517188 0.547917 0.525000 0.531250
1 0.441563 0.586250 0.439063 0.575000 0.431250 0.587500 0.437500 0.600000 0.450000 0.593750 0.450000 0.575000
3 0.523307 0.461806 0.518750 0.400000 0.515625 0.447917 0.475000 0.435417 0.473438 0.468750 0.506250 0.475000 0.501563 0.518750 0.532813 0.525000 0.534375 0.481250 0.568750 0.485417 0.575000 0.454167 0.534375 0.450000 0.543750 0.400000
4 0.337336 0.524342 0.275000 0.529167 0.293750 0.543750 0.304688 0.537500 0.304688 0.541667 0.328125 0.556250 0.337500 0.550000 0.353125 0.562500 0.345313 0.581250 0.359375 0.587500 0.384375 0.560417 0.368750 0.537500 0.362500 0.516667 0.376563 0.493750 0.378125 0.468750 0.353125 0.454167 0.332813 0.472917 0.332813 0.487500 0.321875 0.500000 0.296875 0.481250
5 0.877344 0.445312 0.898438 0.400000 0.862500 0.400000 0.854688 0.493750 0.893750 0.487500
6 0.121484 0.372396 0.107813 0.306250 0.139063 0.310417 0.139063 0.441667 0.100000 0.431250
7 0.112109 0.354687 0.115625 0.006250 0.081250 0.700000 0.104688 0.693750 0.146875 0.018750
0 0.167969 0.027604 0.162500 0.012500 0.156250 0.031250 0.171875 0.037500 0.181250 0.029167
7 0.546484 0.794792 0.203125 0.737500 0.201563 0.772917 0.887500 0.856250 0.893750 0.812500
7 0.889844 0.443750 0.909375 0.018750 0.843750 0.868750 0.875000 0.875000 0.931250 0.012500
7 0.621094 0.034375 0.929688 0.029167 0.929688 0.079167 0.296875 0.029167 0.328125 0.000000
