7 0.483333 0.854861 0.065625 0.862500 0.109375 0.847917 0.865625 0.829167 0.896875 0.847917 0.900000 0.860417 0.062500 0.881250
7 0.100781 0.492708 0.096875 0.079167 0.081250 0.900000 0.092188 0.904167 0.107813 0.893750 0.121875 0.100000 0.104688 0.079167
7 0.477604 0.114931 0.078125 0.100000 0.078125 0.116667 0.096875 0.137500 0.850000 0.131250 0.881250 0.106250 0.881250 0.097917
7 0.859115 0.478472 0.835938 0.104167 0.856250 0.072917 0.862500 0.075000 0.881250 0.881250 0.871875 0.881250 0.846875 0.856250
1 0.124375 0.501250 0.125000 0.491667 0.112500 0.493750 0.117188 0.510417 0.129688 0.510417 0.137500 0.500000
1 0.237240 0.622222 0.240625 0.610417 0.231250 0.612500 0.225000 0.625000 0.234375 0.635417 0.243750 0.631250 0.248438 0.618750
1 0.243750 0.760417 0.246875 0.750000 0.237500 0.750000 0.234375 0.762500 0.239063 0.775000 0.250000 0.768750 0.254688 0.756250
1 0.127865 0.833681 0.134375 0.822917 0.121875 0.825000 0.118750 0.837500 0.121875 0.843750 0.131250 0.841667 0.139063 0.831250
1 0.425521 0.442014 0.425000 0.431250 0.415625 0.437500 0.415625 0.450000 0.428125 0.454167 0.434375 0.443750 0.434375 0.435417
1 0.846562 0.666667 0.850000 0.656250 0.840625 0.656250 0.839063 0.668750 0.846875 0.679167 0.856250 0.672917
1 0.839063 0.755417 0.839063 0.743750 0.831250 0.747917 0.829688 0.760417 0.840625 0.768750 0.854688 0.756250
1 0.310625 0.136250 0.306250 0.122917 0.301563 0.135417 0.309375 0.150000 0.317188 0.143750 0.318750 0.129167
0 0.831875 0.583333 0.831250 0.568750 0.823438 0.579167 0.825000 0.593750 0.834375 0.593750 0.845313 0.581250
3 0.495759 0.480506 0.481250 0.418750 0.496875 0.418750 0.503125 0.466667 0.531250 0.460417 0.540625 0.462500 0.540625 0.481250 0.503125 0.487500 0.509375 0.531250 0.493750 0.537500 0.484375 0.531250 0.481250 0.493750 0.446875 0.493750 0.446875 0.475000 0.481250 0.468750
4 0.729167 0.492361 0.715625 0.437500 0.706250 0.462500 0.710938 0.556250 0.740625 0.560417 0.751563 0.500000 0.750000 0.437500
5 0.858594 0.469271 0.843750 0.443750 0.871875 0.441667 0.871875 0.497917 0.846875 0.493750
6 0.102344 0.482812 0.115625 0.437500 0.092188 0.431250 0.089063 0.531250 0.112500 0.531250
